1002945 5 4 4 5 7 10 3 2 1 2
1016277 6 8 8 1 3 4 3 7 1 2
1018561 2 1 2 1 2 1 3 1 1 2
1033078 2 1 1 1 2 1 1 1 5 2
1047630 7 4 6 4 6 1 4 3 1 4
1050718 6 1 1 1 2 1 3 1 1 2
1056784 3 1 1 1 2 1 2 1 1 2
1066373 3 2 1 1 1 1 2 1 1 2
1070935 1 1 3 1 2 1 1 1 1 2
1081791 6 2 1 1 1 1 7 1 1 2
1084584 5 4 4 9 2 10 5 6 1 4
1108449 5 3 3 4 2 4 3 4 1 4
1110524 10 5 5 6 8 8 7 1 1 4
1111249 10 6 6 3 4 5 3 6 1 4
1115293 1 1 1 1 2 2 2 1 1 2
1116132 6 3 4 1 5 2 3 9 1 4
1116998 10 4 2 1 3 2 4 3 10 4
1120559 8 3 8 3 4 9 8 9 8 4
1121732 1 1 1 1 2 1 3 2 1 2
1121919 5 1 3 1 2 1 2 1 1 2
1124651 1 3 3 2 2 1 7 2 1 2
1133041 5 3 1 2 2 1 2 1 1 2
1137156 2 2 2 1 1 1 7 1 1 2
1148278 3 3 6 4 5 8 4 4 1 4
1155546 2 1 1 2 3 1 2 1 1 2
1156272 1 1 1 1 2 1 3 1 1 2
1164066 1 1 1 1 2 1 3 1 1 2
1167471 4 1 2 1 2 1 3 1 1 2
1169049 7 3 4 4 3 3 3 2 7 4
1170420 1 6 8 10 8 10 5 7 1 4
1173347 1 1 1 1 2 5 1 1 1 2
1173514 1 1 1 1 4 3 1 1 1 2
1176406 1 1 1 1 2 1 2 1 1 2
1176881 7 5 3 7 4 10 7 5 5 4
1177399 8 3 5 4 5 10 1 6 2 4
1180523 3 1 1 1 2 1 2 2 1 2
1180831 3 1 1 1 3 1 2 1 1 2
1181356 5 1 1 1 2 2 3 3 1 2
1183240 4 1 2 1 2 1 2 1 1 2
1183983 9 5 5 4 4 5 4 3 3 4
1184184 1 1 1 1 2 5 1 1 1 2
1184241 2 1 1 1 2 1 2 1 1 2
1184840 1 1 3 1 2 ? 2 1 1 2
1187457 3 1 1 3 8 1 5 8 1 2
1188472 1 1 1 1 1 1 3 1 1 2
1196915 10 7 7 4 5 10 5 7 2 4
1197270 3 1 1 1 2 1 3 1 1 2
1197510 5 1 1 1 2 ? 3 1 1 2
1198128 10 8 10 10 6 1 3 1 10 4
1200892 8 6 5 4 3 10 6 1 1 4
1202125 4 1 1 1 2 1 3 1 1 2
1202812 5 3 3 3 6 10 3 1 1 4
1204898 6 1 1 1 2 1 3 1 1 2
1207986 5 8 4 10 5 8 9 10 1 4
1214092 1 1 1 1 2 1 1 1 1 2
1214966 9 7 7 5 5 10 7 8 3 4
1217051 5 1 1 1 2 1 3 1 1 2
1222936 8 7 8 7 5 5 5 10 2 4
1223282 1 1 1 1 2 1 2 1 1 2
1224329 1 1 1 2 2 1 3 1 1 2
1225799 10 6 4 3 10 10 9 10 1 4
1226612 7 5 6 3 3 8 7 4 1 4
1227244 1 1 1 1 2 1 2 1 1 2
1232225 10 4 5 5 5 10 4 1 1 4
1236043 3 3 2 1 3 1 3 6 1 2
1270479 5 1 3 3 2 2 2 3 1 2
1277018 2 1 1 1 2 1 3 1 1 2
169356 3 1 1 1 2 ? 3 1 1 2
303213 10 4 4 10 6 10 5 5 1 4
411453 5 1 1 1 2 1 3 1 1 2
431495 3 1 1 1 2 1 3 2 1 2
476903 10 5 7 3 3 7 3 3 8 4
486283 3 1 1 1 2 1 3 1 1 2
508234 7 4 5 10 2 10 3 8 2 4
529329 10 10 10 10 10 10 4 10 10 4
560680 1 1 1 1 2 1 1 1 1 2
625201 8 2 1 1 5 1 1 1 1 2
635844 8 4 10 5 4 4 7 10 1 4
636130 1 1 1 1 2 1 3 1 1 2
640744 10 10 10 7 9 10 7 10 10 4
666090 1 1 1 1 2 1 3 1 1 2
666942 1 1 1 1 2 1 3 1 1 2
691628 8 6 4 10 10 1 3 5 1 4
706426 5 5 5 2 5 10 4 3 1 4
718641 1 1 1 1 5 1 3 1 1 2
721482 4 4 4 4 6 5 7 3 1 2
740492 1 1 1 1 2 1 3 1 1 2
743348 3 2 2 1 2 1 2 3 1 2
756136 1 1 1 1 2 1 2 1 1 2
770066 5 2 2 2 2 1 2 2 1 2
809912 10 3 3 1 2 10 7 6 1 4
830690 5 2 2 2 3 1 1 3 1 2
846832 3 4 5 3 7 3 4 6 1 2
850831 2 7 10 10 7 10 4 9 4 4
855524 1 1 1 1 2 1 2 1 1 2
857774 4 1 1 1 3 1 2 2 1 2
859164 5 3 3 1 3 3 3 3 3 4
866325 8 10 5 3 8 4 4 10 3 4
873549 10 3 5 4 3 7 3 5 3 4
877291 6 10 10 10 10 10 8 10 10 4
877943 3 10 3 10 6 10 5 1 4 4
342245 1 1 3 1 2 1 1 1 1 2
493452 1 1 3 1 2 1 1 1 1 2
560680 3 1 2 1 2 1 2 1 1 2
654244 1 1 1 1 1 1 2 1 1 2
685977 5 3 4 1 4 1 3 1 1 2
1002504 3 2 2 2 2 1 3 2 1 2
1114570 5 3 3 2 3 1 3 1 1 2
1158247 1 1 1 1 1 1 1 1 1 2
1158405 1 2 3 1 2 1 2 1 1 2
1231853 4 2 2 1 2 1 2 1 1 2
1234554 1 1 1 1 2 1 2 1 1 2
1236837 2 3 2 2 2 2 3 1 1 2
1238021 1 1 1 1 2 1 2 1 1 2
1238633 10 10 10 6 8 4 8 5 1 4
1239347 8 7 8 5 10 10 7 2 1 4
1255384 3 2 2 3 2 3 3 1 1 2
1257648 4 3 3 1 2 1 3 3 1 2
1276091 1 3 1 1 2 1 2 2 1 2
1293439 3 2 2 3 2 1 1 1 1 2
1294562 10 8 10 1 3 10 5 1 1 4
566509 5 1 1 1 2 1 1 1 1 2
1201870 4 1 1 3 1 1 2 1 1 2
1267898 5 1 3 1 2 1 1 1 1 2
1268313 5 1 1 3 2 1 1 1 1 2
1268804 3 1 1 1 2 5 1 1 1 2
1299596 6 6 6 5 4 10 7 6 2 4
1296263 4 1 1 1 2 1 1 1 1 2
1076352 3 6 4 10 3 3 3 4 1 4
1119189 5 8 9 4 3 10 7 1 1 4
1142706 5 10 10 10 6 10 6 5 2 4
1170945 3 1 1 1 1 1 2 1 1 2
1181567 1 1 1 1 1 1 1 1 1 2
1217952 4 1 1 1 2 1 2 1 1 2
1268766 1 1 1 1 2 1 1 1 1 2
1295508 1 1 1 1 2 4 1 1 1 2
1304595 3 1 1 1 1 1 2 1 1 2
1306282 6 6 7 10 3 10 8 10 2 4
672113 7 5 6 10 4 10 5 3 1 4
769612 3 1 1 2 2 1 1 1 1 2
769612 4 1 1 1 2 1 1 1 1 2
798429 4 1 1 1 2 1 3 1 1 2
837480 7 4 4 3 4 10 6 9 1 4
869828 1 1 1 1 1 1 3 1 1 2
1116192 5 1 2 1 2 1 3 1 1 2
1145420 6 1 1 1 2 1 2 1 1 2
1186936 2 1 3 2 2 1 2 1 1 2
1197527 5 1 1 1 2 1 2 1 1 2
1287971 3 1 1 1 2 1 2 1 1 2
1321321 5 1 1 3 2 1 1 1 1 2
1321942 5 1 1 1 2 1 3 1 1 2
1321942 5 1 1 1 2 1 3 1 1 2
1328331 1 1 1 1 2 1 3 1 1 2
1328755 3 1 1 1 2 1 2 1 1 2
1331412 5 7 10 10 5 10 10 10 1 4
1343374 10 10 8 10 6 5 10 3 1 4
385103 5 1 2 1 2 1 3 1 1 2
695219 1 1 1 1 2 1 2 1 1 2
871549 5 1 2 1 2 1 2 1 1 2
1217717 5 1 1 6 3 1 1 1 1 2
1239420 1 1 1 1 2 1 1 1 1 2
1295529 2 5 7 6 4 10 7 6 1 4
1320141 5 1 1 1 2 1 2 1 1 2
1334659 5 2 4 1 1 1 1 1 1 2
352431 10 5 10 3 5 8 7 8 3 4
557583 5 10 10 10 10 10 10 1 1 4
803531 5 10 10 10 5 2 8 5 1 4
1042252 3 1 1 1 2 1 2 1 1 2
1096352 6 3 3 3 3 2 6 1 1 2
1140597 7 1 2 3 2 1 2 1 1 2
1235807 5 1 1 1 2 1 2 1 1 2
1260659 3 1 4 1 2 1 1 1 1 2
1285722 4 1 1 3 2 1 1 1 1 2
1294413 1 1 1 1 2 1 1 1 1 2
1299596 2 1 1 1 2 1 1 1 1 2
1303489 3 1 1 1 2 1 2 1 1 2
1311108 1 1 1 3 2 1 1 1 1 2
1315807 5 10 10 10 10 2 10 10 10 4
1324681 4 1 1 1 2 1 2 1 1 2
1326892 3 1 1 1 2 1 2 1 1 2
1333877 5 4 5 1 8 1 3 6 1 2
1339781 4 1 1 1 2 1 3 1 1 2
1345593 3 1 1 3 2 1 2 1 1 2
1347749 1 1 1 1 2 1 1 1 1 2
1350319 5 7 4 1 6 1 7 10 3 4
1350423 5 10 10 8 5 5 7 10 1 4
1352848 3 10 7 8 5 8 7 4 1 4
1353092 3 2 1 2 2 1 3 1 1 2
1354840 2 1 1 1 2 1 3 1 1 2
1355260 1 1 1 1 2 1 2 1 1 2
1371026 5 10 10 10 4 10 5 6 3 4
466906 1 1 1 1 2 1 1 1 1 2
566346 3 1 1 1 2 1 2 3 1 2
654546 1 1 1 1 2 1 1 1 8 2
654546 1 1 1 3 2 1 1 1 1 2
714039 3 1 1 1 2 1 1 1 1 2
776715 3 1 1 1 3 2 1 1 1 2
897471 4 8 6 4 3 4 10 6 1 4
897471 4 8 8 5 4 5 10 4 1 4
