1000025 5 1 1 1 2 1 3 1 1 2
1017023 4 1 1 3 2 1 3 1 1 2
1033078 2 1 1 1 2 1 1 1 5 2
1035283 1 1 1 1 1 1 3 1 1 2
1041801 5 3 3 3 2 3 4 4 1 4
1054590 7 3 2 10 5 10 5 4 4 4
1065726 5 2 3 4 2 7 3 6 1 4
1075123 3 1 2 1 2 1 2 1 1 2
1084584 5 4 4 9 2 10 5 6 1 4
1102573 5 6 5 6 10 1 3 1 1 4
1103608 10 10 10 4 8 1 8 10 1 4
1103722 1 1 1 1 2 1 2 1 2 2
1105257 3 7 7 4 4 9 4 8 1 4
1106095 4 1 1 3 2 1 3 1 1 2
1106829 7 8 7 2 4 8 3 8 2 4
1108370 9 5 8 1 2 3 2 1 5 4
1110503 5 5 5 8 10 8 7 3 7 4
1111249 10 6 6 3 4 5 3 6 1 4
1113906 9 5 5 2 2 2 5 1 1 4
1116116 9 10 10 1 10 8 3 3 1 4
1116132 6 3 4 1 5 2 3 9 1 4
1116998 10 4 2 1 3 2 4 3 10 4
1117152 4 1 1 1 2 1 3 1 1 2
1118039 5 3 4 1 8 10 4 9 1 4
1121919 5 1 3 1 2 1 2 1 1 2
1131294 1 1 2 1 2 2 4 2 1 2
1136142 2 1 1 1 3 1 2 1 1 2
1143978 4 1 1 2 2 1 2 1 1 2
1148278 3 3 6 4 5 8 4 4 1 4
1148873 3 6 6 6 5 10 6 8 3 4
1156948 3 1 1 2 2 1 1 1 1 2
1157734 4 1 1 1 2 1 3 1 1 2
1160476 2 1 1 1 2 1 3 1 1 2
1165926 9 6 9 2 10 6 2 9 10 4
1166654 10 3 5 1 10 5 3 10 2 4
1168359 8 2 3 1 6 3 7 1 1 4
1169049 7 3 4 4 3 3 3 2 7 4
1171710 6 5 4 4 3 9 7 8 3 4
1173216 10 10 10 3 10 8 8 1 1 4
1173347 1 1 1 1 2 5 1 1 1 2
1173509 4 5 5 10 4 10 7 5 8 4
1174057 1 1 2 2 2 1 3 1 1 2
1174057 4 2 1 1 2 2 3 1 1 2
1174131 10 10 10 2 10 10 5 3 3 4
1176881 7 5 3 7 4 10 7 5 5 4
1179818 2 1 1 1 2 1 3 1 1 2
1180194 5 10 8 10 8 10 3 6 3 4
1180523 3 1 1 1 2 1 2 2 1 2
1182410 3 1 1 1 2 1 1 1 1 2
1183516 3 1 1 1 2 1 1 1 1 2
1183911 2 1 1 1 2 1 1 1 1 2
1184184 1 1 1 1 2 5 1 1 1 2
1184241 2 1 1 1 2 1 2 1 1 2
1187457 3 1 1 3 8 1 5 8 1 2
1197979 4 1 1 1 2 2 3 2 1 2
1197993 5 6 7 8 8 10 3 10 3 4
1198128 10 8 10 10 6 1 3 1 10 4
1199219 1 1 1 2 1 1 1 1 1 2
1199983 1 1 1 1 2 1 3 1 1 2
1201936 5 10 10 3 8 1 5 10 3 4
1205579 8 7 6 4 4 10 5 1 1 4
1206089 2 1 1 1 1 1 3 1 1 2
1211202 7 5 10 10 10 10 4 10 3 4
1214556 3 1 1 1 2 1 2 1 1 2
1214966 9 7 7 5 5 10 7 8 3 4
1216947 1 1 1 1 2 1 3 1 1 2
1217051 5 1 1 1 2 1 3 1 1 2
1219525 8 10 10 10 5 10 8 10 6 4
1223426 1 1 1 1 2 1 3 1 1 2
1276091 3 1 1 3 1 1 3 1 1 2
1285531 1 1 1 1 2 1 3 1 1 2
167528 4 1 1 1 2 1 3 6 1 2
1017023 6 3 3 5 3 10 3 5 3 2
263538 5 10 10 6 10 10 10 6 5 4
314428 7 9 4 10 10 3 5 3 3 4
1198641 10 10 6 3 3 10 4 3 2 4
385103 1 1 1 1 2 1 3 1 1 2
411453 5 1 1 1 2 1 3 1 1 2
428903 7 2 4 1 3 4 3 3 1 4
456282 1 1 1 1 2 1 3 1 1 2
486283 3 1 1 1 2 1 3 1 1 2
486662 2 1 1 2 2 1 3 1 1 2
529329 10 10 10 10 10 10 4 10 10 4
560680 1 1 1 1 2 1 1 1 1 2
606140 1 1 1 1 2 ? 2 1 1 2
616240 5 3 4 3 4 5 4 7 1 2
61634 5 4 3 1 2 ? 2 3 1 2
640744 10 10 10 7 9 10 7 10 10 4
646904 1 1 1 1 2 1 3 1 1 2
653777 8 3 4 9 3 10 3 3 1 4
684955 2 1 1 1 3 1 2 1 1 2
693702 1 1 1 1 2 1 1 1 1 2
709287 6 8 7 8 6 8 8 9 1 4
721482 4 4 4 4 6 5 7 3 1 2
730881 7 6 3 2 5 10 7 4 6 4
733639 3 1 1 1 2 ? 3 1 1 2
752904 10 1 1 1 2 10 5 4 1 4
760001 8 10 3 2 6 4 3 10 1 4
76389 10 4 7 2 2 8 6 1 1 4
810104 1 1 1 1 2 1 3 1 1 2
826923 1 1 1 1 2 1 1 1 1 2
832567 4 2 3 5 3 8 7 6 1 4
836433 5 1 1 3 2 1 1 1 1 2
859350 8 10 10 7 10 10 7 3 8 4
866325 8 10 5 3 8 4 4 10 3 4
877291 6 10 10 10 10 10 8 10 10 4
160296 5 8 8 10 5 10 8 10 3 4
342245 1 1 3 1 2 1 1 1 1 2
521441 5 1 1 2 2 1 2 1 1 2
560680 3 1 2 1 2 1 2 1 1 2
685977 5 3 4 1 4 1 3 1 1 2
1026122 2 1 1 1 2 1 1 1 1 2
1080233 7 6 6 3 2 10 7 1 1 4
1156017 3 1 1 1 2 1 2 1 1 2
1176187 3 1 1 1 2 1 3 1 1 2
1206314 1 2 3 1 2 1 1 1 1 2
1211265 3 10 8 7 6 9 9 3 8 4
1223543 1 2 1 3 2 1 1 2 1 2
1231853 4 2 2 1 2 1 2 1 1 2
1237674 3 1 2 1 2 1 2 1 1 2
1238021 1 1 1 1 2 1 2 1 1 2
1238464 1 1 1 1 1 ? 2 1 1 2
1238948 8 5 6 2 3 10 6 6 1 4
1239967 1 1 1 1 2 1 2 1 1 2
1253505 2 3 1 1 5 1 1 1 1 2
1257938 3 1 1 1 2 1 1 1 1 2
1276091 2 1 1 1 2 1 2 1 1 2
1276091 1 3 1 1 2 1 2 2 1 2
1277629 5 1 1 1 2 1 2 2 1 2
1293439 3 2 2 3 2 1 1 1 1 2
1293439 6 9 7 5 5 8 4 2 1 2
558538 4 1 3 3 2 1 1 1 1 2
608157 10 4 3 10 4 10 10 1 1 4
677910 5 2 2 4 2 4 1 1 1 2
734111 1 1 1 3 2 3 1 1 1 2
734111 1 1 1 1 2 2 1 1 1 2
1182404 1 1 1 1 1 1 1 1 1 2
1202253 5 1 1 1 2 1 1 1 1 2
1230994 4 5 5 8 6 10 10 7 1 4
1238410 2 3 1 1 3 1 1 1 1 2
1257470 10 6 5 8 5 10 8 6 1 4
1266124 5 1 2 1 2 1 1 1 1 2
1268313 5 1 1 3 2 1 1 1 1 2
1268804 3 1 1 1 2 5 1 1 1 2
1276091 6 1 1 3 2 1 1 1 1 2
1280258 4 1 1 1 2 1 1 2 1 2
1293966 4 1 1 1 2 1 1 1 1 2
1287282 3 1 1 1 2 1 1 1 1 2
1073960 10 10 10 10 6 10 8 1 5 4
1181567 1 1 1 1 1 1 1 1 1 2
1217952 4 1 1 1 2 1 2 1 1 2
1286943 8 10 10 10 7 5 4 8 7 4
1295508 1 1 1 1 2 4 1 1 1 2
1297327 5 1 1 1 2 1 1 1 1 2
1297522 2 1 1 1 2 1 1 1 1 2
672113 7 5 6 10 4 10 5 3 1 4
769612 4 1 1 1 2 1 1 1 1 2
869828 1 1 1 1 1 1 3 1 1 2
1056171 2 1 1 1 2 1 2 1 1 2
1061990 1 1 3 2 2 1 3 1 1 2
1113061 5 1 1 1 2 1 3 1 1 2
1289391 1 1 1 1 2 1 3 1 1 2
1321942 5 1 1 1 2 1 3 1 1 2
1328331 1 1 1 1 2 1 3 1 1 2
1343374 10 10 8 10 6 5 10 3 1 4
324382 1 1 1 1 2 1 2 1 1 2
1115762 3 1 1 1 2 1 1 1 1 2
1239420 1 1 1 1 2 1 1 1 1 2
1261751 5 1 1 1 2 1 2 2 1 2
1268275 9 8 8 9 6 3 4 1 1 4
1272166 5 1 1 1 2 1 1 1 1 2
1295529 2 5 7 6 4 10 7 6 1 4
1333495 3 1 1 1 2 1 2 1 1 2
1350568 4 1 1 1 2 1 2 1 1 2
557583 5 10 10 10 10 10 10 1 1 4
1016634 2 3 1 1 2 1 2 1 1 2
1042252 3 1 1 1 2 1 2 1 1 2
1061990 4 1 1 1 2 1 2 1 1 2
1073836 5 1 1 1 2 1 2 1 1 2
1140597 7 1 2 3 2 1 2 1 1 2
1149548 1 1 1 1 2 1 1 1 1 2
1174009 5 1 1 2 1 1 2 1 1 2
1183596 3 1 3 1 3 4 1 1 1 2
1213273 2 1 1 1 2 1 1 1 1 2
1225382 6 2 3 1 2 1 1 1 1 2
1277792 4 1 1 1 2 1 1 1 1 2
1285722 4 1 1 3 2 1 1 1 1 2
1290203 3 1 1 1 2 1 2 1 1 2
1294413 1 1 1 1 2 1 1 1 1 2
1315807 5 10 10 10 10 2 10 10 10 4
1319609 3 1 1 2 3 4 1 1 1 2
1323477 1 2 1 3 2 1 2 1 1 2
1324572 5 1 1 1 2 1 2 2 1 2
1325159 3 1 1 1 2 1 3 1 1 2
1334667 1 1 1 1 2 1 1 1 1 2
13454352 1 1 3 1 2 1 2 1 1 2
1345452 1 1 3 1 2 1 2 1 1 2
1345593 3 1 1 3 2 1 2 1 1 2
1347749 1 1 1 1 2 1 1 1 1 2
1350319 5 7 4 1 6 1 7 10 3 4
1355260 1 1 1 1 2 1 2 1 1 2
534555 1 1 1 1 2 1 1 1 1 2
536708 1 1 1 1 2 1 1 1 1 2
714039 3 1 1 1 2 1 1 1 1 2
763235 3 1 1 1 2 1 2 1 2 2
776715 3 1 1 1 3 2 1 1 1 2
