1033078 2 1 1 1 2 1 1 1 5 2
1044572 8 7 5 10 7 9 5 5 4 4
1066373 3 2 1 1 1 1 2 1 1 2
1066979 5 1 1 1 2 1 2 1 1 2
1074610 2 1 1 2 2 1 3 1 1 2
1079304 2 1 1 1 2 1 2 1 1 2
1103722 1 1 1 1 2 1 2 1 2 2
1106095 4 1 1 3 2 1 3 1 1 2
1108449 5 3 3 4 2 4 3 4 1 4
1110503 5 5 5 8 10 8 7 3 7 4
1116998 10 4 2 1 3 2 4 3 10 4
1117152 4 1 1 1 2 1 3 1 1 2
1121919 5 1 3 1 2 1 2 1 1 2
1125035 9 4 5 10 6 10 4 8 1 4
1131294 1 1 2 1 2 2 4 2 1 2
1137156 2 2 2 1 1 1 7 1 1 2
1147044 3 1 1 1 2 2 7 1 1 2
1147699 3 5 7 8 8 9 7 10 7 4
1156948 3 1 1 2 2 1 1 1 1 2
1158247 1 1 1 1 2 1 2 1 1 2
1165297 2 1 1 2 2 1 1 1 1 2
1166654 10 3 5 1 10 5 3 10 2 4
1170419 10 10 10 8 2 10 4 1 1 4
1171845 8 6 4 3 5 9 3 1 1 4
1173216 10 10 10 3 10 8 8 1 1 4
1173514 1 1 1 1 4 3 1 1 1 2
1177512 1 1 1 1 10 1 1 1 1 2
1180831 3 1 1 1 3 1 2 1 1 2
1183911 2 1 1 1 2 1 1 1 1 2
1185610 1 1 1 1 3 2 2 1 1 2
1187457 3 1 1 3 8 1 5 8 1 2
1187805 8 8 7 4 10 10 7 8 7 4
1188472 1 1 1 1 1 1 3 1 1 2
1189266 7 2 4 1 6 10 5 4 3 4
1190394 4 1 1 1 2 3 1 1 1 2
1192325 5 5 5 6 3 10 3 1 1 4
1193683 1 1 2 1 3 ? 1 1 1 2
1196915 10 7 7 4 5 10 5 7 2 4
1197270 3 1 1 1 2 1 3 1 1 2
1197440 1 1 1 2 1 3 1 1 7 2
1197979 4 1 1 1 2 2 3 2 1 2
1198641 3 1 1 1 2 1 3 1 1 2
1199219 1 1 1 2 1 1 1 1 1 2
1200892 8 6 5 4 3 10 6 1 1 4
1202812 5 3 3 3 6 10 3 1 1 4
1204242 1 1 1 1 2 1 1 1 1 2
1206695 1 5 8 6 5 8 7 10 1 4
1206841 10 5 6 10 6 10 7 7 10 4
1212422 4 1 1 1 2 1 3 1 1 2
1216694 10 8 8 4 10 10 8 1 1 4
1217264 1 1 1 1 2 1 3 1 1 2
1219406 5 1 1 1 1 1 3 1 1 2
1220330 1 1 1 1 2 1 3 1 1 2
1222047 10 10 10 10 3 10 10 6 1 4
1224329 1 1 1 2 2 1 3 1 1 2
1230175 10 10 10 3 10 10 9 10 1 4
1232225 10 4 5 5 5 10 4 1 1 4
1241559 10 8 8 2 8 10 4 8 10 4
1243256 10 4 3 2 3 10 5 3 2 4
1285531 1 1 1 1 2 1 3 1 1 2
1287775 5 1 1 2 2 2 3 1 1 2
169356 3 1 1 1 2 ? 3 1 1 2
191250 10 4 4 10 2 10 5 3 3 4
1182404 3 1 1 1 2 1 1 1 1 2
1198641 3 1 1 1 2 1 3 1 1 2
274137 8 8 9 4 5 10 7 8 1 4
303213 10 4 4 10 6 10 5 5 1 4
1198641 10 10 6 3 3 10 4 3 2 4
324427 10 8 8 2 3 4 8 7 8 4
390840 8 4 7 1 3 10 3 9 2 4
411453 5 1 1 1 2 1 3 1 1 2
432809 3 1 3 1 2 ? 2 1 1 2
486283 3 1 1 1 2 1 3 1 1 2
508234 7 4 5 10 2 10 3 8 2 4
527363 8 10 10 10 8 10 10 7 3 4
529329 10 10 10 10 10 10 4 10 10 4
543558 6 1 3 1 4 5 5 10 1 4
561477 1 1 1 1 2 1 3 1 1 2
563649 8 8 8 1 2 ? 6 10 1 4
601265 10 4 4 6 2 10 2 3 1 4
635844 8 4 10 5 4 4 7 10 1 4
636130 1 1 1 1 2 1 3 1 1 2
640744 10 10 10 7 9 10 7 10 10 4
667204 7 8 7 6 4 3 8 8 4 4
688033 1 1 1 1 2 1 1 1 1 2
691628 8 6 4 10 10 1 3 5 1 4
733639 3 1 1 1 2 ? 3 1 1 2
76389 10 4 7 2 2 8 6 1 1 4
792744 1 1 1 1 2 1 1 1 1 2
809912 10 3 3 1 2 10 7 6 1 4
822829 7 6 4 8 10 10 9 5 3 4
830690 5 2 2 2 3 1 1 3 1 2
831268 1 1 1 1 1 1 1 3 1 2
832567 4 2 3 5 3 8 7 6 1 4
837082 2 1 1 1 2 1 3 1 1 2
859350 8 10 10 7 10 10 7 3 8 4
877291 6 10 10 10 10 10 8 10 10 4
888169 3 2 2 1 4 3 2 1 1 2
888523 4 4 4 2 2 3 2 1 1 2
896404 2 1 1 1 2 1 3 1 1 2
342245 1 1 3 1 2 1 1 1 1 2
493452 1 1 3 1 2 1 1 1 1 2
521441 5 1 1 2 2 1 2 1 1 2
805448 1 1 1 1 2 1 1 1 1 2
1022257 2 1 1 1 2 1 1 1 1 2
1116715 5 1 1 1 3 2 2 2 1 2
1156017 3 1 1 1 2 1 2 1 1 2
1158405 1 2 3 1 2 1 2 1 1 2
1196263 4 1 1 1 2 1 1 1 1 2
1211265 3 10 8 7 6 9 9 3 8 4
1213784 3 1 1 1 2 1 1 1 1 2
1223306 3 1 1 1 2 4 1 1 1 2
1223543 1 2 1 3 2 1 1 2 1 2
1231853 4 2 2 1 2 1 2 1 1 2
1239967 1 1 1 1 2 1 2 1 1 2
1240337 5 2 2 2 2 2 3 2 2 2
1257648 4 3 3 1 2 1 3 3 1 2
1257815 5 1 3 1 2 1 2 1 1 2
1257938 3 1 1 1 2 1 1 1 1 2
1258549 9 10 10 10 10 10 10 10 1 4
1266154 8 7 8 2 4 2 5 10 1 4
1276091 2 1 1 1 2 1 2 1 1 2
1294562 10 8 10 1 3 10 5 1 1 4
734111 1 1 1 3 2 3 1 1 1 2
734111 1 1 1 1 2 2 1 1 1 2
780555 5 1 1 6 3 1 2 1 1 2
827627 2 1 1 1 2 1 1 1 1 2
1049837 1 1 1 1 2 1 1 1 1 2
1058849 5 1 1 1 2 1 1 1 1 2
1230994 4 5 5 8 6 10 10 7 1 4
1246562 10 2 2 1 2 6 1 1 2 4
1259008 8 8 9 6 6 3 10 10 1 4
1266124 5 1 2 1 2 1 1 1 1 2
1276091 6 1 1 3 2 1 1 1 1 2
1296572 10 9 8 7 6 4 7 10 3 4
1298416 10 6 6 2 4 10 9 7 1 4
1299596 6 6 6 5 4 10 7 6 2 4
1181685 1 1 2 1 2 1 2 1 1 2
1269574 4 1 1 1 2 1 1 1 1 2
1277145 5 1 1 1 2 1 1 1 1 2
1296025 4 1 2 1 2 1 1 1 1 2
1296263 4 1 1 1 2 1 1 1 1 2
1301945 5 1 1 1 1 1 1 1 1 2
787451 5 1 2 1 2 1 1 1 1 2
1155967 5 1 2 10 4 5 2 1 1 2
1181567 1 1 1 1 1 1 1 1 1 2
1204558 4 1 1 1 2 1 2 1 1 2
1224565 6 1 1 1 2 1 3 1 1 2
1253917 4 1 1 2 2 1 2 1 1 2
1268766 1 1 1 1 2 1 1 1 1 2
1286943 8 10 10 10 7 5 4 8 7 4
1297522 2 1 1 1 2 1 1 1 1 2
1299994 5 1 1 1 2 1 1 1 1 2
1304595 3 1 1 1 1 1 2 1 1 2
1306282 6 6 7 10 3 10 8 10 2 4
1320077 1 1 1 1 1 1 2 1 1 2
1330439 4 7 8 3 4 10 9 1 1 4
333093 1 1 1 1 3 1 1 1 1 2
807657 6 1 3 2 2 1 1 1 1 2
8233704 4 1 1 1 1 1 2 1 1 2
837480 7 4 4 3 4 10 6 9 1 4
1116192 5 1 2 1 2 1 3 1 1 2
1313658 3 1 1 1 2 1 1 1 1 2
1321348 2 1 1 1 2 1 2 1 1 2
1321942 5 1 1 1 2 1 3 1 1 2
1328331 1 1 1 1 2 1 3 1 1 2
1328755 3 1 1 1 2 1 2 1 1 2
1331405 4 1 1 1 2 1 3 2 1 2
1333104 3 1 2 1 2 1 3 1 1 2
1334071 4 1 1 1 2 3 2 1 1 2
695219 1 1 1 1 2 1 2 1 1 2
824249 1 1 1 1 2 1 3 1 1 2
871549 5 1 2 1 2 1 2 1 1 2
1294261 4 10 8 5 4 1 10 1 1 4
1336798 3 1 1 1 2 1 2 1 1 2
1350568 4 1 1 1 2 1 2 1 1 2
411453 1 1 1 1 2 1 1 1 1 2
636375 5 1 1 1 2 1 1 1 1 2
1041043 4 1 3 1 2 1 2 1 1 2
1057067 1 1 1 1 1 ? 1 1 1 2
1073836 5 1 1 1 2 1 2 1 1 2
1140597 7 1 2 3 2 1 2 1 1 2
1149548 1 1 1 1 2 1 1 1 1 2
1174009 5 1 1 2 1 1 2 1 1 2
1190546 2 1 1 1 2 5 1 1 1 2
1213273 2 1 1 1 2 1 1 1 1 2
1268952 10 10 7 8 7 1 10 10 3 4
1303489 3 1 1 1 2 1 2 1 1 2
1325159 3 1 1 1 2 1 3 1 1 2
1330361 5 1 1 1 2 1 2 1 1 2
13454352 1 1 3 1 2 1 2 1 1 2
1345452 1 1 3 1 2 1 2 1 1 2
1350423 5 10 10 8 5 5 7 10 1 4
1353092 3 2 1 2 2 1 3 1 1 2
1365075 4 1 4 1 2 1 1 1 1 2
603148 4 1 1 1 2 1 1 1 1 2
714039 3 1 1 1 2 1 1 1 1 2
897471 4 8 6 4 3 4 10 6 1 4
897471 4 8 8 5 4 5 10 4 1 4
