1002945 5 4 4 5 7 10 3 2 1 2
1017122 8 10 10 8 7 10 9 7 1 4
1018099 1 1 1 1 2 10 3 1 1 2
1018561 2 1 2 1 2 1 3 1 1 2
1033078 4 2 1 1 2 1 2 1 1 2
1043999 1 1 1 1 2 3 3 1 1 2
1050670 10 7 7 6 4 10 4 1 2 4
1054590 7 3 2 10 5 10 5 4 4 4
1054593 10 5 5 3 6 7 7 10 1 4
1071760 2 1 1 1 2 1 3 1 1 2
1072179 10 7 7 3 8 5 7 4 3 4
1091262 2 5 3 3 6 7 7 5 1 4
1099510 10 4 3 1 3 3 6 5 2 4
1103722 1 1 1 1 2 1 2 1 2 2
1106829 7 8 7 2 4 8 3 8 2 4
1108449 5 3 3 4 2 4 3 4 1 4
1110102 10 3 6 2 3 5 4 10 2 4
1110524 10 5 5 6 8 8 7 1 1 4
1113906 9 5 5 2 2 2 5 1 1 4
1116132 6 3 4 1 5 2 3 9 1 4
1116998 10 4 2 1 3 2 4 3 10 4
1121732 1 1 1 1 2 1 3 2 1 2
1121919 5 1 3 1 2 1 2 1 1 2
1125035 9 4 5 10 6 10 4 8 1 4
1132347 1 1 4 1 2 1 2 1 1 2
1133041 5 3 1 2 2 1 2 1 1 2
1133136 3 1 1 1 2 3 3 1 1 2
1136142 2 1 1 1 3 1 2 1 1 2
1137156 2 2 2 1 1 1 7 1 1 2
1147748 5 10 6 1 10 4 4 10 10 4
1157734 4 1 1 1 2 1 3 1 1 2
1164066 1 1 1 1 2 1 3 1 1 2
1165926 9 6 9 2 10 6 2 9 10 4
1166654 10 3 5 1 10 5 3 10 2 4
1171710 1 1 1 1 2 1 2 3 1 2
1172152 10 3 3 10 2 10 7 3 3 4
1173235 3 3 2 1 2 3 3 1 1 2
1173514 1 1 1 1 4 3 1 1 1 2
1177512 1 1 1 1 10 1 1 1 1 2
1180194 5 10 8 10 8 10 3 6 3 4
1180523 3 1 1 1 2 1 2 2 1 2
1182410 3 1 1 1 2 1 1 1 1 2
1183246 1 1 1 1 1 ? 2 1 1 2
1183911 2 1 1 1 2 1 1 1 1 2
1184184 1 1 1 1 2 5 1 1 1 2
1185609 3 4 5 2 6 8 4 1 1 4
1187805 8 8 7 4 10 10 7 8 7 4
1193683 1 1 2 1 3 ? 1 1 1 2
1197080 4 1 1 1 2 1 3 2 1 2
1197510 5 1 1 1 2 ? 3 1 1 2
1199731 3 1 1 1 2 1 1 1 1 2
1200772 1 1 1 1 2 1 2 1 1 2
1200952 5 8 7 7 10 10 5 7 1 4
1203096 1 1 1 1 1 1 3 1 1 2
1204898 6 1 1 1 2 1 3 1 1 2
1212422 3 1 1 1 2 1 3 1 1 2
1214556 3 1 1 1 2 1 2 1 1 2
1219406 5 1 1 1 1 1 3 1 1 2
1221863 10 10 10 10 7 10 7 10 4 4
1222936 8 7 8 7 5 5 5 10 2 4
1223793 6 10 7 7 6 4 8 10 2 4
1226612 7 5 6 3 3 8 7 4 1 4
1227481 10 5 7 4 4 10 8 9 1 4
1228311 1 1 1 1 1 1 3 1 1 2
1230175 10 10 10 3 10 10 9 10 1 4
1231706 8 4 6 3 3 1 4 3 1 2
1243256 10 4 3 2 3 10 5 3 2 4
1270479 5 1 3 3 2 2 2 3 1 2
1276091 3 1 1 3 1 1 3 1 1 2
1285531 1 1 1 1 2 1 3 1 1 2
1287775 5 1 1 2 2 2 3 1 1 2
144888 8 10 10 8 5 10 7 8 1 4
167528 4 1 1 1 2 1 3 6 1 2
169356 3 1 1 1 2 ? 3 1 1 2
1198641 3 1 1 1 2 1 3 1 1 2
255644 10 5 8 10 3 10 5 1 3 4
263538 5 10 10 6 10 10 10 6 5 4
385103 1 1 1 1 2 1 3 1 1 2
390840 8 4 7 1 3 10 3 9 2 4
411453 5 1 1 1 2 1 3 1 1 2
431495 3 1 1 1 2 1 3 2 1 2
434518 3 1 1 1 2 1 2 1 1 2
452264 1 1 1 1 2 1 2 1 1 2
486662 2 1 1 2 2 1 3 1 1 2
488173 1 4 3 10 4 10 5 6 1 4
492268 10 4 6 1 2 10 5 3 1 4
508234 7 4 5 10 2 10 3 8 2 4
535331 3 1 1 1 3 1 2 1 1 2
543558 6 1 3 1 4 5 5 10 1 4
561477 1 1 1 1 2 1 3 1 1 2
601265 10 4 4 6 2 10 2 3 1 4
61634 5 4 3 1 2 ? 2 3 1 2
640744 10 10 10 7 9 10 7 10 10 4
666090 1 1 1 1 2 1 3 1 1 2
667204 7 8 7 6 4 3 8 8 4 4
688033 1 1 1 1 2 1 1 1 1 2
718641 1 1 1 1 5 1 3 1 1 2
730881 7 6 3 2 5 10 7 4 6 4
733639 3 1 1 1 2 1 3 1 1 2
733823 5 4 6 10 2 10 4 1 1 4
752904 10 1 1 1 2 10 5 4 1 4
76389 10 4 7 2 2 8 6 1 1 4
770066 5 2 2 2 2 1 2 2 1 2
704097 1 1 1 1 1 1 2 1 1 2
810104 1 1 1 1 2 1 3 1 1 2
836433 5 1 1 3 2 1 1 1 1 2
896404 2 1 1 1 2 1 3 1 1 2
897172 2 1 1 1 2 1 2 1 1 2
160296 5 8 8 10 5 10 8 10 3 4
493452 1 1 3 1 2 1 1 1 1 2
521441 5 1 1 2 2 1 2 1 1 2
640712 1 1 1 1 2 1 2 1 1 2
1022257 2 1 1 1 2 1 1 1 1 2
1151734 10 8 7 4 3 10 7 9 1 4
1158247 1 1 1 1 1 1 1 1 1 2
1158405 1 2 3 1 2 1 2 1 1 2
1196475 3 2 1 1 2 1 2 2 1 2
1206314 1 2 3 1 2 1 1 1 1 2
1223003 5 3 3 1 2 1 2 1 1 2
1223306 3 1 1 1 2 4 1 1 1 2
1223543 1 2 1 3 2 1 1 2 1 2
1229929 1 1 1 1 2 1 2 1 1 2
1240337 5 2 2 2 2 2 3 2 2 2
1255384 3 2 2 3 2 3 3 1 1 2
1257815 5 1 3 1 2 1 2 1 1 2
1257938 3 1 1 1 2 1 1 1 1 2
1258549 9 10 10 10 10 10 10 10 1 4
1258556 5 3 6 1 2 1 1 1 1 2
1266154 8 7 8 2 4 2 5 10 1 4
1293439 3 2 2 3 2 1 1 1 1 2
1293439 6 9 7 5 5 8 4 2 1 2
527337 4 1 1 1 2 1 1 1 1 2
734111 1 1 1 1 2 2 1 1 1 2
1049837 1 1 1 1 2 1 1 1 1 2
1058849 5 1 1 1 2 1 1 1 1 2
1202253 5 1 1 1 2 1 1 1 1 2
1227081 3 1 1 3 2 1 1 1 1 2
1259008 8 8 9 6 6 3 10 10 1 4
1267898 5 1 3 1 2 1 1 1 1 2
1280258 4 1 1 1 2 1 1 2 1 2
1293966 4 1 1 1 2 1 1 1 1 2
1298416 10 6 6 2 4 10 9 7 1 4
1299596 6 6 6 5 4 10 7 6 2 4
1105524 4 1 1 1 2 1 1 1 1 2
1269574 4 1 1 1 2 1 1 1 1 2
1277145 5 1 1 1 2 1 1 1 1 2
1296593 5 2 1 1 2 1 1 1 1 2
1299161 4 8 7 10 4 10 7 5 1 4
1318169 9 10 10 10 10 5 10 10 10 4
1070522 3 1 1 1 1 1 2 1 1 2
1119189 5 8 9 4 3 10 7 1 1 4
1155967 5 1 2 10 4 5 2 1 1 2
1170945 3 1 1 1 1 1 2 1 1 2
1181567 1 1 1 1 1 1 1 1 1 2
1182404 4 2 1 1 2 1 1 1 1 2
1204558 4 1 1 1 2 1 2 1 1 2
1238186 4 1 1 1 2 1 2 1 1 2
1268766 1 1 1 1 2 1 1 1 1 2
1286943 8 10 10 10 7 5 4 8 7 4
1298360 1 1 1 1 2 1 1 1 1 2
1299924 5 1 1 1 2 1 2 1 1 2
1320077 1 1 1 1 1 1 2 1 1 2
749653 3 1 1 1 2 1 2 1 1 2
769612 3 1 1 2 2 1 1 1 1 2
1113061 5 1 1 1 2 1 3 1 1 2
1116192 5 1 2 1 2 1 3 1 1 2
1145420 6 1 1 1 2 1 2 1 1 2
1174841 5 3 1 1 2 1 1 1 1 2
1184586 4 1 1 1 2 1 2 1 1 2
1186936 2 1 3 2 2 1 2 1 1 2
1240603 3 1 1 1 1 1 1 1 1 2
1321264 5 2 2 2 1 1 2 1 1 2
1321348 2 1 1 1 2 1 2 1 1 2
1331405 4 1 1 1 2 1 3 2 1 2
1331412 5 7 10 10 5 10 10 10 1 4
1333104 3 1 2 1 2 1 3 1 1 2
378275 10 9 7 3 4 2 7 7 1 4
824249 1 1 1 1 2 1 3 1 1 2
878358 5 7 10 6 5 10 7 5 1 4
1239420 1 1 1 1 2 1 1 1 1 2
1254538 8 10 10 10 6 10 10 10 1 4
1272166 5 1 1 1 2 1 1 1 1 2
1298484 10 3 4 5 3 10 4 1 1 4
1311875 5 1 2 1 2 1 1 1 1 2
1325309 4 1 2 1 2 1 2 1 1 2
1333063 5 1 3 1 2 1 3 1 1 2
1333495 3 1 1 1 2 1 2 1 1 2
636375 5 1 1 1 2 1 1 1 1 2
736150 10 4 3 10 3 10 7 1 2 4
803531 5 10 10 10 5 2 8 5 1 4
1042252 3 1 1 1 2 1 2 1 1 2
1057067 1 1 1 1 1 ? 1 1 1 2
1149548 1 1 1 1 2 1 1 1 1 2
1183596 3 1 3 1 3 4 1 1 1 2
1190546 2 1 1 1 2 5 1 1 1 2
1225382 6 2 3 1 2 1 1 1 1 2
1235807 5 1 1 1 2 1 2 1 1 2
1275807 4 2 4 3 2 2 2 1 1 2
1277792 4 1 1 1 2 1 1 1 1 2
1277792 5 1 1 3 2 1 1 1 1 2
1288608 3 1 1 1 2 1 2 1 1 2
1319609 3 1 1 2 3 4 1 1 1 2
1324681 4 1 1 1 2 1 2 1 1 2
1334015 7 8 8 7 3 10 7 2 3 4
1339781 1 1 1 1 2 1 2 1 1 2
1339781 4 1 1 1 2 1 3 1 1 2
13454352 1 1 3 1 2 1 2 1 1 2
1345452 1 1 3 1 2 1 2 1 1 2
1347943 5 2 2 2 2 1 1 1 2 2
1348851 3 1 1 1 2 1 3 1 1 2
1352848 3 10 7 8 5 8 7 4 1 4
1354840 5 3 2 1 3 1 1 1 1 2
1355260 1 1 1 1 2 1 2 1 1 2
1365328 1 1 2 1 2 1 2 1 1 2
1368267 5 1 1 1 2 1 1 1 1 2
534555 1 1 1 1 2 1 1 1 1 2
536708 1 1 1 1 2 1 1 1 1 2
695091 5 10 10 5 4 5 4 4 1 4
714039 3 1 1 1 2 1 1 1 1 2
