14.75 1.73 2.39 11.4 91 3.1 3.69 0.43 2.81 5.4 1.25 2.73 1150 1
14.38 1.87 2.38 12 102 3.3 3.64 0.29 2.96 7.5 1.2 3 1547 1
13.63 1.81 2.7 17.2 112 2.85 2.91 0.3 1.46 7.3 1.28 2.88 1310 1
13.39 1.77 2.62 16.1 93 2.85 2.94 0.34 1.45 4.8 0.92 3.22 1195 1
14.02 1.68 2.21 16 96 2.65 2.33 0.26 1.98 4.7 1.04 3.59 1035 1
13.73 1.5 2.7 22.5 101 3 3.25 0.29 2.38 5.7 1.19 2.71 1285 1
13.68 1.83 2.36 17.2 104 2.42 2.69 0.42 1.97 3.84 1.23 2.87 990 1
13.28 1.64 2.84 15.5 110 2.6 2.68 0.34 1.36 4.6 1.09 2.78 880 1
13.07 1.5 2.1 15.5 98 2.4 2.64 0.28 1.37 3.7 1.18 2.69 1020 1
13.56 1.71 2.31 16.2 117 3.15 3.29 0.34 2.34 6.13 0.95 3.38 795 1
13.24 3.98 2.29 17.5 103 2.64 2.63 0.32 1.66 4.36 0.82 3 680 1
13.05 1.77 2.1 17 107 3 3 0.28 2.03 5.04 0.88 3.35 885 1
13.83 1.65 2.6 17.2 94 2.45 2.99 0.22 2.29 5.6 1.24 3.37 1265 1
13.82 1.75 2.42 14 111 3.88 3.74 0.32 1.87 7.05 1.01 3.26 1190 1
13.74 1.67 2.25 16.4 118 2.6 2.9 0.21 1.62 5.85 0.92 3.2 1060 1
12.37 0.94 1.36 10.6 88 1.98 0.57 0.28 0.42 1.95 1.05 1.82 520 2
12.37 1.13 2.16 19 87 3.5 3.1 0.19 1.87 4.45 1.22 2.87 420 2
12.37 1.21 2.56 18.1 98 2.42 2.65 0.37 2.08 4.6 1.19 2.3 678 2
13.03 0.9 1.71 16 86 1.95 2.03 0.24 1.46 4.6 1.19 2.48 392 2
11.84 0.89 2.58 18 94 2.2 2.21 0.22 2.35 3.05 0.79 3.08 520 2
12.67 0.98 2.24 18 99 2.2 1.94 0.3 1.46 2.62 1.23 3.16 450 2
12.08 1.83 2.32 18.5 81 1.6 1.5 0.52 1.64 2.4 1.08 2.27 480 2
12 1.51 2.42 22 86 1.45 1.25 0.5 1.63 3.6 1.05 2.65 450 2
12.69 1.53 2.26 20.7 80 1.38 1.46 0.58 1.62 3.05 0.96 2.06 495 2
12.51 1.73 1.98 20.5 85 2.2 1.92 0.32 1.48 2.94 1.04 3.57 672 2
12.42 2.55 2.27 22 90 1.68 1.84 0.66 1.42 2.7 0.86 3.3 315 2
12.25 1.73 2.12 19 80 1.65 2.03 0.37 1.63 3.4 1 3.17 510 2
11.46 3.74 1.82 19.5 107 3.18 2.58 0.24 3.58 2.9 0.75 2.81 562 2
12.42 4.43 2.73 26.5 102 2.2 2.13 0.43 1.71 2.08 0.92 3.12 365 2
12.86 1.35 2.32 18 122 1.51 1.25 0.21 0.94 4.1 0.76 1.29 630 3
12.81 2.31 2.4 24 98 1.15 1.09 0.27 0.83 5.7 0.66 1.36 560 3
13.49 3.59 2.19 19.5 88 1.62 0.48 0.58 0.88 5.7 0.81 1.82 580 3
13.36 2.56 2.35 20 89 1.4 0.5 0.37 0.64 5.6 0.7 2.47 780 3
12.87 4.61 2.48 21.5 86 1.7 0.65 0.47 0.86 7.65 0.54 1.86 625 3
13.08 3.9 2.36 21.5 113 1.41 1.39 0.34 1.14 9.4 0.57 1.33 550 3
12.79 2.67 2.48 22 112 1.48 1.36 0.24 1.26 10.8 0.48 1.47 480 3
12.58 1.29 2.1 20 103 1.48 0.58 0.53 1.4 7.6 0.58 1.55 640 3
13.17 5.19 2.32 22 93 1.74 0.63 0.61 1.55 7.9 0.6 1.48 725 3
14.34 1.68 2.7 25 98 2.8 1.31 0.53 2.7 13 0.57 1.96 660 3
13.48 1.67 2.64 22.5 89 2.6 1.1 0.52 2.29 11.75 0.57 1.78 620 3
12.36 3.83 2.38 21 88 2.3 0.92 0.5 1.04 7.65 0.56 1.58 520 3
13.69 3.26 2.54 20 107 1.83 0.56 0.5 0.8 5.88 0.96 1.82 680 3
12.85 3.27 2.58 22 106 1.65 0.6 0.6 0.96 5.58 0.87 2.11 570 3
13.78 2.76 2.3 22 90 1.35 0.68 0.41 1.03 9.58 0.7 1.68 615 3
13.73 4.36 2.26 22.5 88 1.28 0.47 0.52 1.15 6.62 0.78 1.75 520 3
13.4 4.6 2.86 25 112 1.98 0.96 0.27 1.11 8.5 0.67 1.92 630 3
12.2 3.03 2.32 19 96 1.25 0.49 0.4 0.73 5.5 0.66 1.83 510 3
13.71 5.65 2.45 20.5 95 1.68 0.61 0.52 1.06 7.7 0.64 1.74 740 3
