13.16 2.36 2.67 18.6 101 2.8 3.24 0.3 2.81 5.68 1.03 3.17 1185 1
14.37 1.95 2.5 16.8 113 3.85 3.49 0.24 2.18 7.8 0.86 3.45 1480 1
14.39 1.87 2.45 14.6 96 2.5 2.52 0.3 1.98 5.25 1.02 3.58 1290 1
14.06 2.15 2.61 17.6 121 2.6 2.51 0.31 1.25 5.05 1.06 3.58 1295 1
13.86 1.35 2.27 16 98 2.98 3.15 0.22 1.85 7.22 1.01 3.55 1045 1
13.63 1.81 2.7 17.2 112 2.85 2.91 0.3 1.46 7.3 1.28 2.88 1310 1
13.05 2.05 3.22 25 124 2.63 2.68 0.47 1.92 3.58 1.13 3.2 830 1
13.39 1.77 2.62 16.1 93 2.85 2.94 0.34 1.45 4.8 0.92 3.22 1195 1
13.87 1.9 2.8 19.4 107 2.95 2.97 0.37 1.76 4.5 1.25 3.4 915 1
14.02 1.68 2.21 16 96 2.65 2.33 0.26 1.98 4.7 1.04 3.59 1035 1
13.68 1.83 2.36 17.2 104 2.42 2.69 0.42 1.97 3.84 1.23 2.87 990 1
13.41 3.84 2.12 18.8 90 2.45 2.68 0.27 1.48 4.28 0.91 3 1035 1
13.24 3.98 2.29 17.5 103 2.64 2.63 0.32 1.66 4.36 0.82 3 680 1
13.05 1.77 2.1 17 107 3 3 0.28 2.03 5.04 0.88 3.35 885 1
13.9 1.68 2.12 16 101 3.1 3.39 0.21 2.14 6.1 0.91 3.33 985 1
14.1 2.02 2.4 18.8 103 2.75 2.92 0.32 2.38 6.2 1.07 2.75 1060 1
13.05 1.73 2.04 12.4 92 2.72 3.27 0.17 2.91 7.2 1.12 2.91 1150 1
13.83 1.65 2.6 17.2 94 2.45 2.99 0.22 2.29 5.6 1.24 3.37 1265 1
13.82 1.75 2.42 14 111 3.88 3.74 0.32 1.87 7.05 1.01 3.26 1190 1
13.56 1.73 2.46 20.5 116 2.96 2.78 0.2 2.45 6.25 0.98 3.03 1120 1
12.37 0.94 1.36 10.6 88 1.98 0.57 0.28 0.42 1.95 1.05 1.82 520 2
12.33 1.1 2.28 16 101 2.05 1.09 0.63 0.41 3.27 1.25 1.67 680 2
12.64 1.36 2.02 16.8 100 2.02 1.41 0.53 0.62 5.75 0.98 1.59 450 2
13.11 1.01 1.7 15 78 2.98 3.18 0.26 2.28 5.3 1.12 3.18 502 2
13.49 1.66 2.24 24 87 1.88 1.84 0.27 1.03 3.74 0.98 2.78 472 2
11.66 1.88 1.92 16 97 1.61 1.57 0.34 1.15 3.8 1.23 2.14 428 2
12.16 1.61 2.31 22.8 90 1.78 1.69 0.43 1.56 2.45 1.33 2.26 495 2
11.64 2.06 2.46 21.6 84 1.95 1.69 0.48 1.35 2.8 1 2.75 680 2
12.08 1.33 2.3 23.6 70 2.2 1.59 0.42 1.38 1.74 1.07 3.21 625 2
12.08 1.83 2.32 18.5 81 1.6 1.5 0.52 1.64 2.4 1.08 2.27 480 2
12.29 2.83 2.22 18 88 2.45 2.25 0.25 1.99 2.15 1.15 3.3 290 2
11.81 2.12 2.74 21.5 134 1.6 0.99 0.14 1.56 2.5 0.95 2.26 625 2
12.08 2.08 1.7 17.5 97 2.23 2.17 0.26 1.4 3.3 1.27 2.96 710 2
12.34 2.45 2.46 21 98 2.56 2.11 0.34 1.31 2.8 0.8 3.38 438 2
12.22 1.29 1.94 19 92 2.36 2.04 0.39 2.08 2.7 0.86 3.02 312 2
11.41 0.74 2.5 21 88 2.48 2.01 0.42 1.44 3.08 1.1 2.31 434 2
12 3.43 2 19 87 2 1.64 0.37 1.87 1.28 0.93 3.05 564 2
13.05 5.8 2.13 21.5 86 2.62 2.65 0.3 2.01 2.6 0.73 3.1 380 2
11.87 4.31 2.39 21 82 2.86 3.03 0.21 2.91 2.8 0.75 3.64 380 2
12.86 1.35 2.32 18 122 1.51 1.25 0.21 0.94 4.1 0.76 1.29 630 3
12.84 2.96 2.61 24 101 2.32 0.6 0.53 0.81 4.92 0.89 2.15 590 3
13.62 4.95 2.35 20 92 2 0.8 0.47 1.02 4.4 0.91 2.05 550 3
13.88 5.04 2.23 20 80 0.98 0.34 0.4 0.68 4.9 0.58 1.33 415 3
13.5 3.12 2.62 24 123 1.4 1.57 0.22 1.25 8.6 0.59 1.3 500 3
12.45 3.03 2.64 27 97 1.9 0.58 0.63 1.14 7.5 0.67 1.73 880 3
13.78 2.76 2.3 22 90 1.35 0.68 0.41 1.03 9.58 0.7 1.68 615 3
13.45 3.7 2.6 23 111 1.7 0.92 0.43 1.46 10.68 0.85 1.56 695 3
12.82 3.37 2.3 19.5 88 1.48 0.66 0.4 0.97 10.26 0.72 1.75 685 3
13.58 2.58 2.69 24.5 105 1.55 0.84 0.39 1.54 8.66 0.74 1.8 750 3
12.2 3.03 2.32 19 96 1.25 0.49 0.4 0.73 5.5 0.66 1.83 510 3
