0.380054
0.360839
0.617284
0.373793
0.381992
0.378378
0.627235
0.347107
0.608458
0.626703
0.358438
0.659751
0.359264
0.373596
0.639665
0.644938
0.362652
0.629322
0.366295
0.32644
0.37305
0.34632
0.382597
0.629076
0.382802
0.347051
0.368932
0.640167
0.620548
0.641854
0.622616
0.381402
0.361549
0.66763
0.373766
0.372576
0.618158
0.365014
0.360679
0.63674
0.665726
0.647141
0.340548
0.640056
0.358799
0.374831
0.641457
0.361878
0.352192
0.368347
0.649573
0.361345
0.365278
0.322059
0.360768
0.358357
0.369272
0.361264
0.642757
0.372093
0.351003
0.338301
0.369231
0.356643
0.632455
0.634807
0.63764
0.630174
0.61612
0.651389
0.365057
0.348571
0.644663
0.641061
0.633745
0.363376
0.350559
0.384718
0.353933
0.360231
0.368723
0.631728
0.594315
0.636624
0.651748
0.644537
0.61326
0.61745
0.366197
0.646393
0.386059
0.389736
0.619891
0.390582
0.62586
0.653352
0.373611
0.618008
0.364865
0.622222
