524.7940719572 0.1874483617 0.0321140582 228.8002278843 6843.5984811891 29.9108027316 60.2048797607 220.7372120052 556.828334181 0
380 0.2408554368 0.2862339973 137.6401108553 5402.1711804018 39.2485238993 88.7584457397 105.1985680477 493.7018135024 0
389.8729777095 0.1500983157 0.0977384381 118.6258142706 2475.557077623 20.8686203154 49.7571487427 107.6861641614 429.3857878604 0
410 0.3178244568 0.2974041045 255.8151790765 10622.5471101291 41.5243033993 67.5232086182 246.7428255438 508.5403560169 0
485.6688054544 0.2302089283 0.1340412866 253.8936986073 8135.968359074 32.0447825358 64.8554458618 245.4705306437 541.363975057 0
390 0.3583160954 0.2038544566 245.6861030662 10055.83687254 40.929612001 70.3247833252 236.4901696665 477.5483599605 0
300 0.1900663555 0.1668534765 97.1081295111 3039.5613030204 31.3007913789 51.3539733887 82.4181920286 387.0782275399 0
211 0.0539306739 0.0942477796 30.7534434583 151.9845775553 4.9420344672 14.2683744431 27.24312366 217.1307040276 1
245 0.189019158 0.081681409 62.9029550923 1235.9833558899 19.6490507334 42.152015686 46.6903554272 292.3762384463 1
200 0.0376991118 0.1172861257 42.3166752875 220.810906646 5.2180589601 10.6757640839 40.9478822685 218.0343130907 1
272 0.0914552528 0.0048869219 63.7893803122 718.946310198 11.2706269708 20.0855560303 60.6907291188 286.920220324 1
301.3043992291 0.10978121 0.0356047167 64.6161999261 942.7731906338 14.5903533744 29.0456771851 57.7200304355 335.7684587866 1
178 0.1708677338 0.2129301687 41.5421667585 489.4405204763 11.7817764134 35.747795105 21.1623933118 215.9059341715 2
435.0931666481 0.07696902 0.1612684229 123.5975375889 1342.2776475808 10.8600678765 37.3847236633 117.8080379332 433.2023221434 2
250 0.0471238898 0.013962634 70.9070400207 224.1457873421 3.1611217628 9.1021757126 70.320400449 232.2776288185 2
236 0.1246165086 0.2017600615 48.4511296285 236.8801114611 4.8890523973 36.0066223145 32.4196702591 244.9651545602 2
481.4671493322 0.0785398163 0.0160570291 79.0591615565 1154.3382385593 14.6009420772 33.9291305542 71.408439192 501.8933575844 2
196.3648643227 0.1829105056 0.142418867 54.583080277 843.2625274855 15.4491560976 34.1494140625 42.5808653465 239.944072785 2
310 0.1747074581 0.1654572131 98.5099614229 2741.0320443757 27.8249225234 49.3278617859 85.270009838 388.9778083603 2
327 0.1410226036 0.0844739358 76.2128681277 1664.6740761276 21.8424278868 43.2216911316 62.7717028567 379.261838625 2
223 0.1240929098 0.0795870139 33.0963349781 197.0125405291 5.9526996164 30.4548740387 12.9563896614 252.4833478365 3
303 0.0633554518 0.0397935069 22.5678927048 102.5003089897 4.5418644235 21.8308410645 5.7205006289 321.646837362 3
185 0.1497492498 0.0851720675 39.8914092245 361.747980316 9.0683178997 26.8607616425 29.4927795403 210.1787188199 3
145 0.1176351916 0.1103048087 21.2189421288 82.4555615648 3.8859412059 20.3030815125 6.1667151899 162.5109272172 3
650 0.0410152374 0.1452113938 216.8113304443 427.5340678903 1.9719175516 33.7651634216 214.1659795454 528.6992332511 4
1535.8507395877 0.0884881931 0.0041887902 637.3496743714 10814.0501683075 16.9672169033 96.6103973389 632.1651151578 1197.7621500369 4
1800 0.0342084533 0.0425860337 301.0603508989 4406.1543313109 14.6354520552 67.625328064 293.3669201065 1742.3757016886 5
1666.1487855641 0.0123918377 0.0584514737 72.9310502943 1402.2316649584 19.2268129871 51.8547668457 58.595762951 1746.5775035735 5
1800 0.0691150384 0.1570796327 385.564704349 13831.7248887707 35.8739395301 157.5700073242 351.8974774277 1823.0323641657 5
1850 0.0733038286 0.2254965394 325.1915422642 8644.9842366383 26.5842837623 208.7399749756 249.3534862595 1908.177238665 5
2000 0.1069886831 0.1054178868 520.2226492052 40087.9209837665 77.0591611976 204.09034729 478.5172231615 2088.6488701693 5
2600 0.069987703 0.0488692191 745.4743691927 39845.7736975332 53.4502262508 154.1226043701 729.3683950429 2545.4197444546 5
