14.23 1.71 2.43 15.6 127 2.8 3.06 0.28 2.29 5.64 1.04 3.92 1065 1
13.16 2.36 2.67 18.6 101 2.8 3.24 0.3 2.81 5.68 1.03 3.17 1185 1
14.2 1.76 2.45 15.2 112 3.27 3.39 0.34 1.97 6.75 1.05 2.85 1450 1
14.06 2.15 2.61 17.6 121 2.6 2.51 0.31 1.25 5.05 1.06 3.58 1295 1
13.75 1.73 2.41 16 89 2.6 2.76 0.29 1.81 5.6 1.15 2.9 1320 1
12.85 1.6 2.52 17.8 95 2.48 2.37 0.26 1.46 3.93 1.09 3.63 1015 1
13.51 1.8 2.65 19 110 2.35 2.53 0.29 1.54 4.2 1.1 2.87 1095 1
13.56 1.71 2.31 16.2 117 3.15 3.29 0.34 2.34 6.13 0.95 3.38 795 1
13.41 3.84 2.12 18.8 90 2.45 2.68 0.27 1.48 4.28 0.91 3 1035 1
13.05 1.77 2.1 17 107 3 3 0.28 2.03 5.04 0.88 3.35 885 1
14.21 4.04 2.44 18.9 111 2.85 2.65 0.3 1.25 5.24 0.87 3.33 1080 1
13.94 1.73 2.27 17.4 108 2.88 3.54 0.32 2.08 8.9 1.12 3.1 1260 1
13.05 1.73 2.04 12.4 92 2.72 3.27 0.17 2.91 7.2 1.12 2.91 1150 1
13.74 1.67 2.25 16.4 118 2.6 2.9 0.21 1.62 5.85 0.92 3.2 1060 1
14.22 1.7 2.3 16.3 118 3.2 3 0.26 2.03 6.38 0.94 3.31 970 1
12.33 1.1 2.28 16 101 2.05 1.09 0.63 0.41 3.27 1.25 1.67 680 2
12.37 1.17 1.92 19.6 78 2.11 2 0.27 1.04 4.68 1.12 3.48 510 2
12.29 1.61 2.21 20.4 103 1.1 1.02 0.37 1.46 3.05 0.906 1.82 870 2
13.03 0.9 1.71 16 86 1.95 2.03 0.24 1.46 4.6 1.19 2.48 392 2
12.72 1.81 2.2 18.8 86 2.2 2.53 0.26 1.77 3.9 1.16 3.14 714 2
13.05 3.86 2.32 22.5 85 1.65 1.59 0.61 1.62 4.8 0.84 2.01 515 2
11.84 0.89 2.58 18 94 2.2 2.21 0.22 2.35 3.05 0.79 3.08 520 2
12.67 0.98 2.24 18 99 2.2 1.94 0.3 1.46 2.62 1.23 3.16 450 2
12.16 1.61 2.31 22.8 90 1.78 1.69 0.43 1.56 2.45 1.33 2.26 495 2
12.08 1.83 2.32 18.5 81 1.6 1.5 0.52 1.64 2.4 1.08 2.27 480 2
12.29 2.83 2.22 18 88 2.45 2.25 0.25 1.99 2.15 1.15 3.3 290 2
11.81 2.12 2.74 21.5 134 1.6 0.99 0.14 1.56 2.5 0.95 2.26 625 2
12.08 2.08 1.7 17.5 97 2.23 2.17 0.26 1.4 3.3 1.27 2.96 710 2
12.34 2.45 2.46 21 98 2.56 2.11 0.34 1.31 2.8 0.8 3.38 438 2
12.72 1.75 2.28 22.5 84 1.38 1.76 0.48 1.63 3.3 0.88 2.42 488 2
11.46 3.74 1.82 19.5 107 3.18 2.58 0.24 3.58 2.9 0.75 2.81 562 2
11.76 2.68 2.92 20 103 1.75 2.03 0.6 1.05 3.8 1.23 2.5 607 2
12.08 1.39 2.5 22.5 84 2.56 2.29 0.43 1.04 2.9 0.93 3.19 385 2
11.03 1.51 2.2 21.5 85 2.46 2.17 0.52 2.01 1.9 1.71 2.87 407 2
12.88 2.99 2.4 20 104 1.3 1.22 0.24 0.83 5.4 0.74 1.42 530 3
12.6 2.46 2.2 18.5 94 1.62 0.66 0.63 0.94 7.1 0.73 1.58 695 3
13.49 3.59 2.19 19.5 88 1.62 0.48 0.58 0.88 5.7 0.81 1.82 580 3
12.84 2.96 2.61 24 101 2.32 0.6 0.53 0.81 4.92 0.89 2.15 590 3
12.93 2.81 2.7 21 96 1.54 0.5 0.53 0.75 4.6 0.77 2.31 600 3
13.36 2.56 2.35 20 89 1.4 0.5 0.37 0.64 5.6 0.7 2.47 780 3
13.52 3.17 2.72 23.5 97 1.55 0.52 0.5 0.55 4.35 0.89 2.06 520 3
13.88 5.04 2.23 20 80 0.98 0.34 0.4 0.68 4.9 0.58 1.33 415 3
13.32 3.24 2.38 21.5 92 1.93 0.76 0.45 1.25 8.42 0.55 1.62 650 3
13.5 3.12 2.62 24 123 1.4 1.57 0.22 1.25 8.6 0.59 1.3 500 3
13.11 1.9 2.75 25.5 116 2.2 1.28 0.26 1.56 7.1 0.61 1.33 425 3
14.34 1.68 2.7 25 98 2.8 1.31 0.53 2.7 13 0.57 1.96 660 3
13.69 3.26 2.54 20 107 1.83 0.56 0.5 0.8 5.88 0.96 1.82 680 3
12.96 3.45 2.35 18.5 106 1.39 0.7 0.4 0.94 5.28 0.68 1.75 675 3
13.78 2.76 2.3 22 90 1.35 0.68 0.41 1.03 9.58 0.7 1.68 615 3
13.73 4.36 2.26 22.5 88 1.28 0.47 0.52 1.15 6.62 0.78 1.75 520 3
13.58 2.58 2.69 24.5 105 1.55 0.84 0.39 1.54 8.66 0.74 1.8 750 3
14.16 2.51 2.48 20 91 1.68 0.7 0.44 1.24 9.7 0.62 1.71 660 3
13.71 5.65 2.45 20.5 95 1.68 0.61 0.52 1.06 7.7 0.64 1.74 740 3
13.27 4.28 2.26 20 120 1.59 0.69 0.43 1.35 10.2 0.59 1.56 835 3
13.17 2.59 2.37 20 120 1.65 0.68 0.53 1.46 9.3 0.6 1.62 840 3
