0.610526
0.595745
0.569892
0.528846
0.439252
0.543689
0.65625
0.551724
0.663265
0.62069
0.458333
0.534653
0.482143
0.621359
0.577778
0.626263
0.561224
0.62
0.617647
0.528302
0.61
0.560748
0.520833
0.515464
0.490741
0.56701
0.558824
0.619048
0.581633
0.478261
0.504951
0.490385
0.53
0.631068
0.414141
0.49
0.628866
0.585106
0.617647
0.638298
0.57
0.677419
0.546296
0.587629
0.408163
0.55
0.630631
0.588235
0.530612
0.615385
0.480769
0.61
0.485437
0.63
0.6
0.470588
0.470588
0.581633
0.5
0.515464
0.584906
0.537037
0.567568
0.548077
0.592593
0.592233
0.628866
0.6
0.464646
0.474227
0.606742
0.625
0.415094
0.641304
0.485714
0.44898
0.54902
0.580952
0.505263
0.576923
0.626087
0.606061
0.610526
0.633663
0.633663
0.557522
0.601942
0.626263
0.613861
0.647619
0.530973
0.558824
0.421569
0.533981
0.61
0.656863
0.528302
0.601942
0.40566
0.586207
