0.516129
0.638095
0.606061
0.657143
0.659794
0.54902
0.6
0.598131
0.579439
0.574257
0.564356
0.518519
0.676768
0.558559
0.649485
0.598131
0.54955
0.474747
0.490385
0.56
0.636364
0.606061
0.7
0.588235
0.53125
0.601852
0.494737
0.582524
0.554545
0.572917
0.542056
0.530612
0.589474
0.62
0.55
0.648148
0.516854
0.655556
0.533333
0.474227
0.612903
0.673077
0.637255
0.564356
0.435644
0.51
0.62
0.731959
0.672897
0.510204
0.510638
0.590476
0.6
0.606383
0.528846
0.554455
0.574257
0.651786
0.595745
0.594059
0.597826
0.62069
0.451613
0.554455
0.393939
0.616162
0.622642
0.585106
0.677083
0.583333
0.634615
0.515789
0.504854
0.601942
0.618557
0.7
0.636364
0.555556
0.56701
0.585859
0.603774
0.524752
0.48913
0.545455
0.607843
0.6
0.574468
0.645161
0.551724
0.564356
0.585859
0.583333
0.623656
0.527473
0.490196
0.593407
0.5
0.536364
0.663551
0.544554
