0.616822
0.510204
0.5
0.485437
0.552381
0.553191
0.76087
0.59
0.494505
0.625
0.544554
0.553191
0.466667
0.574468
0.614583
0.617647
0.572917
0.684211
0.615385
0.663158
0.533333
0.541667
0.55
0.62963
0.638095
0.59375
0.475728
0.601852
0.39
0.62766
0.5625
0.544554
0.623932
0.548077
0.484536
0.452632
0.537736
0.494949
0.596154
0.544554
0.572917
0.557895
0.523364
0.650485
0.477064
0.649485
0.539216
0.561905
0.635417
0.533981
0.573034
0.613636
0.53
0.548387
0.610526
0.537736
0.61
0.632653
0.574257
0.514563
0.548387
0.69697
0.588235
0.604167
0.519231
0.58427
0.673267
0.578947
0.577982
0.574257
0.54
0.55
0.485714
0.644231
0.605263
0.558824
0.623656
0.521739
0.609524
0.428571
0.53
0.645455
0.592233
0.641509
0.633663
0.679612
0.586538
0.656566
0.427184
0.533333
0.643564
0.55102
0.61
0.510204
0.54023
0.524272
0.485149
0.585106
0.520833
0.556701
