1000025 5 1 1 1 2 1 3 1 1 2
1015425 3 1 1 1 2 2 3 1 1 2
1017023 4 1 1 3 2 1 3 1 1 2
1018561 2 1 2 1 2 1 3 1 1 2
1033078 2 1 1 1 2 1 1 1 5 2
1033078 4 2 1 1 2 1 2 1 1 2
1044572 8 7 5 10 7 9 5 5 4 4
1047630 7 4 6 4 6 1 4 3 1 4
1054593 10 5 5 3 6 7 7 10 1 4
1065726 5 2 3 4 2 7 3 6 1 4
1066373 3 2 1 1 1 1 2 1 1 2
1066979 5 1 1 1 2 1 2 1 1 2
1070935 3 1 1 1 1 1 2 1 1 2
1074610 2 1 1 2 2 1 3 1 1 2
1075123 3 1 2 1 2 1 2 1 1 2
1100524 6 10 10 2 8 10 7 3 3 4
1105524 1 1 1 1 2 1 2 1 1 2
1108370 9 5 8 1 2 3 2 1 5 4
1108449 5 3 3 4 2 4 3 4 1 4
1110524 10 5 5 6 8 8 7 1 1 4
1111249 10 6 6 3 4 5 3 6 1 4
1113038 8 2 4 1 5 1 5 4 4 4
1115293 1 1 1 1 2 2 2 1 1 2
1116116 9 10 10 1 10 8 3 3 1 4
1116192 1 1 1 1 2 1 2 1 1 2
1117152 4 1 1 1 2 1 3 1 1 2
1118039 5 3 4 1 8 10 4 9 1 4
1121732 1 1 1 1 2 1 3 2 1 2
1124651 1 3 3 2 2 1 7 2 1 2
1133041 5 3 1 2 2 1 2 1 1 2
1133136 3 1 1 1 2 3 3 1 1 2
1143978 4 1 1 2 2 1 2 1 1 2
1147044 3 1 1 1 2 2 7 1 1 2
1147699 3 5 7 8 8 9 7 10 7 4
1147748 5 10 6 1 10 4 4 10 10 4
1148278 3 3 6 4 5 8 4 4 1 4
1157734 4 1 1 1 2 1 3 1 1 2
1164066 1 1 1 1 2 1 3 1 1 2
1165926 9 6 9 2 10 6 2 9 10 4
1168359 8 2 3 1 6 3 7 1 1 4
1168736 10 10 10 10 10 1 8 8 8 4
1170419 10 10 10 8 2 10 4 1 1 4
1171845 8 6 4 3 5 9 3 1 1 4
1173216 10 10 10 3 10 8 8 1 1 4
1173347 8 3 3 1 2 2 3 2 1 2
1174057 1 1 2 2 2 1 3 1 1 2
1175937 5 4 6 7 9 7 8 10 1 4
1182410 3 1 1 1 2 1 1 1 1 2
1183911 2 1 1 1 2 1 1 1 1 2
1187457 3 1 1 3 8 1 5 8 1 2
1187805 8 8 7 4 10 10 7 8 7 4
1190394 4 1 1 1 2 3 1 1 1 2
1201936 5 10 10 3 8 1 5 10 3 4
1203096 1 1 1 1 1 1 3 1 1 2
1205579 8 7 6 4 4 10 5 1 1 4
1206841 10 5 6 10 6 10 7 7 10 4
1212232 5 1 1 1 2 1 2 1 1 2
1212422 4 1 1 1 2 1 3 1 1 2
1214556 3 1 1 1 2 1 2 1 1 2
1216694 10 8 8 4 10 10 8 1 1 4
1218860 1 1 1 1 1 1 3 1 1 2
1220330 1 1 1 1 2 1 3 1 1 2
1222047 10 10 10 10 3 10 10 6 1 4
1223793 6 10 7 7 6 4 8 10 2 4
1224329 1 1 1 2 2 1 3 1 1 2
1227481 10 5 7 4 4 10 8 9 1 4
1241559 10 8 8 2 8 10 4 8 10 4
1242364 8 10 10 8 6 9 3 10 10 4
1243256 10 4 3 2 3 10 5 3 2 4
1270479 5 1 3 3 2 2 2 3 1 2
1276091 3 1 1 3 1 1 3 1 1 2
1277018 2 1 1 1 2 1 3 1 1 2
128059 1 1 1 1 2 5 5 1 1 2
167528 4 1 1 1 2 1 3 6 1 2
169356 3 1 1 1 2 ? 3 1 1 2
183913 1 2 2 1 2 1 1 1 1 2
1017023 6 3 3 5 3 10 3 5 3 2
1100524 6 10 10 2 8 10 7 3 3 4
1168736 5 6 6 2 4 10 3 6 1 4
1182404 3 1 1 1 2 1 2 1 1 2
1198641 3 1 1 1 2 1 3 1 1 2
255644 10 5 8 10 3 10 5 1 3 4
320675 3 3 5 2 3 10 7 1 1 4
320675 3 3 5 2 3 10 7 1 1 4
434518 3 1 1 1 2 1 2 1 1 2
452264 1 1 1 1 2 1 2 1 1 2
456282 1 1 1 1 2 1 3 1 1 2
476903 10 5 7 3 3 7 3 3 8 4
492268 10 4 6 1 2 10 5 3 1 4
527363 8 10 10 10 8 10 10 7 3 4
560680 1 1 1 1 2 1 1 1 1 2
563649 8 8 8 1 2 ? 6 10 1 4
63375 9 1 2 6 4 10 7 7 2 4
646904 1 1 1 1 2 1 3 1 1 2
659642 10 8 4 4 4 10 3 10 4 4
666090 1 1 1 1 2 1 3 1 1 2
673637 3 1 1 1 2 5 5 1 1 2
684955 2 1 1 1 3 1 2 1 1 2
704168 4 6 5 6 7 ? 4 9 1 2
718641 1 1 1 1 5 1 3 1 1 2
721482 4 4 4 4 6 5 7 3 1 2
743348 3 2 2 1 2 1 2 3 1 2
752904 10 1 1 1 2 10 5 4 1 4
76389 10 4 7 2 2 8 6 1 1 4
770066 5 2 2 2 2 1 2 2 1 2
785208 5 4 6 6 4 10 4 3 1 4
785615 8 6 7 3 3 10 3 4 2 4
792744 1 1 1 1 2 1 1 1 1 2
797327 6 5 5 8 4 10 3 4 1 4
798429 1 1 1 1 2 1 3 1 1 2
810104 1 1 1 1 2 1 3 1 1 2
814265 2 1 1 1 2 1 1 1 1 2
822829 7 6 4 8 10 10 9 5 3 4
826923 1 1 1 1 2 1 1 1 1 2
832226 3 4 4 10 5 1 3 3 1 4
836433 5 1 1 3 2 1 1 1 1 2
859164 5 3 3 1 3 3 3 3 3 4
859350 8 10 10 7 10 10 7 3 8 4
866325 8 10 5 3 8 4 4 10 3 4
897172 2 1 1 1 2 1 2 1 1 2
428598 1 1 3 1 1 1 2 1 1 2
657753 3 1 1 4 3 1 2 2 1 2
1002504 3 2 2 2 2 1 3 2 1 2
1022257 2 1 1 1 2 1 1 1 1 2
1158405 1 2 3 1 2 1 2 1 1 2
1168278 3 1 1 1 2 1 2 1 1 2
1196475 3 2 1 1 2 1 2 2 1 2
1223003 5 3 3 1 2 1 2 1 1 2
1234554 1 1 1 1 2 1 2 1 1 2
1236837 2 3 2 2 2 2 3 1 1 2
1238915 5 1 2 1 2 1 3 1 1 2
1240337 5 2 2 2 2 2 3 2 2 2
1253505 2 3 1 1 5 1 1 1 1 2
1257648 4 3 3 1 2 1 3 3 1 2
1257938 3 1 1 1 2 1 1 1 1 2
1258556 5 3 6 1 2 1 1 1 1 2
1266154 8 7 8 2 4 2 5 10 1 4
1272039 1 1 1 1 2 1 2 1 1 2
1276091 2 1 1 1 2 1 2 1 1 2
1276091 5 1 1 3 4 1 3 2 1 2
734111 1 1 1 1 2 2 1 1 1 2
1202253 5 1 1 1 2 1 1 1 1 2
1246562 10 2 2 1 2 6 1 1 2 4
1257470 10 6 5 8 5 10 8 6 1 4
1259008 8 8 9 6 6 3 10 10 1 4
1267898 5 1 3 1 2 1 1 1 1 2
1268313 5 1 1 3 2 1 1 1 1 2
1105524 4 1 1 1 2 1 1 1 1 2
1211594 3 1 1 1 1 1 2 1 1 2
1257608 6 1 1 1 1 1 1 1 1 2
1296263 4 1 1 1 2 1 1 1 1 2
1301945 5 1 1 1 1 1 1 1 1 2
1302428 5 3 2 4 2 1 1 1 1 2
1318169 9 10 10 10 10 5 10 10 10 4
787451 5 1 2 1 2 1 1 1 1 2
1002025 1 1 1 3 1 3 1 1 1 2
1070522 3 1 1 1 1 1 2 1 1 2
1076352 3 6 4 10 3 3 3 4 1 4
1119189 5 8 9 4 3 10 7 1 1 4
1182404 4 2 1 1 2 1 1 1 1 2
1204558 4 1 1 1 2 1 2 1 1 2
1268766 1 1 1 1 2 1 1 1 1 2
1286943 8 10 10 10 7 5 4 8 7 4
1330439 4 7 8 3 4 10 9 1 1 4
369565 4 1 1 1 3 1 1 1 1 2
749653 3 1 1 1 2 1 2 1 1 2
769612 3 1 1 2 2 1 1 1 1 2
807657 6 1 3 2 2 1 1 1 1 2
8233704 4 1 1 1 1 1 2 1 1 2
1056171 2 1 1 1 2 1 2 1 1 2
1116192 5 1 2 1 2 1 3 1 1 2
1158157 5 1 1 1 2 2 2 1 1 2
1171578 3 1 1 1 2 1 1 1 1 2
1240603 2 1 1 1 1 1 1 1 1 2
1299924 3 2 2 2 2 1 4 2 1 2
1313658 3 1 1 1 2 1 1 1 1 2
1321321 5 1 1 3 2 1 1 1 1 2
1328331 1 1 1 1 2 1 3 1 1 2
1331412 5 7 10 10 5 10 10 10 1 4
142932 7 6 10 5 3 10 9 10 2 4
183936 3 1 1 1 2 1 2 1 1 2
324382 1 1 1 1 2 1 2 1 1 2
690557 5 1 1 1 2 1 2 1 1 2
695219 1 1 1 1 2 1 2 1 1 2
878358 5 7 10 6 5 10 7 5 1 4
1115762 3 1 1 1 2 1 1 1 1 2
1239420 1 1 1 1 2 1 1 1 1 2
1272166 5 1 1 1 2 1 1 1 1 2
1333063 5 1 3 1 2 1 3 1 1 2
1333495 3 1 1 1 2 1 2 1 1 2
1350568 4 1 1 1 2 1 2 1 1 2
411453 1 1 1 1 2 1 1 1 1 2
736150 10 4 3 10 3 10 7 1 2 4
1031608 2 1 1 1 1 1 2 1 1 2
1061990 4 1 1 1 2 1 2 1 1 2
1083817 3 1 1 1 2 1 2 1 1 2
1096352 6 3 3 3 3 2 6 1 1 2
1183596 3 1 3 1 3 4 1 1 1 2
1285722 4 1 1 3 2 1 1 1 1 2
1288608 3 1 1 1 2 1 2 1 1 2
1318671 3 1 1 1 2 1 2 1 1 2
1319609 3 1 1 2 3 4 1 1 1 2
1323477 1 2 1 3 2 1 2 1 1 2
1324572 5 1 1 1 2 1 2 2 1 2
1325159 3 1 1 1 2 1 3 1 1 2
1333877 5 4 5 1 8 1 3 6 1 2
1339781 4 1 1 1 2 1 3 1 1 2
1350319 5 7 4 1 6 1 7 10 3 4
1368273 1 1 1 1 2 1 1 1 1 2
1371026 5 10 10 10 4 10 5 6 3 4
1371920 5 1 1 1 2 1 3 2 1 2
466906 1 1 1 1 2 1 1 1 1 2
466906 1 1 1 1 2 1 1 1 1 2
534555 1 1 1 1 2 1 1 1 1 2
536708 1 1 1 1 2 1 1 1 1 2
566346 3 1 1 1 2 1 2 3 1 2
714039 3 1 1 1 2 1 1 1 1 2
