1016277 6 8 8 1 3 4 3 7 1 2
1035283 1 1 1 1 1 1 3 1 1 2
1043999 1 1 1 1 2 3 3 1 1 2
1048672 4 1 1 1 2 1 2 1 1 2
1049815 4 1 1 1 2 1 3 1 1 2
1050670 10 7 7 6 4 10 4 1 2 4
1057013 8 4 5 1 2 ? 7 3 1 4
1059552 1 1 1 1 2 1 3 1 1 2
1065726 5 2 3 4 2 7 3 6 1 4
1066373 3 2 1 1 1 1 2 1 1 2
1070935 1 1 3 1 2 1 1 1 1 2
1075123 3 1 2 1 2 1 2 1 1 2
1079304 2 1 1 1 2 1 2 1 1 2
1081791 6 2 1 1 1 1 7 1 1 2
1108370 9 5 8 1 2 3 2 1 5 4
1112209 8 10 10 1 3 6 3 9 1 4
1113483 5 2 3 1 6 10 5 1 1 4
1113906 9 5 5 2 2 2 5 1 1 4
1116132 6 3 4 1 5 2 3 9 1 4
1116192 1 1 1 1 2 1 2 1 1 2
1116998 10 4 2 1 3 2 4 3 10 4
1117152 4 1 1 1 2 1 3 1 1 2
1125035 9 4 5 10 6 10 4 8 1 4
1126417 10 6 4 1 3 4 3 2 3 4
1137156 2 2 2 1 1 1 7 1 1 2
1143978 5 2 1 1 2 1 3 1 1 2
1148873 3 6 6 6 5 10 6 8 3 4
1157734 4 1 1 1 2 1 3 1 1 2
1165297 2 1 1 2 2 1 1 1 1 2
1171710 1 1 1 1 2 1 2 3 1 2
1171845 8 6 4 3 5 9 3 1 1 4
1174057 4 2 1 1 2 2 3 1 1 2
1174131 10 10 10 2 10 10 5 3 3 4
1175937 5 4 6 7 9 7 8 10 1 4
1176881 7 5 3 7 4 10 7 5 5 4
1177027 3 1 1 1 2 1 3 1 1 2
1178580 5 1 3 1 2 1 2 1 1 2
1180523 3 1 1 1 2 1 2 2 1 2
1180831 3 1 1 1 3 1 2 1 1 2
1181356 5 1 1 1 2 2 3 3 1 2
1183240 4 1 2 1 2 1 2 1 1 2
1185609 3 4 5 2 6 8 4 1 1 4
1185610 1 1 1 1 3 2 2 1 1 2
1187457 3 1 1 3 8 1 5 8 1 2
1190485 1 1 1 1 2 1 1 1 1 2
1196295 9 9 10 3 6 10 7 10 6 4
1197080 4 1 1 1 2 1 3 2 1 2
1197270 3 1 1 1 2 1 3 1 1 2
1197440 1 1 1 2 1 3 1 1 7 2
1199983 1 1 1 1 2 1 3 1 1 2
1201834 2 1 1 1 2 1 3 1 1 2
1203096 1 1 1 1 1 1 3 1 1 2
1204242 1 1 1 1 2 1 1 1 1 2
1204898 6 1 1 1 2 1 3 1 1 2
1206089 2 1 1 1 1 1 3 1 1 2
1208301 1 2 3 1 2 1 3 1 1 2
1212232 5 1 1 1 2 1 2 1 1 2
1212251 1 1 1 1 2 1 3 1 1 2
1213383 5 1 1 4 2 1 3 1 1 2
1214966 9 7 7 5 5 10 7 8 3 4
1217264 1 1 1 1 2 1 3 1 1 2
1218860 1 1 1 1 1 1 3 1 1 2
1220330 1 1 1 1 2 1 3 1 1 2
1222047 10 10 10 10 3 10 10 6 1 4
1224329 1 1 1 2 2 1 3 1 1 2
1226012 4 1 1 3 1 5 2 1 1 4
1227481 10 5 7 4 4 10 8 9 1 4
1228152 8 9 9 5 3 5 7 7 1 4
1230688 7 4 7 4 3 7 7 6 1 4
1231706 8 4 6 3 3 1 4 3 1 2
1236043 3 3 2 1 3 1 3 6 1 2
1243256 10 4 3 2 3 10 5 3 2 4
1270479 5 1 3 3 2 2 2 3 1 2
128059 1 1 1 1 2 5 5 1 1 2
191250 10 4 4 10 2 10 5 3 3 4
255644 10 5 8 10 3 10 5 1 3 4
263538 5 10 10 6 10 10 10 6 5 4
274137 8 8 9 4 5 10 7 8 1 4
303213 10 4 4 10 6 10 5 5 1 4
385103 1 1 1 1 2 1 3 1 1 2
431495 3 1 1 1 2 1 3 2 1 2
456282 1 1 1 1 2 1 3 1 1 2
606722 5 5 7 8 6 10 7 4 1 4
61634 5 4 3 1 2 ? 2 3 1 2
625201 8 2 1 1 5 1 1 1 1 2
636130 1 1 1 1 2 1 3 1 1 2
646904 1 1 1 1 2 1 3 1 1 2
666942 1 1 1 1 2 1 3 1 1 2
684955 2 1 1 1 3 1 2 1 1 2
688033 1 1 1 1 2 1 1 1 1 2
718641 1 1 1 1 5 1 3 1 1 2
721482 4 4 4 4 6 5 7 3 1 2
730881 7 6 3 2 5 10 7 4 6 4
76389 10 4 7 2 2 8 6 1 1 4
764974 5 1 1 1 2 1 3 1 2 2
809912 10 3 3 1 2 10 7 6 1 4
814265 2 1 1 1 2 1 1 1 1 2
822829 7 6 4 8 10 10 9 5 3 4
832567 4 2 3 5 3 8 7 6 1 4
836433 5 1 1 3 2 1 1 1 1 2
837082 2 1 1 1 2 1 3 1 1 2
850831 2 7 10 10 7 10 4 9 4 4
859164 5 3 3 1 3 3 3 3 3 4
866325 8 10 5 3 8 4 4 10 3 4
877291 6 10 10 10 10 10 8 10 10 4
877943 3 10 3 10 6 10 5 1 4 4
888523 4 4 4 2 2 3 2 1 1 2
897172 2 1 1 1 2 1 2 1 1 2
160296 5 8 8 10 5 10 8 10 3 4
342245 1 1 3 1 2 1 1 1 1 2
428598 1 1 3 1 1 1 2 1 1 2
492561 4 3 2 1 3 1 2 1 1 2
493452 1 1 3 1 2 1 1 1 1 2
521441 5 1 1 2 2 1 2 1 1 2
560680 3 1 2 1 2 1 2 1 1 2
636437 1 1 1 1 2 1 1 1 1 2
654244 1 1 1 1 1 1 2 1 1 2
685977 5 3 4 1 4 1 3 1 1 2
1022257 2 1 1 1 2 1 1 1 1 2
1026122 2 1 1 1 2 1 1 1 1 2
1151734 10 8 7 4 3 10 7 9 1 4
1156017 3 1 1 1 2 1 2 1 1 2
1158405 1 2 3 1 2 1 2 1 1 2
1211265 3 10 8 7 6 9 9 3 8 4
1236837 2 3 2 2 2 2 3 1 1 2
1238021 1 1 1 1 2 1 2 1 1 2
1238915 5 1 2 1 2 1 3 1 1 2
1238948 8 5 6 2 3 10 6 6 1 4
1239232 3 3 2 6 3 3 3 5 1 2
1239967 1 1 1 1 2 1 2 1 1 2
1257200 10 10 10 7 10 10 8 2 1 4
1257938 3 1 1 1 2 1 1 1 1 2
1276091 5 1 1 3 4 1 3 2 1 2
1293439 6 9 7 5 5 8 4 2 1 2
558538 4 1 3 3 2 1 1 1 1 2
780555 5 1 1 6 3 1 2 1 1 2
1201870 4 1 1 3 1 1 2 1 1 2
1238410 2 3 1 1 3 1 1 1 1 2
1259008 8 8 9 6 6 3 10 10 1 4
1266124 5 1 2 1 2 1 1 1 1 2
1276091 6 1 1 3 2 1 1 1 1 2
1293966 4 1 1 1 2 1 1 1 1 2
1296572 10 9 8 7 6 4 7 10 3 4
1238777 6 1 1 3 2 1 1 1 1 2
1287282 3 1 1 1 2 1 1 1 1 2
1296263 4 1 1 1 2 1 1 1 1 2
1299161 4 8 7 10 4 10 7 5 1 4
787451 5 1 2 1 2 1 1 1 1 2
1070522 3 1 1 1 1 1 2 1 1 2
1181567 1 1 1 1 1 1 1 1 1 2
1238186 4 1 1 1 2 1 2 1 1 2
1253917 4 1 1 2 2 1 2 1 1 2
1277268 3 3 1 1 2 1 1 1 1 2
1295508 1 1 1 1 2 4 1 1 1 2
1297522 2 1 1 1 2 1 1 1 1 2
1306282 6 6 7 10 3 10 8 10 2 4
1313325 4 10 4 7 3 10 9 10 1 4
1320304 3 1 2 2 2 1 1 1 1 2
369565 4 1 1 1 3 1 1 1 1 2
837480 7 4 4 3 4 10 6 9 1 4
867392 4 2 2 1 2 1 2 1 1 2
1056171 2 1 1 1 2 1 2 1 1 2
1061990 1 1 3 2 2 1 3 1 1 2
1116192 5 1 2 1 2 1 3 1 1 2
1135090 4 1 1 1 2 1 2 1 1 2
1241035 7 8 3 7 4 5 7 8 2 4
1287971 3 1 1 1 2 1 2 1 1 2
1313658 3 1 1 1 2 1 1 1 1 2
1321321 5 1 1 3 2 1 1 1 1 2
1343374 10 10 8 10 6 5 10 3 1 4
324382 1 1 1 1 2 1 2 1 1 2
378275 10 9 7 3 4 2 7 7 1 4
871549 5 1 2 1 2 1 2 1 1 2
1239420 1 1 1 1 2 1 1 1 1 2
1272166 5 1 1 1 2 1 1 1 1 2
1320141 5 1 1 1 2 1 2 1 1 2
1325309 4 1 2 1 2 1 2 1 1 2
1336798 3 1 1 1 2 1 2 1 1 2
1350568 4 1 1 1 2 1 2 1 1 2
352431 10 5 10 3 5 8 7 8 3 4
353098 4 1 1 2 2 1 1 1 1 2
636375 5 1 1 1 2 1 1 1 1 2
736150 10 4 3 10 3 10 7 1 2 4
1073836 5 1 1 1 2 1 2 1 1 2
1140597 7 1 2 3 2 1 2 1 1 2
1149548 1 1 1 1 2 1 1 1 1 2
1218982 4 1 1 1 2 1 1 1 1 2
1238777 1 1 1 1 2 1 1 1 1 2
1260659 3 1 4 1 2 1 1 1 1 2
1275807 4 2 4 3 2 2 2 1 1 2
1290203 3 1 1 1 2 1 2 1 1 2
1303489 3 1 1 1 2 1 2 1 1 2
1311033 1 2 2 1 2 1 1 1 1 2
1311108 1 1 1 3 2 1 1 1 1 2
1315807 5 10 10 10 10 2 10 10 10 4
1318671 3 1 1 1 2 1 2 1 1 2
1324572 5 1 1 1 2 1 2 2 1 2
1333877 5 4 5 1 8 1 3 6 1 2
1334015 7 8 8 7 3 10 7 2 3 4
1334667 1 1 1 1 2 1 1 1 1 2
1339781 1 1 1 1 2 1 2 1 1 2
1347943 5 2 2 2 2 1 1 1 2 2
1348851 3 1 1 1 2 1 3 1 1 2
1352848 3 10 7 8 5 8 7 4 1 4
1354840 5 3 2 1 3 1 1 1 1 2
1365075 4 1 4 1 2 1 1 1 1 2
1371920 5 1 1 1 2 1 3 2 1 2
466906 1 1 1 1 2 1 1 1 1 2
536708 1 1 1 1 2 1 1 1 1 2
603148 4 1 1 1 2 1 1 1 1 2
695091 5 10 10 5 4 5 4 4 1 4
776715 3 1 1 1 3 2 1 1 1 2
841769 2 1 1 1 2 1 1 1 1 2
897471 4 8 6 4 3 4 10 6 1 4
897471 4 8 8 5 4 5 10 4 1 4
