362.83126591 0.200712864 0.2443460953 124.9125593692 3290.4624462766 26.3421265475 69.3893890381 103.8665518819 424.7965033868 0
389.8729777095 0.1500983157 0.0977384381 118.6258142706 2475.557077623 20.8686203154 49.7571487427 107.6861641614 429.3857878604 0
470 0.2131047017 0.2254965394 184.5900565767 8185.3608372261 44.3434548373 84.4824829102 164.1225107308 603.3157150786 0
410 0.3178244568 0.2974041045 255.8151790765 10622.5471101291 41.5243033993 67.5232086182 246.7428255438 508.5403560169 0
438.7801572296 0.21240657 0.060737458 120.9015964126 4879.4955758694 40.3592319759 80.7917785645 89.9437864191 525.4201494351 0
366.9423790985 0.2801253449 0.252025544 172.7455537387 7064.8159090557 40.8972373306 75.6043243408 155.3222849252 471.5881953798 0
211 0.0539306739 0.0942477796 30.7534434583 151.9845775553 4.9420344672 14.2683744431 27.24312366 217.1307040276 1
196.856714179 0.0200712864 0.0907571211 28.5931261347 82.0588885292 2.8698816682 7.9687833786 27.6615159531 200.7493364347 1
355 0.0640535835 0.0844739358 89.5584634547 1033.8542450686 11.5439033363 27.5626621246 86.5765610935 372.0399565985 1
144 0.1206022513 0.0460766923 19.6476695229 70.4262388067 3.5844576236 18.1310138702 7.569493117 160.3737702928 1
252 0.1061160185 0.0314159265 38.5442095271 493.7904229154 12.8110143903 25.5411453247 28.8670396589 280.65829935 2
172.5157972533 0.1272345025 0.0383972435 37.5436732244 192.2181478854 5.1198545954 19.3220806122 32.1898208105 174.9337699538 2
121 0.1741838593 0.0907571211 24.4371804081 144.4665132032 5.911750488 22.0210800171 10.5947082078 141.7661848939 2
370.3957246909 0.1047197551 0 115.9232531157 1308.1204304417 11.284366124 31.3670310974 112.715101601 365.9776512618 2
260.2775210255 0.0790634151 0.0328121899 58.8176114077 277.2590342852 4.7138778276 17.8686695099 56.0376840227 248.6234122408 2
544.6543494729 0.0637045177 0.0020943951 100.7880802493 1189.290233286 11.7999095761 29.4122219086 96.5801499813 553.3582098767 2
197 0.1326450232 0.0740019603 33.4606529676 409.6471412714 12.2426523376 26.9928073883 19.7738131904 231.7837876143 3
216.4132572942 0.1178097245 0.0684169067 53.5996000209 280.4454864735 5.2322309563 22.7905349731 48.5129740146 215.3729200694 3
178 0.1495747169 0.0991347015 40.2906209757 474.4046992996 11.7745690637 25.9208278656 30.8454992657 209.1807379131 3
176 0.0898844565 0.0767944871 20.5885241068 79.7054245831 3.8713520294 18.2264919281 9.5750878548 191.9928785117 3
1724.0898944487 0.0527089434 -0.020943951 404.1262083188 3053.9668898369 7.5569632134 71.4275894165 399.1942440827 1489.3867124079 4
1385.6647213356 0.0923279174 0.0893608577 202.480043717 8785.0287327512 43.3871337218 143.0921936035 143.2577800188 1524.6092039901 4
1500 0.0565486678 0.0502654825 375.0966032873 4759.4545463877 12.6886100932 78.4459762573 366.8019778992 1336.1585337698 4
1647.9398111586 0.0809832773 0.0865683309 576.7703763685 11852.4850634255 20.5497465699 111.4359130859 565.9029104183 1402.8777374758 4
1800 0.0342084533 0.0425860337 301.0603508989 4406.1543313109 14.6354520552 67.625328064 293.3669201065 1742.3757016886 5
2100 0.1216494489 0.3776892501 450.5516668163 35671.6062867034 79.1731757176 436.0996398926 113.1985701121 2461.4504966686 5
1850 0.0733038286 0.2254965394 325.1915422642 8644.9842366383 26.5842837623 208.7399749756 249.3534862595 1908.177238665 5
2000 0.0671951762 0.1242674427 330.2716456314 15381.0976865603 46.571051103 169.1979827881 283.639564377 2063.0732120677 5
2600 0.2005383311 0.2080432468 1063.4414274728 174480.476217939 164.0715433031 418.687286377 977.5523672434 2664.5836230562 5
2600 0.069987703 0.0488692191 745.4743691927 39845.7736975332 53.4502262508 154.1226043701 729.3683950429 2545.4197444546 5
