0.637931
0.811321
0.909091
1
1
0.925234
1
1
0.929204
1
0.917431
0.962264
0.990654
0.963303
0.899083
1
1
0.990566
1
1
1
1
0.644231
1
1
1
1
0.663551
1
1
1
0.900901
0.951923
1
0.833333
1
0.640351
1
0.990826
0.801887
0.990909
0.848214
0.607143
0.654206
0.652542
0.942308
0.971698
1
0.897959
1
0.647619
1
0.991228
0.961905
1
1
1
1
1
0.933333
0.663551
1
1
0.873786
0.908257
0.663366
0.910714
0.979592
1
0.871287
0.989691
1
0.642202
1
1
0.961905
0.836538
0.62
0.906542
1
0.861386
0.634615
1
0.98
0.961538
0.973214
0.962617
0.903846
0.663551
0.910714
1
0.818182
1
0.666667
0.963303
1
1
0.648649
0.904348
1
