1017023 4 1 1 3 2 1 3 1 1 2
1018099 1 1 1 1 2 10 3 1 1 2
1018561 2 1 2 1 2 1 3 1 1 2
1033078 2 1 1 1 2 1 1 1 5 2
1036172 2 1 1 1 2 1 2 1 1 2
1043999 1 1 1 1 2 3 3 1 1 2
1050718 6 1 1 1 2 1 3 1 1 2
1065726 5 2 3 4 2 7 3 6 1 4
1070935 3 1 1 1 1 1 2 1 1 2
1079304 2 1 1 1 2 1 2 1 1 2
1091262 2 5 3 3 6 7 7 5 1 4
1099510 10 4 3 1 3 3 6 5 2 4
1100524 6 10 10 2 8 10 7 3 3 4
1103722 1 1 1 1 2 1 2 1 2 2
1106829 7 8 7 2 4 8 3 8 2 4
1108370 9 5 8 1 2 3 2 1 5 4
1110102 10 3 6 2 3 5 4 10 2 4
1110524 10 5 5 6 8 8 7 1 1 4
1116132 6 3 4 1 5 2 3 9 1 4
1116192 1 1 1 1 2 1 2 1 1 2
1116998 10 4 2 1 3 2 4 3 10 4
1120559 8 3 8 3 4 9 8 9 8 4
1121919 5 1 3 1 2 1 2 1 1 2
1125035 9 4 5 10 6 10 4 8 1 4
1132347 1 1 4 1 2 1 2 1 1 2
1133041 5 3 1 2 2 1 2 1 1 2
1143978 5 2 1 1 2 1 3 1 1 2
1147748 5 10 6 1 10 4 4 10 10 4
1156948 3 1 1 2 2 1 1 1 1 2
1164066 1 1 1 1 2 1 3 1 1 2
1166630 7 5 6 10 5 10 7 9 4 4
1167439 2 3 4 4 2 5 2 5 1 4
1168736 10 10 10 10 10 1 8 8 8 4
1171795 1 3 1 2 2 2 5 3 2 2
1172152 10 3 3 10 2 10 7 3 3 4
1173235 3 3 2 1 2 3 3 1 1 2
1173509 4 5 5 10 4 10 7 5 8 4
1173514 1 1 1 1 4 3 1 1 1 2
1175937 5 4 6 7 9 7 8 10 1 4
1177027 3 1 1 1 2 1 3 1 1 2
1179818 2 1 1 1 2 1 3 1 1 2
1180831 3 1 1 1 3 1 2 1 1 2
1183911 2 1 1 1 2 1 1 1 1 2
1185609 3 4 5 2 6 8 4 1 1 4
1187457 3 1 1 3 8 1 5 8 1 2
1187805 8 8 7 4 10 10 7 8 7 4
1200847 6 10 10 10 8 10 10 10 7 4
1200892 8 6 5 4 3 10 6 1 1 4
1200952 5 8 7 7 10 10 5 7 1 4
1204898 6 1 1 1 2 1 3 1 1 2
1205138 5 8 8 8 5 10 7 8 1 4
1205579 8 7 6 4 4 10 5 1 1 4
1206089 2 1 1 1 1 1 3 1 1 2
1206695 1 5 8 6 5 8 7 10 1 4
1210963 10 10 10 8 6 8 7 10 1 4
1212232 5 1 1 1 2 1 2 1 1 2
1212251 1 1 1 1 2 1 3 1 1 2
1212422 3 1 1 1 2 1 3 1 1 2
1214092 1 1 1 1 2 1 1 1 1 2
1214556 3 1 1 1 2 1 2 1 1 2
1214966 9 7 7 5 5 10 7 8 3 4
1218860 1 1 1 1 1 1 3 1 1 2
1219859 8 10 8 8 4 8 7 7 1 4
1222936 8 7 8 7 5 5 5 10 2 4
1228152 8 9 9 5 3 5 7 7 1 4
1230175 10 10 10 3 10 10 9 10 1 4
1230688 7 4 7 4 3 7 7 6 1 4
1236043 3 3 2 1 3 1 3 6 1 2
1241559 10 8 8 2 8 10 4 8 10 4
1242364 8 10 10 8 6 9 3 10 10 4
183913 1 2 2 1 2 1 1 1 1 2
191250 10 4 4 10 2 10 5 3 3 4
1017023 6 3 3 5 3 10 3 5 3 2
1182404 3 1 1 1 2 1 1 1 1 2
1182404 3 1 1 1 2 1 2 1 1 2
1198641 3 1 1 1 2 1 3 1 1 2
255644 10 5 8 10 3 10 5 1 3 4
263538 5 10 10 6 10 10 10 6 5 4
314428 7 9 4 10 10 3 5 3 3 4
428903 7 2 4 1 3 4 3 3 1 4
431495 3 1 1 1 2 1 3 2 1 2
488173 1 4 3 10 4 10 5 6 1 4
492268 10 4 6 1 2 10 5 3 1 4
508234 7 4 5 10 2 10 3 8 2 4
527363 8 10 10 10 8 10 10 7 3 4
560680 1 1 1 1 2 1 1 1 1 2
561477 1 1 1 1 2 1 3 1 1 2
563649 8 8 8 1 2 ? 6 10 1 4
606722 5 5 7 8 6 10 7 4 1 4
61634 5 4 3 1 2 ? 2 3 1 2
640744 10 10 10 7 9 10 7 10 10 4
646904 1 1 1 1 2 1 3 1 1 2
667204 7 8 7 6 4 3 8 8 4 4
688033 1 1 1 1 2 1 1 1 1 2
704097 1 1 1 1 1 1 2 1 1 2
706426 5 5 5 2 5 10 4 3 1 4
730881 7 6 3 2 5 10 7 4 6 4
733639 3 1 1 1 2 1 3 1 1 2
733823 5 4 6 10 2 10 4 1 1 4
743348 3 2 2 1 2 1 2 3 1 2
752904 10 1 1 1 2 10 5 4 1 4
770066 5 2 2 2 2 1 2 2 1 2
798429 1 1 1 1 2 1 3 1 1 2
814911 1 1 1 1 2 1 1 1 1 2
822829 7 6 4 8 10 10 9 5 3 4
830690 5 2 2 2 3 1 1 3 1 2
832226 3 4 4 10 5 1 3 3 1 4
832567 4 2 3 5 3 8 7 6 1 4
873549 10 3 5 4 3 7 3 5 3 4
897172 2 1 1 1 2 1 2 1 1 2
95719 6 10 10 10 8 10 7 10 7 4
160296 5 8 8 10 5 10 8 10 3 4
428598 1 1 3 1 1 1 2 1 1 2
492561 4 3 2 1 3 1 2 1 1 2
560680 3 1 2 1 2 1 2 1 1 2
685977 5 3 4 1 4 1 3 1 1 2
1022257 2 1 1 1 2 1 1 1 1 2
1071084 3 3 2 2 3 1 1 2 3 2
1131411 1 1 1 2 2 1 2 1 1 2
1156017 3 1 1 1 2 1 2 1 1 2
1176187 3 1 1 1 2 1 3 1 1 2
1223003 5 3 3 1 2 1 2 1 1 2
1223306 3 1 1 1 2 4 1 1 1 2
1229929 1 1 1 1 2 1 2 1 1 2
1234554 1 1 1 1 2 1 2 1 1 2
1238464 1 1 1 1 1 ? 2 1 1 2
1238633 10 10 10 6 8 4 8 5 1 4
1253505 2 3 1 1 5 1 1 1 1 2
1255384 3 2 2 3 2 3 3 1 1 2
1257815 5 1 3 1 2 1 2 1 1 2
1276091 5 1 1 3 4 1 3 2 1 2
1293439 6 9 7 5 5 8 4 2 1 2
1294562 10 8 10 1 3 10 5 1 1 4
527337 4 1 1 1 2 1 1 1 1 2
566509 5 1 1 1 2 1 1 1 1 2
734111 1 1 1 1 2 2 1 1 1 2
1268313 5 1 1 3 2 1 1 1 1 2
1276091 6 1 1 3 2 1 1 1 1 2
1280258 4 1 1 1 2 1 1 2 1 2
1296572 10 9 8 7 6 4 7 10 3 4
1105524 4 1 1 1 2 1 1 1 1 2
1238777 6 1 1 3 2 1 1 1 1 2
1302428 5 3 2 4 2 1 1 1 1 2
787451 5 1 2 1 2 1 1 1 1 2
1204558 4 1 1 1 2 1 2 1 1 2
1238186 4 1 1 1 2 1 2 1 1 2
1253917 4 1 1 2 2 1 2 1 1 2
1265899 4 1 1 1 2 1 3 1 1 2
1295508 1 1 1 1 2 4 1 1 1 2
1297327 5 1 1 1 2 1 1 1 1 2
1298360 1 1 1 1 2 1 1 1 1 2
1299994 5 1 1 1 2 1 1 1 1 2
1304595 3 1 1 1 1 1 2 1 1 2
1320077 1 1 1 1 1 1 1 1 1 2
369565 4 1 1 1 3 1 1 1 1 2
798429 4 1 1 1 2 1 3 1 1 2
1184586 4 1 1 1 2 1 2 1 1 2
1299924 3 2 2 2 2 1 4 2 1 2
1321321 5 1 1 3 2 1 1 1 1 2
1321348 2 1 1 1 2 1 2 1 1 2
1321942 5 1 1 1 2 1 3 1 1 2
1321942 5 1 1 1 2 1 3 1 1 2
1328755 3 1 1 1 2 1 2 1 1 2
1343374 10 10 8 10 6 5 10 3 1 4
324382 1 1 1 1 2 1 2 1 1 2
690557 5 1 1 1 2 1 2 1 1 2
1217717 5 1 1 6 3 1 1 1 1 2
1239420 1 1 1 1 2 1 1 1 1 2
1272166 5 1 1 1 2 1 1 1 1 2
1298484 10 3 4 5 3 10 4 1 1 4
1311875 5 1 2 1 2 1 1 1 1 2
1336798 3 1 1 1 2 1 2 1 1 2
1344449 1 1 1 1 1 1 2 1 1 2
1350568 4 1 1 1 2 1 2 1 1 2
557583 5 10 10 10 10 10 10 1 1 4
822829 8 10 10 10 6 10 10 10 10 4
1016634 2 3 1 1 2 1 2 1 1 2
1057067 1 1 1 1 1 ? 1 1 1 2
1061990 4 1 1 1 2 1 2 1 1 2
1073836 5 1 1 1 2 1 2 1 1 2
1083817 3 1 1 1 2 1 2 1 1 2
1225382 6 2 3 1 2 1 1 1 1 2
1235807 5 1 1 1 2 1 2 1 1 2
1253955 8 7 4 4 5 3 5 10 1 4
1275807 4 2 4 3 2 2 2 1 1 2
1277792 4 1 1 1 2 1 1 1 1 2
1288608 3 1 1 1 2 1 2 1 1 2
1311033 1 2 2 1 2 1 1 1 1 2
1326892 3 1 1 1 2 1 2 1 1 2
1330361 5 1 1 1 2 1 2 1 1 2
1334015 7 8 8 7 3 10 7 2 3 4
1334667 1 1 1 1 2 1 1 1 1 2
1345593 3 1 1 3 2 1 2 1 1 2
1353092 3 2 1 2 2 1 3 1 1 2
1354840 2 1 1 1 2 1 3 1 1 2
1365328 1 1 2 1 2 1 2 1 1 2
1368267 5 1 1 1 2 1 1 1 1 2
534555 1 1 1 1 2 1 1 1 1 2
536708 1 1 1 1 2 1 1 1 1 2
566346 3 1 1 1 2 1 2 3 1 2
603148 4 1 1 1 2 1 1 1 1 2
695091 5 10 10 5 4 5 4 4 1 4
776715 3 1 1 1 3 2 1 1 1 2
888820 5 10 10 3 7 3 8 10 2 4
897471 4 8 8 5 4 5 10 4 1 4
