1015425 3 1 1 1 2 2 3 1 1 2
1016277 6 8 8 1 3 4 3 7 1 2
1035283 1 1 1 1 1 1 3 1 1 2
1057013 8 4 5 1 2 ? 7 3 1 4
1066373 3 2 1 1 1 1 2 1 1 2
1067444 2 1 1 1 2 1 2 1 1 2
1081791 6 2 1 1 1 1 7 1 1 2
1091262 2 5 3 3 6 7 7 5 1 4
1096800 6 6 6 9 6 ? 7 8 1 2
1099510 10 4 3 1 3 3 6 5 2 4
1103608 10 10 10 4 8 1 8 10 1 4
1105257 3 7 7 4 4 9 4 8 1 4
1106095 4 1 1 3 2 1 3 1 1 2
1110102 10 3 6 2 3 5 4 10 2 4
1110503 5 5 5 8 10 8 7 3 7 4
1116998 10 4 2 1 3 2 4 3 10 4
1117152 4 1 1 1 2 1 3 1 1 2
1118039 5 3 4 1 8 10 4 9 1 4
1121732 1 1 1 1 2 1 3 2 1 2
1123061 6 10 2 8 10 2 7 8 10 4
1125035 9 4 5 10 6 10 4 8 1 4
1137156 2 2 2 1 1 1 7 1 1 2
1143978 5 2 1 1 2 1 3 1 1 2
1147044 3 1 1 1 2 2 7 1 1 2
1147748 5 10 6 1 10 4 4 10 10 4
1152331 4 1 1 1 2 1 3 1 1 2
1155546 2 1 1 2 3 1 2 1 1 2
1156272 1 1 1 1 2 1 3 1 1 2
1167471 4 1 2 1 2 1 3 1 1 2
1168359 8 2 3 1 6 3 7 1 1 4
1169049 7 3 4 4 3 3 3 2 7 4
1170420 1 6 8 10 8 10 5 7 1 4
1171710 6 5 4 4 3 9 7 8 3 4
1172152 10 3 3 10 2 10 7 3 3 4
1173216 10 10 10 3 10 8 8 1 1 4
1173514 1 1 1 1 4 3 1 1 1 2
1173681 3 2 1 1 2 2 3 1 1 2
1177399 8 3 5 4 5 10 1 6 2 4
1177512 1 1 1 1 10 1 1 1 1 2
1182410 3 1 1 1 2 1 1 1 1 2
1183983 9 5 5 4 4 5 4 3 3 4
1184184 1 1 1 1 2 5 1 1 1 2
1184241 2 1 1 1 2 1 2 1 1 2
1187805 8 8 7 4 10 10 7 8 7 4
1189286 10 10 8 6 4 5 8 10 1 4
1190485 1 1 1 1 2 1 1 1 1 2
1192325 5 5 5 6 3 10 3 1 1 4
1193091 1 2 2 1 2 1 2 1 1 2
1193210 2 1 1 1 2 1 3 1 1 2
1196915 10 7 7 4 5 10 5 7 2 4
1197270 3 1 1 1 2 1 3 1 1 2
1197510 5 1 1 1 2 ? 3 1 1 2
1198641 3 1 1 1 2 1 3 1 1 2
1199219 1 1 1 2 1 1 1 1 1 2
1199731 3 1 1 1 2 1 1 1 1 2
1199983 1 1 1 1 2 1 3 1 1 2
1201834 2 1 1 1 2 1 3 1 1 2
1201936 5 10 10 3 8 1 5 10 3 4
1204242 1 1 1 1 2 1 1 1 1 2
1205138 5 8 8 8 5 10 7 8 1 4
1213383 5 1 1 4 2 1 3 1 1 2
1214092 1 1 1 1 2 1 1 1 1 2
1218860 1 1 1 1 1 1 3 1 1 2
1218860 1 1 1 1 1 1 3 1 1 2
1219406 5 1 1 1 1 1 3 1 1 2
1219525 8 10 10 10 5 10 8 10 6 4
1223426 1 1 1 1 2 1 3 1 1 2
1226012 4 1 1 3 1 5 2 1 1 4
1227210 10 5 5 6 3 10 7 9 2 4
1227244 1 1 1 1 2 1 2 1 1 2
1230175 10 10 10 3 10 10 9 10 1 4
1231706 8 4 6 3 3 1 4 3 1 2
1243256 10 4 3 2 3 10 5 3 2 4
1285531 1 1 1 1 2 1 3 1 1 2
144888 8 10 10 8 5 10 7 8 1 4
167528 4 1 1 1 2 1 3 6 1 2
169356 3 1 1 1 2 ? 3 1 1 2
183913 1 2 2 1 2 1 1 1 1 2
263538 5 10 10 6 10 10 10 6 5 4
1182404 5 1 4 1 2 1 3 2 1 2
385103 1 1 1 1 2 1 3 1 1 2
390840 8 4 7 1 3 10 3 9 2 4
431495 3 1 1 1 2 1 3 2 1 2
486662 2 1 1 2 2 1 3 1 1 2
492268 10 4 6 1 2 10 5 3 1 4
508234 7 4 5 10 2 10 3 8 2 4
527363 8 10 10 10 8 10 10 7 3 4
535331 3 1 1 1 3 1 2 1 1 2
543558 6 1 3 1 4 5 5 10 1 4
646904 1 1 1 1 2 1 3 1 1 2
691628 8 6 4 10 10 1 3 5 1 4
693702 1 1 1 1 2 1 1 1 1 2
721482 4 4 4 4 6 5 7 3 1 2
752904 10 1 1 1 2 10 5 4 1 4
760239 10 4 6 4 5 10 7 1 1 4
798429 1 1 1 1 2 1 3 1 1 2
704097 1 1 1 1 1 1 2 1 1 2
809912 10 3 3 1 2 10 7 6 1 4
810104 1 1 1 1 2 1 3 1 1 2
822829 7 6 4 8 10 10 9 5 3 4
830690 5 2 2 2 3 1 1 3 1 2
832567 4 2 3 5 3 8 7 6 1 4
837082 2 1 1 1 2 1 3 1 1 2
850831 2 7 10 10 7 10 4 9 4 4
888169 3 2 2 1 4 3 2 1 1 2
888523 4 4 4 2 2 3 2 1 1 2
896404 2 1 1 1 2 1 3 1 1 2
342245 1 1 3 1 2 1 1 1 1 2
428598 1 1 3 1 1 1 2 1 1 2
493452 4 1 2 1 2 1 2 1 1 2
521441 5 1 1 2 2 1 2 1 1 2
640712 1 1 1 1 2 1 2 1 1 2
657753 3 1 1 4 3 1 2 2 1 2
685977 5 3 4 1 4 1 3 1 1 2
1080233 7 6 6 3 2 10 7 1 1 4
1114570 5 3 3 2 3 1 3 1 1 2
1114570 2 1 1 1 2 1 2 2 1 2
1196263 4 1 1 1 2 1 1 1 1 2
1223543 1 2 1 3 2 1 1 2 1 2
1231853 4 2 2 1 2 1 2 1 1 2
1234554 1 1 1 1 2 1 2 1 1 2
1238021 1 1 1 1 2 1 2 1 1 2
1238464 1 1 1 1 1 ? 2 1 1 2
1238915 5 1 2 1 2 1 3 1 1 2
1257938 3 1 1 1 2 1 1 1 1 2
1258549 9 10 10 10 10 10 10 10 1 4
1258556 5 3 6 1 2 1 1 1 1 2
1266154 8 7 8 2 4 2 5 10 1 4
1276091 2 1 1 1 2 1 2 1 1 2
558538 4 1 3 3 2 1 1 1 1 2
677910 5 2 2 4 2 4 1 1 1 2
780555 5 1 1 6 3 1 2 1 1 2
1049837 1 1 1 1 2 1 1 1 1 2
1201870 4 1 1 3 1 1 2 1 1 2
1230994 4 5 5 8 6 10 10 7 1 4
1238410 2 3 1 1 3 1 1 1 1 2
1266124 5 1 2 1 2 1 1 1 1 2
1268313 5 1 1 3 2 1 1 1 1 2
1268804 3 1 1 1 2 5 1 1 1 2
1276091 6 1 1 3 2 1 1 1 1 2
1280258 4 1 1 1 2 1 1 2 1 2
1238777 6 1 1 3 2 1 1 1 1 2
1257608 6 1 1 1 1 1 1 1 1 2
1269574 4 1 1 1 2 1 1 1 1 2
1296025 4 1 2 1 2 1 1 1 1 2
1296263 4 1 1 1 2 1 1 1 1 2
1076352 3 6 4 10 3 3 3 4 1 4
1084139 6 3 2 1 3 4 4 1 1 4
1115293 1 1 1 1 2 1 1 1 1 2
1133991 4 1 1 1 1 1 2 1 1 2
1142706 5 10 10 10 6 10 6 5 2 4
1155967 5 1 2 10 4 5 2 1 1 2
1217952 4 1 1 1 2 1 2 1 1 2
1224565 6 1 1 1 2 1 3 1 1 2
1253917 4 1 1 2 2 1 2 1 1 2
1297327 5 1 1 1 2 1 1 1 1 2
1297522 2 1 1 1 2 1 1 1 1 2
1299924 5 1 1 1 2 1 2 1 1 2
1304595 3 1 1 1 1 1 2 1 1 2
1320077 1 1 1 1 1 1 1 1 1 2
1330439 4 7 8 3 4 10 9 1 1 4
333093 1 1 1 1 3 1 1 1 1 2
412300 10 4 5 4 3 5 7 3 1 4
798429 4 1 1 1 2 1 3 1 1 2
807657 6 1 3 2 2 1 1 1 1 2
8233704 4 1 1 1 1 1 2 1 1 2
837480 7 4 4 3 4 10 6 9 1 4
1056171 2 1 1 1 2 1 2 1 1 2
1135090 4 1 1 1 2 1 2 1 1 2
1145420 6 1 1 1 2 1 2 1 1 2
1158157 5 1 1 1 2 2 2 1 1 2
1186936 2 1 3 2 2 1 2 1 1 2
1222464 6 10 10 10 4 10 7 10 1 4
1240603 2 1 1 1 1 1 1 1 1 2
1240603 3 1 1 1 1 1 1 1 1 2
1313658 3 1 1 1 2 1 1 1 1 2
1321348 2 1 1 1 2 1 2 1 1 2
1321942 5 1 1 1 2 1 3 1 1 2
1328331 1 1 1 1 2 1 3 1 1 2
1343068 8 4 4 1 6 10 2 5 2 4
1343374 10 10 8 10 6 5 10 3 1 4
1344121 8 10 4 4 8 10 8 2 1 4
871549 5 1 2 1 2 1 2 1 1 2
1107684 6 10 5 5 4 10 6 10 1 4
1115762 3 1 1 1 2 1 1 1 1 2
1315506 4 8 6 3 4 10 7 1 1 4
736150 10 4 3 10 3 10 7 1 2 4
803531 5 10 10 10 5 2 8 5 1 4
822829 8 10 10 10 6 10 10 10 10 4
1042252 3 1 1 1 2 1 2 1 1 2
1073836 5 1 1 1 2 1 2 1 1 2
1083817 3 1 1 1 2 1 2 1 1 2
1218982 4 1 1 1 2 1 1 1 1 2
1235807 5 1 1 1 2 1 2 1 1 2
1253955 8 7 4 4 5 3 5 10 1 4
1260659 3 1 4 1 2 1 1 1 1 2
1277792 4 1 1 1 2 1 1 1 1 2
1277792 5 1 1 3 2 1 1 1 1 2
1303489 3 1 1 1 2 1 2 1 1 2
1311033 1 2 2 1 2 1 1 1 1 2
1323477 1 2 1 3 2 1 2 1 1 2
1324572 5 1 1 1 2 1 2 2 1 2
1324681 4 1 1 1 2 1 2 1 1 2
1334015 7 8 8 7 3 10 7 2 3 4
1345452 1 1 3 1 2 1 2 1 1 2
1345593 3 1 1 3 2 1 2 1 1 2
1347943 5 2 2 2 2 1 1 1 2 2
1348851 3 1 1 1 2 1 3 1 1 2
1353092 3 2 1 2 2 1 3 1 1 2
1365075 4 1 4 1 2 1 1 1 1 2
466906 1 1 1 1 2 1 1 1 1 2
534555 1 1 1 1 2 1 1 1 1 2
603148 4 1 1 1 2 1 1 1 1 2
654546 1 1 1 1 2 1 1 1 8 2
695091 5 10 10 5 4 5 4 4 1 4
763235 3 1 1 1 2 1 2 1 2 2
776715 3 1 1 1 3 2 1 1 1 2
