0.690909
0.6875
0.640777
0.657143
0.672897
0.654206
0.685185
0.694444
0.652174
0.633663
0.663462
0.632075
0.666667
0.673077
0.66055
0.651376
0.672269
0.666667
0.681818
0.655172
0.67619
0.666667
0.638889
0.640351
0.690722
0.6875
0.640777
0.654206
0.666667
0.701031
0.651376
0.640777
0.631068
0.673469
0.632653
0.672897
0.69
0.697248
0.669725
0.688679
0.640351
0.623853
0.636364
0.652174
0.6875
0.650485
0.627273
0.734694
0.64486
0.675926
0.660377
0.649123
0.639175
0.68
0.688679
0.676768
0.644231
0.666667
0.657658
0.62963
0.637255
0.675926
0.657658
0.720721
0.672727
0.707071
0.653846
0.66055
0.653465
0.610619
0.638298
0.676471
0.669565
0.633027
0.734694
0.703704
0.700935
0.647059
0.666667
0.669725
0.663551
0.657895
0.669725
0.647059
0.700855
0.633663
0.650943
0.715686
0.666667
0.651376
0.672897
0.67619
0.648936
0.625
0.663636
0.641509
0.682692
0.660377
0.680851
0.663462
