1000025 5 1 1 1 2 1 3 1 1 2
1002945 5 4 4 5 7 10 3 2 1 2
1016277 6 8 8 1 3 4 3 7 1 2
1018561 2 1 2 1 2 1 3 1 1 2
1033078 2 1 1 1 2 1 1 1 5 2
1033078 4 2 1 1 2 1 2 1 1 2
1036172 2 1 1 1 2 1 2 1 1 2
1041801 5 3 3 3 2 3 4 4 1 4
1054593 10 5 5 3 6 7 7 10 1 4
1057013 8 4 5 1 2 ? 7 3 1 4
1066373 3 2 1 1 1 1 2 1 1 2
1074610 2 1 1 2 2 1 3 1 1 2
1080185 10 10 10 8 6 1 8 9 1 4
1091262 2 5 3 3 6 7 7 5 1 4
1105257 3 7 7 4 4 9 4 8 1 4
1105524 1 1 1 1 2 1 2 1 1 2
1108449 5 3 3 4 2 4 3 4 1 4
1111249 10 6 6 3 4 5 3 6 1 4
1116116 9 10 10 1 10 8 3 3 1 4
1116132 6 3 4 1 5 2 3 9 1 4
1116192 1 1 1 1 2 1 2 1 1 2
1116998 10 4 2 1 3 2 4 3 10 4
1120559 8 3 8 3 4 9 8 9 8 4
1121919 5 1 3 1 2 1 2 1 1 2
1124651 1 3 3 2 2 1 7 2 1 2
1133041 5 3 1 2 2 1 2 1 1 2
1133136 3 1 1 1 2 3 3 1 1 2
1143978 4 1 1 2 2 1 2 1 1 2
1147044 3 1 1 1 2 2 7 1 1 2
1148873 3 6 6 6 5 10 6 8 3 4
1152331 4 1 1 1 2 1 3 1 1 2
1156272 1 1 1 1 2 1 3 1 1 2
1156948 3 1 1 2 2 1 1 1 1 2
1160476 2 1 1 1 2 1 3 1 1 2
1164066 1 1 1 1 2 1 3 1 1 2
1166630 7 5 6 10 5 10 7 9 4 4
1166654 10 3 5 1 10 5 3 10 2 4
1167439 2 3 4 4 2 5 2 5 1 4
1170419 10 10 10 8 2 10 4 1 1 4
1172152 10 3 3 10 2 10 7 3 3 4
1173347 1 1 1 1 2 5 1 1 1 2
1173347 8 3 3 1 2 2 3 2 1 2
1173514 1 1 1 1 4 3 1 1 1 2
1177399 8 3 5 4 5 10 1 6 2 4
1177512 1 1 1 1 10 1 1 1 1 2
1178580 5 1 3 1 2 1 2 1 1 2
1179818 2 1 1 1 2 1 3 1 1 2
1180831 3 1 1 1 3 1 2 1 1 2
1183911 2 1 1 1 2 1 1 1 1 2
1184241 2 1 1 1 2 1 2 1 1 2
1187805 8 8 7 4 10 10 7 8 7 4
1189286 10 10 8 6 4 5 8 10 1 4
1193210 2 1 1 1 2 1 3 1 1 2
1197270 3 1 1 1 2 1 3 1 1 2
1198128 10 8 10 10 6 1 3 1 10 4
1203096 1 1 1 1 1 1 3 1 1 2
1205138 5 8 8 8 5 10 7 8 1 4
1205579 8 7 6 4 4 10 5 1 1 4
1206841 10 5 6 10 6 10 7 7 10 4
1212422 3 1 1 1 2 1 3 1 1 2
1214966 9 7 7 5 5 10 7 8 3 4
1216947 1 1 1 1 2 1 3 1 1 2
1218105 5 10 10 9 6 10 7 10 5 4
1218741 10 10 9 3 7 5 3 5 1 4
1218860 1 1 1 1 1 1 3 1 1 2
1218860 1 1 1 1 1 1 3 1 1 2
1219406 5 1 1 1 1 1 3 1 1 2
1220330 1 1 1 1 2 1 3 1 1 2
1221863 10 10 10 10 7 10 7 10 4 4
1222047 10 10 10 10 3 10 10 6 1 4
1223426 1 1 1 1 2 1 3 1 1 2
1223967 6 1 3 1 2 1 3 1 1 2
1227481 10 5 7 4 4 10 8 9 1 4
1228152 8 9 9 5 3 5 7 7 1 4
1228311 1 1 1 1 1 1 3 1 1 2
1232225 10 4 5 5 5 10 4 1 1 4
1276091 3 1 1 3 1 1 3 1 1 2
167528 4 1 1 1 2 1 3 6 1 2
1100524 6 10 10 2 8 10 7 3 3 4
1116116 9 10 10 1 10 8 3 3 1 4
1168736 5 6 6 2 4 10 3 6 1 4
303213 10 4 4 10 6 10 5 5 1 4
314428 7 9 4 10 10 3 5 3 3 4
428903 7 2 4 1 3 4 3 3 1 4
431495 3 1 1 1 2 1 3 2 1 2
432809 3 1 3 1 2 ? 2 1 1 2
452264 1 1 1 1 2 1 2 1 1 2
486283 3 1 1 1 2 1 3 1 1 2
492268 10 4 6 1 2 10 5 3 1 4
563649 8 8 8 1 2 ? 6 10 1 4
606722 5 5 7 8 6 10 7 4 1 4
616240 5 3 4 3 4 5 4 7 1 2
625201 8 2 1 1 5 1 1 1 1 2
646904 1 1 1 1 2 1 3 1 1 2
673637 3 1 1 1 2 5 5 1 1 2
688033 1 1 1 1 2 1 1 1 1 2
691628 8 6 4 10 10 1 3 5 1 4
709287 6 8 7 8 6 8 8 9 1 4
740492 1 1 1 1 2 1 3 1 1 2
743348 3 2 2 1 2 1 2 3 1 2
760001 8 10 3 2 6 4 3 10 1 4
760239 10 4 6 4 5 10 7 1 1 4
764974 5 1 1 1 2 1 3 1 2 2
785208 5 4 6 6 4 10 4 3 1 4
806423 8 5 5 5 2 10 4 3 1 4
810104 1 1 1 1 2 1 3 1 1 2
814911 1 1 1 1 2 1 1 1 1 2
826923 1 1 1 1 2 1 1 1 1 2
832567 4 2 3 5 3 8 7 6 1 4
850831 2 7 10 10 7 10 4 9 4 4
859350 8 10 10 7 10 10 7 3 8 4
877943 3 10 3 10 6 10 5 1 4 4
888523 4 4 4 2 2 3 2 1 1 2
95719 6 10 10 10 8 10 7 10 7 4
428598 1 1 3 1 1 1 2 1 1 2
521441 5 1 1 2 2 1 2 1 1 2
560680 3 1 2 1 2 1 2 1 1 2
685977 5 3 4 1 4 1 3 1 1 2
805448 1 1 1 1 2 1 1 1 1 2
1002504 3 2 2 2 2 1 3 2 1 2
1071084 3 3 2 2 3 1 1 2 3 2
1114570 5 3 3 2 3 1 3 1 1 2
1131411 1 1 1 2 2 1 2 1 1 2
1206314 1 2 3 1 2 1 1 1 1 2
1211265 3 10 8 7 6 9 9 3 8 4
1213784 3 1 1 1 2 1 1 1 1 2
1238915 5 1 2 1 2 1 3 1 1 2
1239967 1 1 1 1 2 1 2 1 1 2
1240337 5 2 2 2 2 2 3 2 2 2
1255384 3 2 2 3 2 3 3 1 1 2
1257815 5 1 3 1 2 1 2 1 1 2
1272039 1 1 1 1 2 1 2 1 1 2
1276091 1 3 1 1 2 1 2 2 1 2
1293439 3 2 2 3 2 1 1 1 1 2
677910 5 2 2 4 2 4 1 1 1 2
734111 1 1 1 3 2 3 1 1 1 2
780555 5 1 1 6 3 1 2 1 1 2
1049837 1 1 1 1 2 1 1 1 1 2
1193544 5 7 9 8 6 10 8 10 1 4
1201870 4 1 1 3 1 1 2 1 1 2
1202253 5 1 1 1 2 1 1 1 1 2
1257470 10 6 5 8 5 10 8 6 1 4
1299596 6 6 6 5 4 10 7 6 2 4
1269574 4 1 1 1 2 1 1 1 1 2
1296263 4 1 1 1 2 1 1 1 1 2
1155967 5 1 2 10 4 5 2 1 1 2
1170945 3 1 1 1 1 1 2 1 1 2
1182404 4 2 1 1 2 1 1 1 1 2
1217952 4 1 1 1 2 1 2 1 1 2
1253917 4 1 1 2 2 1 2 1 1 2
1268766 1 1 1 1 2 1 1 1 1 2
1277268 3 3 1 1 2 1 1 1 1 2
1304595 3 1 1 1 1 1 2 1 1 2
1306282 6 6 7 10 3 10 8 10 2 4
1313325 4 10 4 7 3 10 9 10 1 4
1330439 4 7 8 3 4 10 9 1 1 4
769612 4 1 1 1 2 1 1 1 1 2
1116192 5 1 2 1 2 1 3 1 1 2
1145420 6 1 1 1 2 1 2 1 1 2
1174841 5 3 1 1 2 1 1 1 1 2
1184586 4 1 1 1 2 1 2 1 1 2
1222464 6 10 10 10 4 10 7 10 1 4
1240603 3 1 1 1 1 1 1 1 1 2
1287971 3 1 1 1 2 1 2 1 1 2
1321931 5 1 1 1 2 1 2 1 1 2
1321942 5 1 1 1 2 1 3 1 1 2
1328331 1 1 1 1 2 1 3 1 1 2
1331405 4 1 1 1 2 1 3 2 1 2
1343374 10 10 8 10 6 5 10 3 1 4
690557 5 1 1 1 2 1 2 1 1 2
695091 1 1 1 1 2 1 2 1 1 2
824249 1 1 1 1 2 1 3 1 1 2
871549 5 1 2 1 2 1 2 1 1 2
878358 5 7 10 6 5 10 7 5 1 4
1217717 5 1 1 6 3 1 1 1 1 2
1261751 5 1 1 1 2 1 2 2 1 2
1272166 5 1 1 1 2 1 1 1 1 2
1295529 2 5 7 6 4 10 7 6 1 4
1298484 10 3 4 5 3 10 4 1 1 4
1325309 4 1 2 1 2 1 2 1 1 2
1333495 3 1 1 1 2 1 2 1 1 2
1336798 3 1 1 1 2 1 2 1 1 2
1350568 4 1 1 1 2 1 2 1 1 2
803531 5 10 10 10 5 2 8 5 1 4
822829 8 10 10 10 6 10 10 10 10 4
1016634 2 3 1 1 2 1 2 1 1 2
1031608 2 1 1 1 1 1 2 1 1 2
1041043 4 1 3 1 2 1 2 1 1 2
1083817 3 1 1 1 2 1 2 1 1 2
1096352 6 3 3 3 3 2 6 1 1 2
1190546 2 1 1 1 2 5 1 1 1 2
1225382 6 2 3 1 2 1 1 1 1 2
1235807 5 1 1 1 2 1 2 1 1 2
1268952 10 10 7 8 7 1 10 10 3 4
1277792 5 1 1 3 2 1 1 1 1 2
1294413 1 1 1 1 2 1 1 1 1 2
1303489 3 1 1 1 2 1 2 1 1 2
1318671 3 1 1 1 2 1 2 1 1 2
1319609 3 1 1 2 3 4 1 1 1 2
1324681 4 1 1 1 2 1 2 1 1 2
1334667 1 1 1 1 2 1 1 1 1 2
1339781 4 1 1 1 2 1 3 1 1 2
13454352 1 1 3 1 2 1 2 1 1 2
1345593 3 1 1 3 2 1 2 1 1 2
1353092 3 2 1 2 2 1 3 1 1 2
1368273 1 1 1 1 2 1 1 1 1 2
1371920 5 1 1 1 2 1 3 2 1 2
466906 1 1 1 1 2 1 1 1 1 2
536708 1 1 1 1 2 1 1 1 1 2
654546 1 1 1 1 2 1 1 1 8 2
654546 1 1 1 3 2 1 1 1 1 2
