1002945 5 4 4 5 7 10 3 2 1 2
1015425 3 1 1 1 2 2 3 1 1 2
1017023 4 1 1 3 2 1 3 1 1 2
1018099 1 1 1 1 2 10 3 1 1 2
1033078 4 2 1 1 2 1 2 1 1 2
1048672 4 1 1 1 2 1 2 1 1 2
1071760 2 1 1 1 2 1 3 1 1 2
1072179 10 7 7 3 8 5 7 4 3 4
1080185 10 10 10 8 6 1 8 9 1 4
1106095 4 1 1 3 2 1 3 1 1 2
1108449 5 3 3 4 2 4 3 4 1 4
1112209 8 10 10 1 3 6 3 9 1 4
1113483 5 2 3 1 6 10 5 1 1 4
1115282 5 3 5 5 3 3 4 10 1 4
1115293 1 1 1 1 2 2 2 1 1 2
1117152 4 1 1 1 2 1 3 1 1 2
1121732 1 1 1 1 2 1 3 2 1 2
1121919 5 1 3 1 2 1 2 1 1 2
1125035 9 4 5 10 6 10 4 8 1 4
1133136 3 1 1 1 2 3 3 1 1 2
1136142 2 1 1 1 3 1 2 1 1 2
1147699 3 5 7 8 8 9 7 10 7 4
1148278 3 3 6 4 5 8 4 4 1 4
1155546 2 1 1 2 3 1 2 1 1 2
1156948 3 1 1 2 2 1 1 1 1 2
1164066 1 1 1 1 2 1 3 1 1 2
1165790 5 1 1 1 2 1 3 1 1 2
1168736 10 10 10 10 10 1 8 8 8 4
1169049 7 3 4 4 3 3 3 2 7 4
1170419 10 10 10 8 2 10 4 1 1 4
1170420 1 6 8 10 8 10 5 7 1 4
1172152 10 3 3 10 2 10 7 3 3 4
1173347 1 1 1 1 2 5 1 1 1 2
1173347 8 3 3 1 2 2 3 2 1 2
1173514 1 1 1 1 4 3 1 1 1 2
1173681 3 2 1 1 2 2 3 1 1 2
1174057 1 1 2 2 2 1 3 1 1 2
1174057 4 2 1 1 2 2 3 1 1 2
1174131 10 10 10 2 10 10 5 3 3 4
1176406 1 1 1 1 2 1 2 1 1 2
1177512 1 1 1 1 10 1 1 1 1 2
1183246 1 1 1 1 1 ? 2 1 1 2
1183911 2 1 1 1 2 1 1 1 1 2
1183983 9 5 5 4 4 5 4 3 3 4
1184184 1 1 1 1 2 5 1 1 1 2
1189286 10 10 8 6 4 5 8 10 1 4
1193683 1 1 2 1 3 ? 1 1 1 2
1197080 4 1 1 1 2 1 3 2 1 2
1197979 4 1 1 1 2 2 3 2 1 2
1197993 5 6 7 8 8 10 3 10 3 4
1198641 3 1 1 1 2 1 3 1 1 2
1200952 5 8 7 7 10 10 5 7 1 4
1202812 5 3 3 3 6 10 3 1 1 4
1203096 1 1 1 1 1 1 3 1 1 2
1210963 10 10 10 8 6 8 7 10 1 4
1211202 7 5 10 10 10 10 4 10 3 4
1216947 1 1 1 1 2 1 3 1 1 2
1217051 5 1 1 1 2 1 3 1 1 2
1218105 5 10 10 9 6 10 7 10 5 4
1218860 1 1 1 1 1 1 3 1 1 2
1219525 8 10 10 10 5 10 8 10 6 4
1220330 1 1 1 1 2 1 3 1 1 2
1221863 10 10 10 10 7 10 7 10 4 4
1223967 6 1 3 1 2 1 3 1 1 2
1224329 1 1 1 2 2 1 3 1 1 2
1228152 8 9 9 5 3 5 7 7 1 4
1228311 1 1 1 1 1 1 3 1 1 2
1231387 6 8 7 5 6 8 8 9 2 4
1241679 9 8 8 5 6 2 4 10 4 4
1285531 1 1 1 1 2 1 3 1 1 2
144888 8 10 10 8 5 10 7 8 1 4
167528 4 1 1 1 2 1 3 6 1 2
1017023 6 3 3 5 3 10 3 5 3 2
1182404 3 1 1 1 2 1 1 1 1 2
1198641 3 1 1 1 2 1 3 1 1 2
263538 5 10 10 6 10 10 10 6 5 4
320675 3 3 5 2 3 10 7 1 1 4
411453 5 1 1 1 2 1 3 1 1 2
434518 3 1 1 1 2 1 2 1 1 2
486283 3 1 1 1 2 1 3 1 1 2
486662 2 1 1 2 2 1 3 1 1 2
492268 10 4 6 1 2 10 5 3 1 4
529329 10 10 10 10 10 10 4 10 10 4
555977 5 6 6 8 6 10 4 10 4 4
560680 1 1 1 1 2 1 1 1 1 2
635844 8 4 10 5 4 4 7 10 1 4
636130 1 1 1 1 2 1 3 1 1 2
666090 1 1 1 1 2 1 3 1 1 2
666942 1 1 1 1 2 1 3 1 1 2
691628 8 6 4 10 10 1 3 5 1 4
704168 4 6 5 6 7 ? 4 9 1 2
709287 6 8 7 8 6 8 8 9 1 4
721482 4 4 4 4 6 5 7 3 1 2
730881 7 6 3 2 5 10 7 4 6 4
764974 5 1 1 1 2 1 3 1 2 2
770066 5 2 2 2 2 1 2 2 1 2
798429 1 1 1 1 2 1 3 1 1 2
806423 8 5 5 5 2 10 4 3 1 4
814265 2 1 1 1 2 1 1 1 1 2
822829 7 6 4 8 10 10 9 5 3 4
831268 1 1 1 1 1 1 1 3 1 2
837082 2 1 1 1 2 1 3 1 1 2
897172 2 1 1 1 2 1 2 1 1 2
428598 1 1 3 1 1 1 2 1 1 2
492561 4 3 2 1 3 1 2 1 1 2
493452 4 1 2 1 2 1 2 1 1 2
521441 5 1 1 2 2 1 2 1 1 2
640712 1 1 1 1 2 1 2 1 1 2
1002504 3 2 2 2 2 1 3 2 1 2
1071084 3 3 2 2 3 1 1 2 3 2
1131411 1 1 1 2 2 1 2 1 1 2
1158247 1 1 1 1 1 1 1 1 1 2
1158405 1 2 3 1 2 1 2 1 1 2
1211265 3 10 8 7 6 9 9 3 8 4
1213784 3 1 1 1 2 1 1 1 1 2
1223543 1 2 1 3 2 1 1 2 1 2
1255384 3 2 2 3 2 3 3 1 1 2
1294562 10 8 10 1 3 10 5 1 1 4
1295186 10 10 10 1 6 1 2 8 1 4
527337 4 1 1 1 2 1 1 1 1 2
558538 4 1 3 3 2 1 1 1 1 2
780555 5 1 1 6 3 1 2 1 1 2
1049837 1 1 1 1 2 1 1 1 1 2
1193544 5 7 9 8 6 10 8 10 1 4
1227081 3 1 1 3 2 1 1 1 1 2
1246562 10 2 2 1 2 6 1 1 2 4
1257470 10 6 5 8 5 10 8 6 1 4
1266124 5 1 2 1 2 1 1 1 1 2
1298416 10 6 6 2 4 10 9 7 1 4
1257608 6 1 1 1 1 1 1 1 1 2
1269574 4 1 1 1 2 1 1 1 1 2
1296025 4 1 2 1 2 1 1 1 1 2
1299161 4 8 7 10 4 10 7 5 1 4
1070522 3 1 1 1 1 1 2 1 1 2
1073960 10 10 10 10 6 10 8 1 5 4
1076352 3 6 4 10 3 3 3 4 1 4
1170945 3 1 1 1 1 1 2 1 1 2
1182404 4 2 1 1 2 1 1 1 1 2
1297522 2 1 1 1 2 1 1 1 1 2
1304595 3 1 1 1 1 1 2 1 1 2
1306282 6 6 7 10 3 10 8 10 2 4
1320077 1 1 1 1 1 1 1 1 1 2
1330439 4 7 8 3 4 10 9 1 1 4
769612 4 1 1 1 2 1 1 1 1 2
798429 4 1 1 1 2 1 3 1 1 2
1116192 5 1 2 1 2 1 3 1 1 2
1135090 4 1 1 1 2 1 2 1 1 2
1184586 4 1 1 1 2 1 2 1 1 2
1197527 5 1 1 1 2 1 2 1 1 2
1313658 3 1 1 1 2 1 1 1 1 2
1321931 5 1 1 1 2 1 2 1 1 2
1333104 3 1 2 1 2 1 3 1 1 2
142932 7 6 10 5 3 10 9 10 2 4
183936 3 1 1 1 2 1 2 1 1 2
824249 1 1 1 1 2 1 3 1 1 2
1115762 3 1 1 1 2 1 1 1 1 2
1239420 1 1 1 1 2 1 1 1 1 2
1295529 2 5 7 6 4 10 7 6 1 4
1350568 4 1 1 1 2 1 2 1 1 2
822829 8 10 10 10 6 10 10 10 10 4
1031608 2 1 1 1 1 1 2 1 1 2
1041043 4 1 3 1 2 1 2 1 1 2
1042252 3 1 1 1 2 1 2 1 1 2
1096352 6 3 3 3 3 2 6 1 1 2
1149548 1 1 1 1 2 1 1 1 1 2
1213273 2 1 1 1 2 1 1 1 1 2
1225382 6 2 3 1 2 1 1 1 1 2
1238777 1 1 1 1 2 1 1 1 1 2
1253955 8 7 4 4 5 3 5 10 1 4
1277792 4 1 1 1 2 1 1 1 1 2
1285722 4 1 1 3 2 1 1 1 1 2
1290203 3 1 1 1 2 1 2 1 1 2
1299596 2 1 1 1 2 1 1 1 1 2
1311033 1 2 2 1 2 1 1 1 1 2
1311108 1 1 1 3 2 1 1 1 1 2
1319609 3 1 1 2 3 4 1 1 1 2
1339781 1 1 1 1 2 1 2 1 1 2
1339781 4 1 1 1 2 1 3 1 1 2
1347749 1 1 1 1 2 1 1 1 1 2
1352848 3 10 7 8 5 8 7 4 1 4
1354840 5 3 2 1 3 1 1 1 1 2
1365328 1 1 2 1 2 1 2 1 1 2
1368267 5 1 1 1 2 1 1 1 1 2
1369821 10 10 10 10 5 10 10 10 7 4
1371026 5 10 10 10 4 10 5 6 3 4
466906 1 1 1 1 2 1 1 1 1 2
714039 3 1 1 1 2 1 1 1 1 2
763235 3 1 1 1 2 1 2 1 2 2
