1000025 5 1 1 1 2 1 3 1 1 2
1017023 4 1 1 3 2 1 3 1 1 2
1035283 1 1 1 1 1 1 3 1 1 2
1036172 2 1 1 1 2 1 2 1 1 2
1047630 7 4 6 4 6 1 4 3 1 4
1049815 4 1 1 1 2 1 3 1 1 2
1050670 10 7 7 6 4 10 4 1 2 4
1050718 6 1 1 1 2 1 3 1 1 2
1054590 7 3 2 10 5 10 5 4 4 4
1065726 5 2 3 4 2 7 3 6 1 4
1066979 5 1 1 1 2 1 2 1 1 2
1070935 1 1 3 1 2 1 1 1 1 2
1070935 3 1 1 1 1 1 2 1 1 2
1075123 3 1 2 1 2 1 2 1 1 2
1099510 10 4 3 1 3 3 6 5 2 4
1102573 5 6 5 6 10 1 3 1 1 4
1105524 1 1 1 1 2 1 2 1 1 2
1106095 4 1 1 3 2 1 3 1 1 2
1108449 5 3 3 4 2 4 3 4 1 4
1110102 10 3 6 2 3 5 4 10 2 4
1110503 5 5 5 8 10 8 7 3 7 4
1111249 10 6 6 3 4 5 3 6 1 4
1115282 5 3 5 5 3 3 4 10 1 4
1115293 1 1 1 1 2 2 2 1 1 2
1116132 6 3 4 1 5 2 3 9 1 4
1118039 5 3 4 1 8 10 4 9 1 4
1120559 8 3 8 3 4 9 8 9 8 4
1131294 1 1 2 1 2 2 4 2 1 2
1137156 2 2 2 1 1 1 7 1 1 2
1143978 4 1 1 2 2 1 2 1 1 2
1143978 5 2 1 1 2 1 3 1 1 2
1148278 3 3 6 4 5 8 4 4 1 4
1148873 3 6 6 6 5 10 6 8 3 4
1155546 2 1 1 2 3 1 2 1 1 2
1156272 1 1 1 1 2 1 3 1 1 2
1160476 2 1 1 1 2 1 3 1 1 2
1164066 1 1 1 1 2 1 3 1 1 2
1169049 7 3 4 4 3 3 3 2 7 4
1171795 1 3 1 2 2 2 5 3 2 2
1171845 8 6 4 3 5 9 3 1 1 4
1172152 10 3 3 10 2 10 7 3 3 4
1173235 3 3 2 1 2 3 3 1 1 2
1173347 8 3 3 1 2 2 3 2 1 2
1173509 4 5 5 10 4 10 7 5 8 4
1174057 4 2 1 1 2 2 3 1 1 2
1175937 5 4 6 7 9 7 8 10 1 4
1177027 3 1 1 1 2 1 3 1 1 2
1177512 1 1 1 1 10 1 1 1 1 2
1180831 3 1 1 1 3 1 2 1 1 2
1183240 4 1 2 1 2 1 2 1 1 2
1183246 1 1 1 1 1 ? 2 1 1 2
1184840 1 1 3 1 2 ? 2 1 1 2
1187457 3 1 1 3 8 1 5 8 1 2
1188472 1 1 1 1 1 1 3 1 1 2
1189286 10 10 8 6 4 5 8 10 1 4
1190485 1 1 1 1 2 1 1 1 1 2
1192325 5 5 5 6 3 10 3 1 1 4
1193210 2 1 1 1 2 1 3 1 1 2
1200772 1 1 1 1 2 1 2 1 1 2
1200952 5 8 7 7 10 10 5 7 1 4
1201834 2 1 1 1 2 1 3 1 1 2
1201936 5 10 10 3 8 1 5 10 3 4
1203096 1 1 1 1 1 1 3 1 1 2
1204898 6 1 1 1 2 1 3 1 1 2
1206089 2 1 1 1 1 1 3 1 1 2
1206695 1 5 8 6 5 8 7 10 1 4
1206841 10 5 6 10 6 10 7 7 10 4
1207986 5 8 4 10 5 8 9 10 1 4
1208301 1 2 3 1 2 1 3 1 1 2
1210963 10 10 10 8 6 8 7 10 1 4
1212232 5 1 1 1 2 1 2 1 1 2
1213383 5 1 1 4 2 1 3 1 1 2
1217264 1 1 1 1 2 1 3 1 1 2
1218860 1 1 1 1 1 1 3 1 1 2
1219406 5 1 1 1 1 1 3 1 1 2
1219859 8 10 8 8 4 8 7 7 1 4
1222047 10 10 10 10 3 10 10 6 1 4
1222936 8 7 8 7 5 5 5 10 2 4
1223426 1 1 1 1 2 1 3 1 1 2
1223967 6 1 3 1 2 1 3 1 1 2
1226612 7 5 6 3 3 8 7 4 1 4
1227244 1 1 1 1 2 1 2 1 1 2
1228311 1 1 1 1 1 1 3 1 1 2
1236043 3 3 2 1 3 1 3 6 1 2
1241559 10 8 8 2 8 10 4 8 10 4
1242364 8 10 10 8 6 9 3 10 10 4
1270479 5 1 3 3 2 2 2 3 1 2
1287775 5 1 1 2 2 2 3 1 1 2
1182404 3 1 1 1 2 1 2 1 1 2
255644 10 5 8 10 3 10 5 1 3 4
1182404 5 1 4 1 2 1 3 2 1 2
320675 3 3 5 2 3 10 7 1 1 4
390840 8 4 7 1 3 10 3 9 2 4
456282 1 1 1 1 2 1 3 1 1 2
476903 10 5 7 3 3 7 3 3 8 4
486283 3 1 1 1 2 1 3 1 1 2
527363 8 10 10 10 8 10 10 7 3 4
529329 10 10 10 10 10 10 4 10 10 4
543558 6 1 3 1 4 5 5 10 1 4
555977 5 6 6 8 6 10 4 10 4 4
606722 5 5 7 8 6 10 7 4 1 4
636130 1 1 1 1 2 1 3 1 1 2
688033 1 1 1 1 2 1 1 1 1 2
691628 8 6 4 10 10 1 3 5 1 4
733639 3 1 1 1 2 ? 3 1 1 2
743348 3 2 2 1 2 1 2 3 1 2
752904 10 1 1 1 2 10 5 4 1 4
756136 1 1 1 1 2 1 2 1 1 2
76389 10 4 7 2 2 8 6 1 1 4
764974 5 1 1 1 2 1 3 1 2 2
785208 5 4 6 6 4 10 4 3 1 4
785615 8 6 7 3 3 10 3 4 2 4
797327 6 5 5 8 4 10 3 4 1 4
798429 1 1 1 1 2 1 3 1 1 2
809912 10 3 3 1 2 10 7 6 1 4
837082 2 1 1 1 2 1 3 1 1 2
855524 1 1 1 1 2 1 2 1 1 2
859164 5 3 3 1 3 3 3 3 3 4
859350 8 10 10 7 10 10 7 3 8 4
888523 4 4 4 2 2 3 2 1 1 2
896404 2 1 1 1 2 1 3 1 1 2
428598 1 1 3 1 1 1 2 1 1 2
560680 3 1 2 1 2 1 2 1 1 2
846423 10 6 3 6 4 10 7 8 4 4
1022257 2 1 1 1 2 1 1 1 1 2
1071084 3 3 2 2 3 1 1 2 3 2
1114570 2 1 1 1 2 1 2 2 1 2
1116715 5 1 1 1 3 2 2 2 1 2
1151734 10 8 7 4 3 10 7 9 1 4
1158247 1 1 1 1 1 1 1 1 1 2
1176187 3 1 1 1 2 1 3 1 1 2
1223003 5 3 3 1 2 1 2 1 1 2
1236837 2 3 2 2 2 2 3 1 1 2
1238021 1 1 1 1 2 1 2 1 1 2
1238633 10 10 10 6 8 4 8 5 1 4
1239232 3 3 2 6 3 3 3 5 1 2
1255384 3 2 2 3 2 3 3 1 1 2
1266154 8 7 8 2 4 2 5 10 1 4
1276091 5 1 1 3 4 1 3 2 1 2
558538 4 1 3 3 2 1 1 1 1 2
566509 5 1 1 1 2 1 1 1 1 2
677910 5 2 2 4 2 4 1 1 1 2
1058849 5 1 1 1 2 1 1 1 1 2
1193544 5 7 9 8 6 10 8 10 1 4
1201870 4 1 1 3 1 1 2 1 1 2
1259008 8 8 9 6 6 3 10 10 1 4
1266124 5 1 2 1 2 1 1 1 1 2
1276091 6 1 1 3 2 1 1 1 1 2
1280258 4 1 1 1 2 1 1 2 1 2
1293966 4 1 1 1 2 1 1 1 1 2
1299596 6 6 6 5 4 10 7 6 2 4
1269574 4 1 1 1 2 1 1 1 1 2
1287282 3 1 1 1 2 1 1 1 1 2
1299161 4 8 7 10 4 10 7 5 1 4
1301945 5 1 1 1 1 1 1 1 1 2
1084139 6 3 2 1 3 4 4 1 1 4
1119189 5 8 9 4 3 10 7 1 1 4
1133991 4 1 1 1 1 1 2 1 1 2
1170945 3 1 1 1 1 1 2 1 1 2
1181567 1 1 1 1 1 1 1 1 1 2
1182404 4 2 1 1 2 1 1 1 1 2
1204558 4 1 1 1 2 1 2 1 1 2
1297327 5 1 1 1 2 1 1 1 1 2
1299994 5 1 1 1 2 1 1 1 1 2
1320077 1 1 1 1 1 1 1 1 1 2
798429 4 1 1 1 2 1 3 1 1 2
807657 6 1 3 2 2 1 1 1 1 2
8233704 4 1 1 1 1 1 2 1 1 2
869828 1 1 1 1 1 1 3 1 1 2
1061990 1 1 3 2 2 1 3 1 1 2
1145420 6 1 1 1 2 1 2 1 1 2
1171578 3 1 1 1 2 1 1 1 1 2
1174841 5 3 1 1 2 1 1 1 1 2
1186936 2 1 3 2 2 1 2 1 1 2
1222464 6 10 10 10 4 10 7 10 1 4
1240603 2 1 1 1 1 1 1 1 1 2
1241035 7 8 3 7 4 5 7 8 2 4
1299924 3 2 2 2 2 1 4 2 1 2
1306339 4 4 2 1 2 5 2 1 2 2
1313658 3 1 1 1 2 1 1 1 1 2
1313982 4 3 1 1 2 1 4 8 1 2
1321931 5 1 1 1 2 1 2 1 1 2
1321942 5 1 1 1 2 1 3 1 1 2
1321942 5 1 1 1 2 1 3 1 1 2
1328331 1 1 1 1 2 1 3 1 1 2
1328755 3 1 1 1 2 1 2 1 1 2
1334071 4 1 1 1 2 3 2 1 1 2
1344121 8 10 4 4 8 10 8 2 1 4
385103 5 1 2 1 2 1 3 1 1 2
824249 1 1 1 1 2 1 3 1 1 2
871549 5 1 2 1 2 1 2 1 1 2
1272166 5 1 1 1 2 1 1 1 1 2
1344449 1 1 1 1 1 1 2 1 1 2
1350568 4 1 1 1 2 1 2 1 1 2
188336 5 3 2 8 5 10 8 1 2 4
353098 4 1 1 2 2 1 1 1 1 2
557583 5 10 10 10 10 10 10 1 1 4
636375 5 1 1 1 2 1 1 1 1 2
1073836 5 1 1 1 2 1 2 1 1 2
1183596 3 1 3 1 3 4 1 1 1 2
1190546 2 1 1 1 2 5 1 1 1 2
1218982 4 1 1 1 2 1 1 1 1 2
1235807 5 1 1 1 2 1 2 1 1 2
1238777 1 1 1 1 2 1 1 1 1 2
1288608 3 1 1 1 2 1 2 1 1 2
1294413 1 1 1 1 2 1 1 1 1 2
1311108 1 1 1 3 2 1 1 1 1 2
1324572 5 1 1 1 2 1 2 2 1 2
1334667 1 1 1 1 2 1 1 1 1 2
1339781 4 1 1 1 2 1 3 1 1 2
1347749 1 1 1 1 2 1 1 1 1 2
1347943 5 2 2 2 2 1 1 1 2 2
1350423 5 10 10 8 5 5 7 10 1 4
1354840 5 3 2 1 3 1 1 1 1 2
1365075 4 1 4 1 2 1 1 1 1 2
1368273 1 1 1 1 2 1 1 1 1 2
466906 1 1 1 1 2 1 1 1 1 2
466906 1 1 1 1 2 1 1 1 1 2
536708 1 1 1 1 2 1 1 1 1 2
566346 3 1 1 1 2 1 2 3 1 2
888820 5 10 10 3 7 3 8 10 2 4
897471 4 8 8 5 4 5 10 4 1 4
