1002945 5 4 4 5 7 10 3 2 1 2
1015425 3 1 1 1 2 2 3 1 1 2
1017023 4 1 1 3 2 1 3 1 1 2
1018099 1 1 1 1 2 10 3 1 1 2
1033078 2 1 1 1 2 1 1 1 5 2
1035283 1 1 1 1 1 1 3 1 1 2
1036172 2 1 1 1 2 1 2 1 1 2
1041801 5 3 3 3 2 3 4 4 1 4
1044572 8 7 5 10 7 9 5 5 4 4
1047630 7 4 6 4 6 1 4 3 1 4
1048672 4 1 1 1 2 1 2 1 1 2
1059552 1 1 1 1 2 1 3 1 1 2
1066373 3 2 1 1 1 1 2 1 1 2
1066979 5 1 1 1 2 1 2 1 1 2
1072179 10 7 7 3 8 5 7 4 3 4
1074610 2 1 1 2 2 1 3 1 1 2
1079304 2 1 1 1 2 1 2 1 1 2
1080185 10 10 10 8 6 1 8 9 1 4
1105257 3 7 7 4 4 9 4 8 1 4
1105524 1 1 1 1 2 1 2 1 1 2
1116132 6 3 4 1 5 2 3 9 1 4
1120559 8 3 8 3 4 9 8 9 8 4
1121919 5 1 3 1 2 1 2 1 1 2
1125035 9 4 5 10 6 10 4 8 1 4
1126417 10 6 4 1 3 4 3 2 3 4
1137156 2 2 2 1 1 1 7 1 1 2
1143978 4 1 1 2 2 1 2 1 1 2
1147044 3 1 1 1 2 2 7 1 1 2
1147699 3 5 7 8 8 9 7 10 7 4
1148873 3 6 6 6 5 10 6 8 3 4
1156948 3 1 1 2 2 1 1 1 1 2
1166630 7 5 6 10 5 10 7 9 4 4
1168736 10 10 10 10 10 1 8 8 8 4
1169049 7 3 4 4 3 3 3 2 7 4
1171795 1 3 1 2 2 2 5 3 2 2
1173514 1 1 1 1 4 3 1 1 1 2
1173681 3 2 1 1 2 2 3 1 1 2
1174131 10 10 10 2 10 10 5 3 3 4
1174428 5 3 5 1 8 10 5 3 1 4
1177399 8 3 5 4 5 10 1 6 2 4
1181356 5 1 1 1 2 2 3 3 1 2
1183240 4 1 2 1 2 1 2 1 1 2
1183911 2 1 1 1 2 1 1 1 1 2
1183983 9 5 5 4 4 5 4 3 3 4
1184840 1 1 3 1 2 ? 2 1 1 2
1187457 3 1 1 3 8 1 5 8 1 2
1189286 10 10 8 6 4 5 8 10 1 4
1192325 5 5 5 6 3 10 3 1 1 4
1193091 1 2 2 1 2 1 2 1 1 2
1197440 1 1 1 2 1 3 1 1 7 2
1197510 5 1 1 1 2 ? 3 1 1 2
1197979 4 1 1 1 2 2 3 2 1 2
1199731 3 1 1 1 2 1 1 1 1 2
1200847 6 10 10 10 8 10 10 10 7 4
1204242 1 1 1 1 2 1 1 1 1 2
1206089 2 1 1 1 1 1 3 1 1 2
1206841 10 5 6 10 6 10 7 7 10 4
1213383 5 1 1 4 2 1 3 1 1 2
1214092 1 1 1 1 2 1 1 1 1 2
1214966 9 7 7 5 5 10 7 8 3 4
1216694 10 8 8 4 10 10 8 1 1 4
1216947 1 1 1 1 2 1 3 1 1 2
1217051 5 1 1 1 2 1 3 1 1 2
1218105 5 10 10 9 6 10 7 10 5 4
1218860 1 1 1 1 1 1 3 1 1 2
1219406 5 1 1 1 1 1 3 1 1 2
1223282 1 1 1 1 2 1 2 1 1 2
1224329 1 1 1 2 2 1 3 1 1 2
1225799 10 6 4 3 10 10 9 10 1 4
1226012 4 1 1 3 1 5 2 1 1 4
1236043 3 3 2 1 3 1 3 6 1 2
1241559 10 8 8 2 8 10 4 8 10 4
1242364 8 10 10 8 6 9 3 10 10 4
1277018 2 1 1 1 2 1 3 1 1 2
128059 1 1 1 1 2 5 5 1 1 2
1287775 5 1 1 2 2 2 3 1 1 2
167528 4 1 1 1 2 1 3 6 1 2
183913 1 2 2 1 2 1 1 1 1 2
314428 7 9 4 10 10 3 5 3 3 4
320675 3 3 5 2 3 10 7 1 1 4
456282 1 1 1 1 2 1 3 1 1 2
476903 10 5 7 3 3 7 3 3 8 4
527363 8 10 10 10 8 10 10 7 3 4
529329 10 10 10 10 10 10 4 10 10 4
563649 8 8 8 1 2 ? 6 10 1 4
606140 1 1 1 1 2 ? 2 1 1 2
606722 5 5 7 8 6 10 7 4 1 4
616240 5 3 4 3 4 5 4 7 1 2
61634 5 4 3 1 2 ? 2 3 1 2
635844 8 4 10 5 4 4 7 10 1 4
636130 1 1 1 1 2 1 3 1 1 2
646904 1 1 1 1 2 1 3 1 1 2
653777 8 3 4 9 3 10 3 3 1 4
667204 7 8 7 6 4 3 8 8 4 4
704097 1 1 1 1 1 1 2 1 1 2
733639 3 1 1 1 2 ? 3 1 1 2
733639 3 1 1 1 2 1 3 1 1 2
740492 1 1 1 1 2 1 3 1 1 2
76389 10 4 7 2 2 8 6 1 1 4
797327 6 5 5 8 4 10 3 4 1 4
798429 1 1 1 1 2 1 3 1 1 2
704097 1 1 1 1 1 1 2 1 1 2
806423 8 5 5 5 2 10 4 3 1 4
809912 10 3 3 1 2 10 7 6 1 4
814265 2 1 1 1 2 1 1 1 1 2
831268 1 1 1 1 1 1 1 3 1 2
836433 5 1 1 3 2 1 1 1 1 2
866325 8 10 5 3 8 4 4 10 3 4
888169 3 2 2 1 4 3 2 1 1 2
95719 6 10 10 10 8 10 7 10 7 4
160296 5 8 8 10 5 10 8 10 3 4
492561 4 3 2 1 3 1 2 1 1 2
493452 1 1 3 1 2 1 1 1 1 2
560680 3 1 2 1 2 1 2 1 1 2
640712 1 1 1 1 2 1 2 1 1 2
685977 5 3 4 1 4 1 3 1 1 2
1022257 2 1 1 1 2 1 1 1 1 2
1026122 2 1 1 1 2 1 1 1 1 2
1080233 7 6 6 3 2 10 7 1 1 4
1114570 2 1 1 1 2 1 2 2 1 2
1131411 1 1 1 2 2 1 2 1 1 2
1151734 10 8 7 4 3 10 7 9 1 4
1156017 3 1 1 1 2 1 2 1 1 2
1176187 3 1 1 1 2 1 3 1 1 2
1196263 4 1 1 1 2 1 1 1 1 2
1196475 3 2 1 1 2 1 2 2 1 2
1223543 1 2 1 3 2 1 1 2 1 2
1238021 1 1 1 1 2 1 2 1 1 2
1257200 10 10 10 7 10 10 8 2 1 4
1276091 1 3 1 1 2 1 2 2 1 2
1277629 5 1 1 1 2 1 2 2 1 2
1293439 3 2 2 3 2 1 1 1 1 2
558538 4 1 3 3 2 1 1 1 1 2
734111 1 1 1 1 2 2 1 1 1 2
827627 2 1 1 1 2 1 1 1 1 2
1049837 1 1 1 1 2 1 1 1 1 2
1202253 5 1 1 1 2 1 1 1 1 2
1246562 10 2 2 1 2 6 1 1 2 4
1257470 10 6 5 8 5 10 8 6 1 4
1280258 4 1 1 1 2 1 1 2 1 2
1105524 4 1 1 1 2 1 1 1 1 2
1211594 3 1 1 1 1 1 2 1 1 2
1296025 4 1 2 1 2 1 1 1 1 2
1296593 5 2 1 1 2 1 1 1 1 2
1302428 5 3 2 4 2 1 1 1 1 2
1070522 3 1 1 1 1 1 2 1 1 2
1204558 4 1 1 1 2 1 2 1 1 2
1224565 6 1 1 1 2 1 3 1 1 2
1265899 4 1 1 1 2 1 3 1 1 2
1298360 1 1 1 1 2 1 1 1 1 2
1299924 5 1 1 1 2 1 2 1 1 2
1299994 5 1 1 1 2 1 1 1 1 2
1304595 3 1 1 1 1 1 2 1 1 2
1320077 1 1 1 1 1 1 1 1 1 2
1320304 3 1 2 2 2 1 1 1 1 2
333093 1 1 1 1 3 1 1 1 1 2
369565 4 1 1 1 3 1 1 1 1 2
672113 7 5 6 10 4 10 5 3 1 4
807657 6 1 3 2 2 1 1 1 1 2
837480 7 4 4 3 4 10 6 9 1 4
869828 1 1 1 1 1 1 3 1 1 2
1061990 1 1 3 2 2 1 3 1 1 2
1184586 4 1 1 1 2 1 2 1 1 2
1197527 5 1 1 1 2 1 2 1 1 2
1306339 4 4 2 1 2 5 2 1 2 2
1321264 5 2 2 2 1 1 2 1 1 2
1321931 5 1 1 1 2 1 2 1 1 2
1321942 5 1 1 1 2 1 3 1 1 2
1331405 4 1 1 1 2 1 3 2 1 2
1333104 3 1 2 1 2 1 3 1 1 2
1334071 4 1 1 1 2 3 2 1 1 2
1343374 10 10 8 10 6 5 10 3 1 4
1344121 8 10 4 4 8 10 8 2 1 4
1115762 3 1 1 1 2 1 1 1 1 2
1254538 8 10 10 10 6 10 10 10 1 4
1294261 4 10 8 5 4 1 10 1 1 4
1295529 2 5 7 6 4 10 7 6 1 4
1333063 5 1 3 1 2 1 3 1 1 2
352431 10 5 10 3 5 8 7 8 3 4
557583 5 10 10 10 10 10 10 1 1 4
736150 10 4 3 10 3 10 7 1 2 4
822829 8 10 10 10 6 10 10 10 10 4
1041043 4 1 3 1 2 1 2 1 1 2
1149548 1 1 1 1 2 1 1 1 1 2
1183596 3 1 3 1 3 4 1 1 1 2
1190386 4 6 6 5 7 6 7 7 3 4
1190546 2 1 1 1 2 5 1 1 1 2
1213273 2 1 1 1 2 1 1 1 1 2
1218982 4 1 1 1 2 1 1 1 1 2
1238777 1 1 1 1 2 1 1 1 1 2
1268952 10 10 7 8 7 1 10 10 3 4
1285722 4 1 1 3 2 1 1 1 1 2
1288608 3 1 1 1 2 1 2 1 1 2
1299596 2 1 1 1 2 1 1 1 1 2
1303489 3 1 1 1 2 1 2 1 1 2
1324572 5 1 1 1 2 1 2 2 1 2
1330361 5 1 1 1 2 1 2 1 1 2
1333877 5 4 5 1 8 1 3 6 1 2
1334667 1 1 1 1 2 1 1 1 1 2
1345452 1 1 3 1 2 1 2 1 1 2
1347749 1 1 1 1 2 1 1 1 1 2
1348851 3 1 1 1 2 1 3 1 1 2
1355260 1 1 1 1 2 1 2 1 1 2
1368267 5 1 1 1 2 1 1 1 1 2
466906 1 1 1 1 2 1 1 1 1 2
534555 1 1 1 1 2 1 1 1 1 2
536708 1 1 1 1 2 1 1 1 1 2
841769 2 1 1 1 2 1 1 1 1 2
