0.679389
0.675
0.675
0.705426
0.704
0.689655
0.721739
0.748092
0.721311
0.677966
0.65873
0.708333
0.676923
0.675
0.720721
0.691057
0.664062
0.641667
0.676471
0.637795
0.663866
0.700787
0.609375
0.688525
0.740157
0.700855
0.694915
0.568
0.746154
0.661654
0.666667
0.716535
0.609023
0.602941
0.68
0.641221
0.726562
0.651515
0.690476
0.70073
0.699115
0.452381
0.657895
0.675214
0.739837
0.607143
0.526718
0.697674
0.715517
0.631148
0.657895
0.547445
0.719697
0.66129
0.666667
0.65942
0.574627
0.635659
0.72
0.707317
0.661654
0.714286
0.736434
0.62931
0.689655
0.679389
0.681818
0.709402
0.729508
0.677686
0.717557
0.70339
0.674603
0.720339
0.688
0.672
0.690476
0.643411
0.630769
0.675
0.699187
0.698276
0.650794
0.656
0.674419
0.728
0.648
0.752212
0.678261
0.672131
0.637168
0.698413
0.691729
0.663793
0.663934
0.679389
0.675
0.666667
0.633333
0.663934
