1000025 5 1 1 1 2 1 3 1 1 2
1002945 5 4 4 5 7 10 3 2 1 2
1015425 3 1 1 1 2 2 3 1 1 2
1033078 2 1 1 1 2 1 1 1 5 2
1033078 4 2 1 1 2 1 2 1 1 2
1050718 6 1 1 1 2 1 3 1 1 2
1054590 7 3 2 10 5 10 5 4 4 4
1057013 8 4 5 1 2 ? 7 3 1 4
1066979 5 1 1 1 2 1 2 1 1 2
1067444 2 1 1 1 2 1 2 1 1 2
1070935 1 1 3 1 2 1 1 1 1 2
1070935 3 1 1 1 1 1 2 1 1 2
1074610 2 1 1 2 2 1 3 1 1 2
1075123 3 1 2 1 2 1 2 1 1 2
1080185 10 10 10 8 6 1 8 9 1 4
1084584 5 4 4 9 2 10 5 6 1 4
1099510 10 4 3 1 3 3 6 5 2 4
1103722 1 1 1 1 2 1 2 1 2 2
1105257 3 7 7 4 4 9 4 8 1 4
1110102 10 3 6 2 3 5 4 10 2 4
1110503 5 5 5 8 10 8 7 3 7 4
1112209 8 10 10 1 3 6 3 9 1 4
1113038 8 2 4 1 5 1 5 4 4 4
1113906 9 5 5 2 2 2 5 1 1 4
1116132 6 3 4 1 5 2 3 9 1 4
1116192 1 1 1 1 2 1 2 1 1 2
1116998 10 4 2 1 3 2 4 3 10 4
1117152 4 1 1 1 2 1 3 1 1 2
1121732 1 1 1 1 2 1 3 2 1 2
1123061 6 10 2 8 10 2 7 8 10 4
1125035 9 4 5 10 6 10 4 8 1 4
1131294 1 1 2 1 2 2 4 2 1 2
1132347 1 1 4 1 2 1 2 1 1 2
1133136 3 1 1 1 2 3 3 1 1 2
1148873 3 6 6 6 5 10 6 8 3 4
1157734 4 1 1 1 2 1 3 1 1 2
1158247 1 1 1 1 2 1 2 1 1 2
1164066 1 1 1 1 2 1 3 1 1 2
1165297 2 1 1 2 2 1 1 1 1 2
1167471 4 1 2 1 2 1 3 1 1 2
1168736 10 10 10 10 10 1 8 8 8 4
1170420 1 6 8 10 8 10 5 7 1 4
1173347 8 3 3 1 2 2 3 2 1 2
1173509 4 5 5 10 4 10 7 5 8 4
1173514 1 1 1 1 4 3 1 1 1 2
1174057 1 1 2 2 2 1 3 1 1 2
1174057 4 2 1 1 2 2 3 1 1 2
1177027 3 1 1 1 2 1 3 1 1 2
1179818 2 1 1 1 2 1 3 1 1 2
1182404 4 1 1 1 2 1 2 1 1 2
1182410 3 1 1 1 2 1 1 1 1 2
1184184 1 1 1 1 2 5 1 1 1 2
1184241 2 1 1 1 2 1 2 1 1 2
1187805 8 8 7 4 10 10 7 8 7 4
1188472 1 1 1 1 1 1 3 1 1 2
1189266 7 2 4 1 6 10 5 4 3 4
1192325 5 5 5 6 3 10 3 1 1 4
1193210 2 1 1 1 2 1 3 1 1 2
1197979 4 1 1 1 2 2 3 2 1 2
1204242 1 1 1 1 2 1 1 1 1 2
1204898 6 1 1 1 2 1 3 1 1 2
1205579 8 7 6 4 4 10 5 1 1 4
1206089 2 1 1 1 1 1 3 1 1 2
1208301 1 2 3 1 2 1 3 1 1 2
1210963 10 10 10 8 6 8 7 10 1 4
1212422 4 1 1 1 2 1 3 1 1 2
1213375 8 4 4 5 4 7 7 8 2 2
1214966 9 7 7 5 5 10 7 8 3 4
1217264 1 1 1 1 2 1 3 1 1 2
1218860 1 1 1 1 1 1 3 1 1 2
1218860 1 1 1 1 1 1 3 1 1 2
1219406 5 1 1 1 1 1 3 1 1 2
1221863 10 10 10 10 7 10 7 10 4 4
1222047 10 10 10 10 3 10 10 6 1 4
1223282 1 1 1 1 2 1 2 1 1 2
1223967 6 1 3 1 2 1 3 1 1 2
1224329 1 1 1 2 2 1 3 1 1 2
1226012 4 1 1 3 1 5 2 1 1 4
1226612 7 5 6 3 3 8 7 4 1 4
1227481 10 5 7 4 4 10 8 9 1 4
1230688 7 4 7 4 3 7 7 6 1 4
1231387 6 8 7 5 6 8 8 9 2 4
1241232 3 1 4 1 2 ? 3 1 1 2
1242364 8 10 10 8 6 9 3 10 10 4
1243256 10 4 3 2 3 10 5 3 2 4
128059 1 1 1 1 2 5 5 1 1 2
1285531 1 1 1 1 2 1 3 1 1 2
1017023 6 3 3 5 3 10 3 5 3 2
1168736 5 6 6 2 4 10 3 6 1 4
1182404 3 1 1 1 2 1 1 1 1 2
1198641 3 1 1 1 2 1 3 1 1 2
255644 10 5 8 10 3 10 5 1 3 4
263538 5 10 10 6 10 10 10 6 5 4
314428 7 9 4 10 10 3 5 3 3 4
1198641 10 10 6 3 3 10 4 3 2 4
411453 5 1 1 1 2 1 3 1 1 2
428903 7 2 4 1 3 4 3 3 1 4
431495 3 1 1 1 2 1 3 2 1 2
486283 3 1 1 1 2 1 3 1 1 2
486662 2 1 1 2 2 1 3 1 1 2
488173 1 4 3 10 4 10 5 6 1 4
529329 10 10 10 10 10 10 4 10 10 4
543558 6 1 3 1 4 5 5 10 1 4
61634 5 4 3 1 2 ? 2 3 1 2
63375 9 1 2 6 4 10 7 7 2 4
653777 8 3 4 9 3 10 3 3 1 4
666942 1 1 1 1 2 1 3 1 1 2
693702 1 1 1 1 2 1 1 1 1 2
706426 5 5 5 2 5 10 4 3 1 4
709287 6 8 7 8 6 8 8 9 1 4
730881 7 6 3 2 5 10 7 4 6 4
733823 5 4 6 10 2 10 4 1 1 4
740492 1 1 1 1 2 1 3 1 1 2
743348 3 2 2 1 2 1 2 3 1 2
760001 8 10 3 2 6 4 3 10 1 4
764974 5 1 1 1 2 1 3 1 2 2
785208 5 4 6 6 4 10 4 3 1 4
704097 1 1 1 1 1 1 2 1 1 2
810104 1 1 1 1 2 1 3 1 1 2
814265 2 1 1 1 2 1 1 1 1 2
814911 1 1 1 1 2 1 1 1 1 2
830690 5 2 2 2 3 1 1 3 1 2
831268 1 1 1 1 1 1 1 3 1 2
850831 2 7 10 10 7 10 4 9 4 4
855524 1 1 1 1 2 1 2 1 1 2
857774 4 1 1 1 3 1 2 2 1 2
866325 8 10 5 3 8 4 4 10 3 4
888169 3 2 2 1 4 3 2 1 1 2
896404 2 1 1 1 2 1 3 1 1 2
897172 2 1 1 1 2 1 2 1 1 2
95719 6 10 10 10 8 10 7 10 7 4
160296 5 8 8 10 5 10 8 10 3 4
342245 1 1 3 1 2 1 1 1 1 2
640712 1 1 1 1 2 1 2 1 1 2
654244 1 1 1 1 1 1 2 1 1 2
685977 5 3 4 1 4 1 3 1 1 2
805448 1 1 1 1 2 1 1 1 1 2
846423 10 6 3 6 4 10 7 8 4 4
1002504 3 2 2 2 2 1 3 2 1 2
1022257 2 1 1 1 2 1 1 1 1 2
1071084 3 3 2 2 3 1 1 2 3 2
1116715 5 1 1 1 3 2 2 2 1 2
1156017 3 1 1 1 2 1 2 1 1 2
1196475 3 2 1 1 2 1 2 2 1 2
1223003 5 3 3 1 2 1 2 1 1 2
1223543 1 2 1 3 2 1 1 2 1 2
1229929 1 1 1 1 2 1 2 1 1 2
1231853 4 2 2 1 2 1 2 1 1 2
1237674 3 1 2 1 2 1 2 1 1 2
1238021 1 1 1 1 2 1 2 1 1 2
1240337 5 2 2 2 2 2 3 2 2 2
1255384 3 2 2 3 2 3 3 1 1 2
1257648 4 3 3 1 2 1 3 3 1 2
1257815 5 1 3 1 2 1 2 1 1 2
1272039 1 1 1 1 2 1 2 1 1 2
1293439 3 2 2 3 2 1 1 1 1 2
1293439 6 9 7 5 5 8 4 2 1 2
566509 5 1 1 1 2 1 1 1 1 2
677910 5 2 2 4 2 4 1 1 1 2
827627 2 1 1 1 2 1 1 1 1 2
1193544 5 7 9 8 6 10 8 10 1 4
1230994 4 5 5 8 6 10 10 7 1 4
1238410 2 3 1 1 3 1 1 1 1 2
1246562 10 2 2 1 2 6 1 1 2 4
1259008 8 8 9 6 6 3 10 10 1 4
1266124 5 1 2 1 2 1 1 1 1 2
1268313 5 1 1 3 2 1 1 1 1 2
1268804 3 1 1 1 2 5 1 1 1 2
1276091 6 1 1 3 2 1 1 1 1 2
1105524 4 1 1 1 2 1 1 1 1 2
1238777 6 1 1 3 2 1 1 1 1 2
1296025 4 1 2 1 2 1 1 1 1 2
1301945 5 1 1 1 1 1 1 1 1 2
787451 5 1 2 1 2 1 1 1 1 2
1002025 1 1 1 3 1 3 1 1 1 2
1070522 3 1 1 1 1 1 2 1 1 2
1084139 6 3 2 1 3 4 4 1 1 4
1119189 5 8 9 4 3 10 7 1 1 4
1133991 4 1 1 1 1 1 2 1 1 2
1142706 5 10 10 10 6 10 6 5 2 4
1170945 3 1 1 1 1 1 2 1 1 2
1182404 4 2 1 1 2 1 1 1 1 2
1238186 4 1 1 1 2 1 2 1 1 2
1253917 4 1 1 2 2 1 2 1 1 2
1265899 4 1 1 1 2 1 3 1 1 2
1295508 1 1 1 1 2 4 1 1 1 2
1297327 5 1 1 1 2 1 1 1 1 2
1297522 2 1 1 1 2 1 1 1 1 2
1299994 5 1 1 1 2 1 1 1 1 2
1304595 3 1 1 1 1 1 2 1 1 2
1313325 4 10 4 7 3 10 9 10 1 4
1320077 1 1 1 1 1 1 1 1 1 2
1320077 1 1 1 1 1 1 2 1 1 2
369565 4 1 1 1 3 1 1 1 1 2
672113 7 5 6 10 4 10 5 3 1 4
769612 4 1 1 1 2 1 1 1 1 2
1043068 3 1 1 1 2 1 2 1 1 2
1116192 5 1 2 1 2 1 3 1 1 2
1174841 5 3 1 1 2 1 1 1 1 2
1240603 2 1 1 1 1 1 1 1 1 2
1241035 7 8 3 7 4 5 7 8 2 4
1287971 3 1 1 1 2 1 2 1 1 2
1299924 3 2 2 2 2 1 4 2 1 2
1306339 4 4 2 1 2 5 2 1 2 2
1321348 2 1 1 1 2 1 2 1 1 2
1328331 1 1 1 1 2 1 3 1 1 2
1331405 4 1 1 1 2 1 3 2 1 2
142932 7 6 10 5 3 10 9 10 2 4
183936 3 1 1 1 2 1 2 1 1 2
385103 5 1 2 1 2 1 3 1 1 2
690557 5 1 1 1 2 1 2 1 1 2
824249 1 1 1 1 2 1 3 1 1 2
1239420 1 1 1 1 2 1 1 1 1 2
1311875 5 1 2 1 2 1 1 1 1 2
1315506 4 8 6 3 4 10 7 1 1 4
1325309 4 1 2 1 2 1 2 1 1 2
1333063 5 1 3 1 2 1 3 1 1 2
1344449 1 1 1 1 1 1 2 1 1 2
1352663 5 4 6 8 4 1 8 10 1 4
352431 10 5 10 3 5 8 7 8 3 4
557583 5 10 10 10 10 10 10 1 1 4
1041043 4 1 3 1 2 1 2 1 1 2
1073836 5 1 1 1 2 1 2 1 1 2
1083817 3 1 1 1 2 1 2 1 1 2
1149548 1 1 1 1 2 1 1 1 1 2
1213273 2 1 1 1 2 1 1 1 1 2
1218982 4 1 1 1 2 1 1 1 1 2
1257366 3 1 1 1 2 1 1 1 1 2
1290203 3 1 1 1 2 1 2 1 1 2
1319609 3 1 1 2 3 4 1 1 1 2
1324572 5 1 1 1 2 1 2 2 1 2
1325159 3 1 1 1 2 1 3 1 1 2
1334667 1 1 1 1 2 1 1 1 1 2
1339781 1 1 1 1 2 1 2 1 1 2
1339781 4 1 1 1 2 1 3 1 1 2
1345452 1 1 3 1 2 1 2 1 1 2
1365075 4 1 4 1 2 1 1 1 1 2
1368267 5 1 1 1 2 1 1 1 1 2
1368882 2 1 1 1 2 1 1 1 1 2
466906 1 1 1 1 2 1 1 1 1 2
466906 1 1 1 1 2 1 1 1 1 2
654546 1 1 1 3 2 1 1 1 1 2
888820 5 10 10 3 7 3 8 10 2 4
