1000025 5 1 1 1 2 1 3 1 1 2
1015425 3 1 1 1 2 2 3 1 1 2
1017023 4 1 1 3 2 1 3 1 1 2
1018099 1 1 1 1 2 10 3 1 1 2
1036172 2 1 1 1 2 1 2 1 1 2
1048672 4 1 1 1 2 1 2 1 1 2
1049815 4 1 1 1 2 1 3 1 1 2
1054593 10 5 5 3 6 7 7 10 1 4
1056784 3 1 1 1 2 1 2 1 1 2
1065726 5 2 3 4 2 7 3 6 1 4
1091262 2 5 3 3 6 7 7 5 1 4
1102573 5 6 5 6 10 1 3 1 1 4
1103608 10 10 10 4 8 1 8 10 1 4
1106095 4 1 1 3 2 1 3 1 1 2
1106829 7 8 7 2 4 8 3 8 2 4
1108370 9 5 8 1 2 3 2 1 5 4
1108449 5 3 3 4 2 4 3 4 1 4
1113038 8 2 4 1 5 1 5 4 4 4
1113483 5 2 3 1 6 10 5 1 1 4
1115293 1 1 1 1 2 2 2 1 1 2
1116132 6 3 4 1 5 2 3 9 1 4
1116998 10 4 2 1 3 2 4 3 10 4
1126417 10 6 4 1 3 4 3 2 3 4
1137156 2 2 2 1 1 1 7 1 1 2
1147699 3 5 7 8 8 9 7 10 7 4
1156948 3 1 1 2 2 1 1 1 1 2
1164066 1 1 1 1 2 1 3 1 1 2
1166630 7 5 6 10 5 10 7 9 4 4
1168359 8 2 3 1 6 3 7 1 1 4
1170419 10 10 10 8 2 10 4 1 1 4
1171795 1 3 1 2 2 2 5 3 2 2
1172152 10 3 3 10 2 10 7 3 3 4
1175937 5 4 6 7 9 7 8 10 1 4
1176406 1 1 1 1 2 1 2 1 1 2
1176881 7 5 3 7 4 10 7 5 5 4
1180831 3 1 1 1 3 1 2 1 1 2
1181356 5 1 1 1 2 2 3 3 1 2
1182404 4 1 1 1 2 1 2 1 1 2
1183240 4 1 2 1 2 1 2 1 1 2
1183246 1 1 1 1 1 ? 2 1 1 2
1184241 2 1 1 1 2 1 2 1 1 2
1187457 3 1 1 3 8 1 5 8 1 2
1190394 4 1 1 1 2 3 1 1 1 2
1193091 1 2 2 1 2 1 2 1 1 2
1193683 1 1 2 1 3 ? 1 1 1 2
1197440 1 1 1 2 1 3 1 1 7 2
1197510 5 1 1 1 2 ? 3 1 1 2
1197979 4 1 1 1 2 2 3 2 1 2
1199731 3 1 1 1 2 1 1 1 1 2
1199983 1 1 1 1 2 1 3 1 1 2
1200847 6 10 10 10 8 10 10 10 7 4
1201936 5 10 10 3 8 1 5 10 3 4
1202812 5 3 3 3 6 10 3 1 1 4
1206841 10 5 6 10 6 10 7 7 10 4
1211202 7 5 10 10 10 10 4 10 3 4
1212422 3 1 1 1 2 1 3 1 1 2
1213375 8 4 4 5 4 7 7 8 2 2
1213383 5 1 1 4 2 1 3 1 1 2
1214966 9 7 7 5 5 10 7 8 3 4
1216694 10 8 8 4 10 10 8 1 1 4
1218105 5 10 10 9 6 10 7 10 5 4
1218860 1 1 1 1 1 1 3 1 1 2
1218860 1 1 1 1 1 1 3 1 1 2
1219406 5 1 1 1 1 1 3 1 1 2
1221863 10 10 10 10 7 10 7 10 4 4
1222936 8 7 8 7 5 5 5 10 2 4
1223426 1 1 1 1 2 1 3 1 1 2
1223967 6 1 3 1 2 1 3 1 1 2
1224329 1 1 1 2 2 1 3 1 1 2
1225799 10 6 4 3 10 10 9 10 1 4
1226612 7 5 6 3 3 8 7 4 1 4
1228152 8 9 9 5 3 5 7 7 1 4
1231387 6 8 7 5 6 8 8 9 2 4
1231706 8 4 6 3 3 1 4 3 1 2
167528 4 1 1 1 2 1 3 6 1 2
169356 3 1 1 1 2 ? 3 1 1 2
191250 10 4 4 10 2 10 5 3 3 4
1100524 6 10 10 2 8 10 7 3 3 4
1182404 3 1 1 1 2 1 1 1 1 2
303213 10 4 4 10 6 10 5 5 1 4
314428 7 9 4 10 10 3 5 3 3 4
1182404 5 1 4 1 2 1 3 2 1 2
320675 3 3 5 2 3 10 7 1 1 4
324427 10 8 8 2 3 4 8 7 8 4
411453 5 1 1 1 2 1 3 1 1 2
428903 7 2 4 1 3 4 3 3 1 4
486283 3 1 1 1 2 1 3 1 1 2
492268 10 4 6 1 2 10 5 3 1 4
508234 7 4 5 10 2 10 3 8 2 4
527363 8 10 10 10 8 10 10 7 3 4
529329 10 10 10 10 10 10 4 10 10 4
555977 5 6 6 8 6 10 4 10 4 4
560680 1 1 1 1 2 1 1 1 1 2
606140 1 1 1 1 2 ? 2 1 1 2
606722 5 5 7 8 6 10 7 4 1 4
61634 5 4 3 1 2 ? 2 3 1 2
646904 1 1 1 1 2 1 3 1 1 2
659642 10 8 4 4 4 10 3 10 4 4
667204 7 8 7 6 4 3 8 8 4 4
684955 2 1 1 1 3 1 2 1 1 2
691628 8 6 4 10 10 1 3 5 1 4
704097 1 1 1 1 1 1 2 1 1 2
704168 4 6 5 6 7 ? 4 9 1 2
706426 5 5 5 2 5 10 4 3 1 4
721482 4 4 4 4 6 5 7 3 1 2
756136 1 1 1 1 2 1 2 1 1 2
760239 10 4 6 4 5 10 7 1 1 4
76389 10 4 7 2 2 8 6 1 1 4
770066 5 2 2 2 2 1 2 2 1 2
814265 2 1 1 1 2 1 1 1 1 2
822829 7 6 4 8 10 10 9 5 3 4
873549 10 3 5 4 3 7 3 5 3 4
888523 4 4 4 2 2 3 2 1 1 2
897172 2 1 1 1 2 1 2 1 1 2
342245 1 1 3 1 2 1 1 1 1 2
492561 4 3 2 1 3 1 2 1 1 2
1002504 3 2 2 2 2 1 3 2 1 2
1080233 7 6 6 3 2 10 7 1 1 4
1114570 2 1 1 1 2 1 2 2 1 2
1131411 1 1 1 2 2 1 2 1 1 2
1156017 3 1 1 1 2 1 2 1 1 2
1213784 3 1 1 1 2 1 1 1 1 2
1229929 1 1 1 1 2 1 2 1 1 2
1231853 4 2 2 1 2 1 2 1 1 2
1234554 1 1 1 1 2 1 2 1 1 2
1238021 1 1 1 1 2 1 2 1 1 2
1238633 10 10 10 6 8 4 8 5 1 4
1239232 3 3 2 6 3 3 3 5 1 2
1239347 8 7 8 5 10 10 7 2 1 4
1253505 2 3 1 1 5 1 1 1 1 2
1258556 5 3 6 1 2 1 1 1 1 2
1293439 3 2 2 3 2 1 1 1 1 2
734111 1 1 1 1 2 2 1 1 1 2
780555 5 1 1 6 3 1 2 1 1 2
1193544 5 7 9 8 6 10 8 10 1 4
1238410 2 3 1 1 3 1 1 1 1 2
1259008 8 8 9 6 6 3 10 10 1 4
1268313 5 1 1 3 2 1 1 1 1 2
1280258 4 1 1 1 2 1 1 2 1 2
1293966 4 1 1 1 2 1 1 1 1 2
1181685 1 1 2 1 2 1 2 1 1 2
1238777 6 1 1 3 2 1 1 1 1 2
1296025 4 1 2 1 2 1 1 1 1 2
1301945 5 1 1 1 1 1 1 1 1 2
787451 5 1 2 1 2 1 1 1 1 2
1002025 1 1 1 3 1 3 1 1 1 2
1119189 5 8 9 4 3 10 7 1 1 4
1224565 6 1 1 1 2 1 3 1 1 2
1253917 4 1 1 2 2 1 2 1 1 2
1268766 1 1 1 1 2 1 1 1 1 2
1295508 1 1 1 1 2 4 1 1 1 2
1299924 5 1 1 1 2 1 2 1 1 2
1306282 6 6 7 10 3 10 8 10 2 4
1320077 1 1 1 1 1 1 1 1 1 2
1320304 3 1 2 2 2 1 1 1 1 2
333093 1 1 1 1 3 1 1 1 1 2
369565 4 1 1 1 3 1 1 1 1 2
672113 7 5 6 10 4 10 5 3 1 4
837480 7 4 4 3 4 10 6 9 1 4
1061990 1 1 3 2 2 1 3 1 1 2
1240603 2 1 1 1 1 1 1 1 1 2
1240603 3 1 1 1 1 1 1 1 1 2
1299924 3 2 2 2 2 1 4 2 1 2
1313658 3 1 1 1 2 1 1 1 1 2
1321264 5 2 2 2 1 1 2 1 1 2
1321348 2 1 1 1 2 1 2 1 1 2
1321931 5 1 1 1 2 1 2 1 1 2
1321942 5 1 1 1 2 1 3 1 1 2
1321942 5 1 1 1 2 1 3 1 1 2
1328755 3 1 1 1 2 1 2 1 1 2
142932 7 6 10 5 3 10 9 10 2 4
385103 5 1 2 1 2 1 3 1 1 2
871549 5 1 2 1 2 1 2 1 1 2
878358 5 7 10 6 5 10 7 5 1 4
1107684 6 10 5 5 4 10 6 10 1 4
1315506 4 8 6 3 4 10 7 1 1 4
1320141 5 1 1 1 2 1 2 1 1 2
1325309 4 1 2 1 2 1 2 1 1 2
1333495 3 1 1 1 2 1 2 1 1 2
1352663 5 4 6 8 4 1 8 10 1 4
353098 4 1 1 2 2 1 1 1 1 2
736150 10 4 3 10 3 10 7 1 2 4
822829 8 10 10 10 6 10 10 10 10 4
1031608 2 1 1 1 1 1 2 1 1 2
1042252 3 1 1 1 2 1 2 1 1 2
1057067 1 1 1 1 1 ? 1 1 1 2
1140597 7 1 2 3 2 1 2 1 1 2
1190386 4 6 6 5 7 6 7 7 3 4
1213273 2 1 1 1 2 1 1 1 1 2
1225382 6 2 3 1 2 1 1 1 1 2
1253955 8 7 4 4 5 3 5 10 1 4
1260659 3 1 4 1 2 1 1 1 1 2
1288608 3 1 1 1 2 1 2 1 1 2
1303489 3 1 1 1 2 1 2 1 1 2
1311033 1 2 2 1 2 1 1 1 1 2
1318671 3 1 1 1 2 1 2 1 1 2
1319609 3 1 1 2 3 4 1 1 1 2
1324681 4 1 1 1 2 1 2 1 1 2
1325159 3 1 1 1 2 1 3 1 1 2
1334015 7 8 8 7 3 10 7 2 3 4
1345452 1 1 3 1 2 1 2 1 1 2
1345593 3 1 1 3 2 1 2 1 1 2
1348851 3 1 1 1 2 1 3 1 1 2
1352848 3 10 7 8 5 8 7 4 1 4
1354840 2 1 1 1 2 1 3 1 1 2
1355260 1 1 1 1 2 1 2 1 1 2
1368267 5 1 1 1 2 1 1 1 1 2
603148 4 1 1 1 2 1 1 1 1 2
763235 3 1 1 1 2 1 2 1 2 2
776715 3 1 1 1 3 2 1 1 1 2
888820 5 10 10 3 7 3 8 10 2 4
897471 4 8 8 5 4 5 10 4 1 4
