1000025 5 1 1 1 2 1 3 1 1 2
1043999 1 1 1 1 2 3 3 1 1 2
1056784 3 1 1 1 2 1 2 1 1 2
1080185 10 10 10 8 6 1 8 9 1 4
1096800 6 6 6 9 6 ? 7 8 1 2
1100524 6 10 10 2 8 10 7 3 3 4
1105257 3 7 7 4 4 9 4 8 1 4
1105524 1 1 1 1 2 1 2 1 1 2
1110503 5 5 5 8 10 8 7 3 7 4
1111249 10 6 6 3 4 5 3 6 1 4
1112209 8 10 10 1 3 6 3 9 1 4
1115282 5 3 5 5 3 3 4 10 1 4
1116132 6 3 4 1 5 2 3 9 1 4
1116998 10 4 2 1 3 2 4 3 10 4
1118039 5 3 4 1 8 10 4 9 1 4
1121919 5 1 3 1 2 1 2 1 1 2
1126417 10 6 4 1 3 4 3 2 3 4
1131294 1 1 2 1 2 2 4 2 1 2
1133041 5 3 1 2 2 1 2 1 1 2
1137156 2 2 2 1 1 1 7 1 1 2
1157734 4 1 1 1 2 1 3 1 1 2
1160476 2 1 1 1 2 1 3 1 1 2
1165790 5 1 1 1 2 1 3 1 1 2
1166630 7 5 6 10 5 10 7 9 4 4
1167439 2 3 4 4 2 5 2 5 1 4
1167471 4 1 2 1 2 1 3 1 1 2
1168359 8 2 3 1 6 3 7 1 1 4
1171710 1 1 1 1 2 1 2 3 1 2
1172152 10 3 3 10 2 10 7 3 3 4
1173347 1 1 1 1 2 5 1 1 1 2
1173509 4 5 5 10 4 10 7 5 8 4
1174057 4 2 1 1 2 2 3 1 1 2
1176406 1 1 1 1 2 1 2 1 1 2
1177399 8 3 5 4 5 10 1 6 2 4
1177512 1 1 1 1 10 1 1 1 1 2
1183240 4 1 2 1 2 1 2 1 1 2
1183516 3 1 1 1 2 1 1 1 1 2
1184184 1 1 1 1 2 5 1 1 1 2
1185609 3 4 5 2 6 8 4 1 1 4
1187457 3 1 1 3 8 1 5 8 1 2
1189266 7 2 4 1 6 10 5 4 3 4
1190394 4 1 1 1 2 3 1 1 1 2
1190485 1 1 1 1 2 1 1 1 1 2
1196295 9 9 10 3 6 10 7 10 6 4
1197080 4 1 1 1 2 1 3 2 1 2
1197270 3 1 1 1 2 1 3 1 1 2
1197440 1 1 1 2 1 3 1 1 7 2
1197510 5 1 1 1 2 ? 3 1 1 2
1197979 4 1 1 1 2 2 3 2 1 2
1197993 5 6 7 8 8 10 3 10 3 4
1200772 1 1 1 1 2 1 2 1 1 2
1200952 5 8 7 7 10 10 5 7 1 4
1201834 2 1 1 1 2 1 3 1 1 2
1204242 1 1 1 1 2 1 1 1 1 2
1206695 1 5 8 6 5 8 7 10 1 4
1207986 5 8 4 10 5 8 9 10 1 4
1216947 1 1 1 1 2 1 3 1 1 2
1218741 10 10 9 3 7 5 3 5 1 4
1218860 1 1 1 1 1 1 3 1 1 2
1219525 8 10 10 10 5 10 8 10 6 4
1223426 1 1 1 1 2 1 3 1 1 2
1223967 6 1 3 1 2 1 3 1 1 2
1225799 10 6 4 3 10 10 9 10 1 4
1226612 7 5 6 3 3 8 7 4 1 4
1231706 8 4 6 3 3 1 4 3 1 2
1236043 3 3 2 1 3 1 3 6 1 2
1241232 3 1 4 1 2 ? 3 1 1 2
1243256 10 4 3 2 3 10 5 3 2 4
1270479 5 1 3 3 2 2 2 3 1 2
1287775 5 1 1 2 2 2 3 1 1 2
167528 4 1 1 1 2 1 3 6 1 2
183913 1 2 2 1 2 1 1 1 1 2
191250 10 4 4 10 2 10 5 3 3 4
1017023 6 3 3 5 3 10 3 5 3 2
1116116 9 10 10 1 10 8 3 3 1 4
1168736 5 6 6 2 4 10 3 6 1 4
314428 7 9 4 10 10 3 5 3 3 4
1182404 5 1 4 1 2 1 3 2 1 2
1198641 10 10 6 3 3 10 4 3 2 4
385103 1 1 1 1 2 1 3 1 1 2
428903 7 2 4 1 3 4 3 3 1 4
431495 3 1 1 1 2 1 3 2 1 2
432809 3 1 3 1 2 ? 2 1 1 2
452264 1 1 1 1 2 1 2 1 1 2
486283 3 1 1 1 2 1 3 1 1 2
486662 2 1 1 2 2 1 3 1 1 2
488173 1 4 3 10 4 10 5 6 1 4
492268 10 4 6 1 2 10 5 3 1 4
527363 8 10 10 10 8 10 10 7 3 4
606722 5 5 7 8 6 10 7 4 1 4
61634 5 4 3 1 2 ? 2 3 1 2
635844 8 4 10 5 4 4 7 10 1 4
636130 1 1 1 1 2 1 3 1 1 2
646904 1 1 1 1 2 1 3 1 1 2
653777 8 3 4 9 3 10 3 3 1 4
691628 8 6 4 10 10 1 3 5 1 4
704168 4 6 5 6 7 ? 4 9 1 2
709287 6 8 7 8 6 8 8 9 1 4
718641 1 1 1 1 5 1 3 1 1 2
743348 3 2 2 1 2 1 2 3 1 2
752904 10 1 1 1 2 10 5 4 1 4
764974 5 1 1 1 2 1 3 1 2 2
797327 6 5 5 8 4 10 3 4 1 4
704097 1 1 1 1 1 1 2 1 1 2
806423 8 5 5 5 2 10 4 3 1 4
810104 1 1 1 1 2 1 3 1 1 2
814265 2 1 1 1 2 1 1 1 1 2
814911 1 1 1 1 2 1 1 1 1 2
822829 7 6 4 8 10 10 9 5 3 4
826923 1 1 1 1 2 1 1 1 1 2
832226 3 4 4 10 5 1 3 3 1 4
832567 4 2 3 5 3 8 7 6 1 4
837082 2 1 1 1 2 1 3 1 1 2
846832 3 4 5 3 7 3 4 6 1 2
859350 8 10 10 7 10 10 7 3 8 4
877291 6 10 10 10 10 10 8 10 10 4
342245 1 1 3 1 2 1 1 1 1 2
521441 5 1 1 2 2 1 2 1 1 2
657753 3 1 1 4 3 1 2 2 1 2
685977 5 3 4 1 4 1 3 1 1 2
805448 1 1 1 1 2 1 1 1 1 2
1080233 7 6 6 3 2 10 7 1 1 4
1116715 5 1 1 1 3 2 2 2 1 2
1223543 1 2 1 3 2 1 1 2 1 2
1229929 1 1 1 1 2 1 2 1 1 2
1234554 1 1 1 1 2 1 2 1 1 2
1237674 3 1 2 1 2 1 2 1 1 2
1238633 10 10 10 6 8 4 8 5 1 4
1238915 5 1 2 1 2 1 3 1 1 2
1239232 3 3 2 6 3 3 3 5 1 2
1239347 8 7 8 5 10 10 7 2 1 4
1257815 5 1 3 1 2 1 2 1 1 2
558538 4 1 3 3 2 1 1 1 1 2
566509 5 1 1 1 2 1 1 1 1 2
734111 1 1 1 3 2 3 1 1 1 2
1058849 5 1 1 1 2 1 1 1 1 2
1202253 5 1 1 1 2 1 1 1 1 2
1227081 3 1 1 3 2 1 1 1 1 2
1238410 2 3 1 1 3 1 1 1 1 2
1266124 5 1 2 1 2 1 1 1 1 2
1268804 3 1 1 1 2 5 1 1 1 2
1293966 4 1 1 1 2 1 1 1 1 2
1269574 4 1 1 1 2 1 1 1 1 2
1277145 5 1 1 1 2 1 1 1 1 2
1299161 4 8 7 10 4 10 7 5 1 4
1301945 5 1 1 1 1 1 1 1 1 2
1318169 9 10 10 10 10 5 10 10 10 4
474162 8 7 8 5 5 10 9 10 1 4
1073960 10 10 10 10 6 10 8 1 5 4
1115293 1 1 1 1 2 1 1 1 1 2
1133991 4 1 1 1 1 1 2 1 1 2
1142706 5 10 10 10 6 10 6 5 2 4
1155967 5 1 2 10 4 5 2 1 1 2
1238186 4 1 1 1 2 1 2 1 1 2
1253917 4 1 1 2 2 1 2 1 1 2
1265899 4 1 1 1 2 1 3 1 1 2
1286943 8 10 10 10 7 5 4 8 7 4
1297327 5 1 1 1 2 1 1 1 1 2
1297522 2 1 1 1 2 1 1 1 1 2
1298360 1 1 1 1 2 1 1 1 1 2
1299994 5 1 1 1 2 1 1 1 1 2
1304595 3 1 1 1 1 1 2 1 1 2
1320077 1 1 1 1 1 1 1 1 1 2
412300 10 4 5 4 3 5 7 3 1 4
672113 7 5 6 10 4 10 5 3 1 4
867392 4 2 2 1 2 1 2 1 1 2
1158157 5 1 1 1 2 2 2 1 1 2
1197527 5 1 1 1 2 1 2 1 1 2
1240603 2 1 1 1 1 1 1 1 1 2
1306339 4 4 2 1 2 5 2 1 2 2
1321264 5 2 2 2 1 1 2 1 1 2
1321931 5 1 1 1 2 1 2 1 1 2
1321942 5 1 1 1 2 1 3 1 1 2
1331412 5 7 10 10 5 10 10 10 1 4
1344121 8 10 4 4 8 10 8 2 1 4
324382 1 1 1 1 2 1 2 1 1 2
385103 5 1 2 1 2 1 3 1 1 2
878358 5 7 10 6 5 10 7 5 1 4
1115762 3 1 1 1 2 1 1 1 1 2
1217717 5 1 1 6 3 1 1 1 1 2
1254538 8 10 10 10 6 10 10 10 1 4
1268275 9 8 8 9 6 3 4 1 1 4
1320141 5 1 1 1 2 1 2 1 1 2
1333063 5 1 3 1 2 1 3 1 1 2
822829 8 10 10 10 6 10 10 10 10 4
1016634 2 3 1 1 2 1 2 1 1 2
1061990 4 1 1 1 2 1 2 1 1 2
1174009 5 1 1 2 1 1 2 1 1 2
1190386 4 6 6 5 7 6 7 7 3 4
1253955 8 7 4 4 5 3 5 10 1 4
1277792 4 1 1 1 2 1 1 1 1 2
1277792 5 1 1 3 2 1 1 1 1 2
1299596 2 1 1 1 2 1 1 1 1 2
1311033 1 2 2 1 2 1 1 1 1 2
1315807 5 10 10 10 10 2 10 10 10 4
1323477 1 2 1 3 2 1 2 1 1 2
1324572 5 1 1 1 2 1 2 2 1 2
1324681 4 1 1 1 2 1 2 1 1 2
1345593 3 1 1 3 2 1 2 1 1 2
1347749 1 1 1 1 2 1 1 1 1 2
1347943 5 2 2 2 2 1 1 1 2 2
1350423 5 10 10 8 5 5 7 10 1 4
1353092 3 2 1 2 2 1 3 1 1 2
1354840 2 1 1 1 2 1 3 1 1 2
1365328 1 1 2 1 2 1 2 1 1 2
1368882 2 1 1 1 2 1 1 1 1 2
603148 4 1 1 1 2 1 1 1 1 2
695091 5 10 10 5 4 5 4 4 1 4
897471 4 8 8 5 4 5 10 4 1 4
