1000025 5 1 1 1 2 1 3 1 1 2
1015425 3 1 1 1 2 2 3 1 1 2
1056784 3 1 1 1 2 1 2 1 1 2
1066373 3 2 1 1 1 1 2 1 1 2
1072179 10 7 7 3 8 5 7 4 3 4
1074610 2 1 1 2 2 1 3 1 1 2
1075123 3 1 2 1 2 1 2 1 1 2
1084584 5 4 4 9 2 10 5 6 1 4
1091262 2 5 3 3 6 7 7 5 1 4
1102573 5 6 5 6 10 1 3 1 1 4
1105257 3 7 7 4 4 9 4 8 1 4
1108370 9 5 8 1 2 3 2 1 5 4
1110524 10 5 5 6 8 8 7 1 1 4
1111249 10 6 6 3 4 5 3 6 1 4
1113038 8 2 4 1 5 1 5 4 4 4
1115293 1 1 1 1 2 2 2 1 1 2
1116192 1 1 1 1 2 1 2 1 1 2
1116998 10 4 2 1 3 2 4 3 10 4
1117152 4 1 1 1 2 1 3 1 1 2
1125035 9 4 5 10 6 10 4 8 1 4
1132347 1 1 4 1 2 1 2 1 1 2
1133136 3 1 1 1 2 3 3 1 1 2
1143978 4 1 1 2 2 1 2 1 1 2
1157734 4 1 1 1 2 1 3 1 1 2
1158247 1 1 1 1 2 1 2 1 1 2
1164066 1 1 1 1 2 1 3 1 1 2
1165790 5 1 1 1 2 1 3 1 1 2
1167471 4 1 2 1 2 1 3 1 1 2
1174057 1 1 2 2 2 1 3 1 1 2
1174057 4 2 1 1 2 2 3 1 1 2
1174131 10 10 10 2 10 10 5 3 3 4
1174428 5 3 5 1 8 10 5 3 1 4
1179818 2 1 1 1 2 1 3 1 1 2
1180831 3 1 1 1 3 1 2 1 1 2
1182404 4 1 1 1 2 1 2 1 1 2
1183240 4 1 2 1 2 1 2 1 1 2
1183516 3 1 1 1 2 1 1 1 1 2
1183983 9 5 5 4 4 5 4 3 3 4
1187805 8 8 7 4 10 10 7 8 7 4
1188472 1 1 1 1 1 1 3 1 1 2
1190394 4 1 1 1 2 3 1 1 1 2
1193210 2 1 1 1 2 1 3 1 1 2
1197080 4 1 1 1 2 1 3 2 1 2
1197510 5 1 1 1 2 ? 3 1 1 2
1198641 3 1 1 1 2 1 3 1 1 2
1201936 5 10 10 3 8 1 5 10 3 4
1202812 5 3 3 3 6 10 3 1 1 4
1208301 1 2 3 1 2 1 3 1 1 2
1211202 7 5 10 10 10 10 4 10 3 4
1212422 4 1 1 1 2 1 3 1 1 2
1213383 5 1 1 4 2 1 3 1 1 2
1214556 3 1 1 1 2 1 2 1 1 2
1217051 5 1 1 1 2 1 3 1 1 2
1222047 10 10 10 10 3 10 10 6 1 4
1223426 1 1 1 1 2 1 3 1 1 2
1227210 10 5 5 6 3 10 7 9 2 4
1230175 10 10 10 3 10 10 9 10 1 4
1230688 7 4 7 4 3 7 7 6 1 4
1242364 8 10 10 8 6 9 3 10 10 4
1243256 10 4 3 2 3 10 5 3 2 4
1276091 3 1 1 3 1 1 3 1 1 2
128059 1 1 1 1 2 5 5 1 1 2
1168736 5 6 6 2 4 10 3 6 1 4
1182404 3 1 1 1 2 1 1 1 1 2
1182404 3 1 1 1 2 1 2 1 1 2
274137 8 8 9 4 5 10 7 8 1 4
303213 10 4 4 10 6 10 5 5 1 4
314428 7 9 4 10 10 3 5 3 3 4
1198641 10 10 6 3 3 10 4 3 2 4
385103 1 1 1 1 2 1 3 1 1 2
390840 8 4 7 1 3 10 3 9 2 4
431495 3 1 1 1 2 1 3 2 1 2
488173 1 4 3 10 4 10 5 6 1 4
508234 7 4 5 10 2 10 3 8 2 4
560680 1 1 1 1 2 1 1 1 1 2
61634 5 4 3 1 2 ? 2 3 1 2
625201 8 2 1 1 5 1 1 1 1 2
63375 9 1 2 6 4 10 7 7 2 4
684955 2 1 1 1 3 1 2 1 1 2
688033 1 1 1 1 2 1 1 1 1 2
740492 1 1 1 1 2 1 3 1 1 2
756136 1 1 1 1 2 1 2 1 1 2
764974 5 1 1 1 2 1 3 1 2 2
770066 5 2 2 2 2 1 2 2 1 2
785208 5 4 6 6 4 10 4 3 1 4
797327 6 5 5 8 4 10 3 4 1 4
809912 10 3 3 1 2 10 7 6 1 4
814265 2 1 1 1 2 1 1 1 1 2
846832 3 4 5 3 7 3 4 6 1 2
859350 8 10 10 7 10 10 7 3 8 4
873549 10 3 5 4 3 7 3 5 3 4
877291 6 10 10 10 10 10 8 10 10 4
877943 3 10 3 10 6 10 5 1 4 4
95719 6 10 10 10 8 10 7 10 7 4
492561 4 3 2 1 3 1 2 1 1 2
805448 1 1 1 1 2 1 1 1 1 2
1002504 3 2 2 2 2 1 3 2 1 2
1114570 2 1 1 1 2 1 2 2 1 2
1151734 10 8 7 4 3 10 7 9 1 4
1196263 4 1 1 1 2 1 1 1 1 2
1211265 3 10 8 7 6 9 9 3 8 4
1229929 1 1 1 1 2 1 2 1 1 2
1231853 4 2 2 1 2 1 2 1 1 2
1238464 1 1 1 1 1 ? 2 1 1 2
1238633 10 10 10 6 8 4 8 5 1 4
1238948 8 5 6 2 3 10 6 6 1 4
1239347 8 7 8 5 10 10 7 2 1 4
1239967 1 1 1 1 2 1 2 1 1 2
1255384 3 2 2 3 2 3 3 1 1 2
1257200 10 10 10 7 10 10 8 2 1 4
1258556 5 3 6 1 2 1 1 1 1 2
1266154 8 7 8 2 4 2 5 10 1 4
1293439 6 9 7 5 5 8 4 2 1 2
1295186 10 10 10 1 6 1 2 8 1 4
566509 5 1 1 1 2 1 1 1 1 2
608157 10 4 3 10 4 10 10 1 1 4
677910 5 2 2 4 2 4 1 1 1 2
1049837 1 1 1 1 2 1 1 1 1 2
1058849 5 1 1 1 2 1 1 1 1 2
1259008 8 8 9 6 6 3 10 10 1 4
1267898 5 1 3 1 2 1 1 1 1 2
1238777 6 1 1 3 2 1 1 1 1 2
1269574 4 1 1 1 2 1 1 1 1 2
1296025 4 1 2 1 2 1 1 1 1 2
1302428 5 3 2 4 2 1 1 1 1 2
787451 5 1 2 1 2 1 1 1 1 2
1002025 1 1 1 3 1 3 1 1 1 2
1142706 5 10 10 10 6 10 6 5 2 4
1155967 5 1 2 10 4 5 2 1 1 2
1170945 3 1 1 1 1 1 2 1 1 2
1224565 6 1 1 1 2 1 3 1 1 2
1268766 1 1 1 1 2 1 1 1 1 2
1297522 2 1 1 1 2 1 1 1 1 2
1304595 3 1 1 1 1 1 2 1 1 2
1320077 1 1 1 1 1 1 1 1 1 2
1320077 1 1 1 1 1 1 2 1 1 2
1320304 3 1 2 2 2 1 1 1 1 2
369565 4 1 1 1 3 1 1 1 1 2
749653 3 1 1 1 2 1 2 1 1 2
769612 3 1 1 2 2 1 1 1 1 2
807657 6 1 3 2 2 1 1 1 1 2
867392 4 2 2 1 2 1 2 1 1 2
1056171 2 1 1 1 2 1 2 1 1 2
1113061 5 1 1 1 2 1 3 1 1 2
1186936 2 1 3 2 2 1 2 1 1 2
1197527 5 1 1 1 2 1 2 1 1 2
1289391 1 1 1 1 2 1 3 1 1 2
1321931 5 1 1 1 2 1 2 1 1 2
1321942 5 1 1 1 2 1 3 1 1 2
1331405 4 1 1 1 2 1 3 2 1 2
1331412 5 7 10 10 5 10 10 10 1 4
1333104 3 1 2 1 2 1 3 1 1 2
1343068 8 4 4 1 6 10 2 5 2 4
1344121 8 10 4 4 8 10 8 2 1 4
183936 3 1 1 1 2 1 2 1 1 2
378275 10 9 7 3 4 2 7 7 1 4
695091 1 1 1 1 2 1 2 1 1 2
871549 5 1 2 1 2 1 2 1 1 2
1107684 6 10 5 5 4 10 6 10 1 4
1115762 3 1 1 1 2 1 1 1 1 2
1254538 8 10 10 10 6 10 10 10 1 4
1268275 9 8 8 9 6 3 4 1 1 4
1350568 4 1 1 1 2 1 2 1 1 2
353098 4 1 1 2 2 1 1 1 1 2
736150 10 4 3 10 3 10 7 1 2 4
822829 8 10 10 10 6 10 10 10 10 4
1042252 3 1 1 1 2 1 2 1 1 2
1073836 5 1 1 1 2 1 2 1 1 2
1083817 3 1 1 1 2 1 2 1 1 2
1174009 5 1 1 2 1 1 2 1 1 2
1183596 3 1 3 1 3 4 1 1 1 2
1190546 2 1 1 1 2 5 1 1 1 2
1253955 8 7 4 4 5 3 5 10 1 4
1285722 4 1 1 3 2 1 1 1 1 2
1290203 3 1 1 1 2 1 2 1 1 2
1299596 2 1 1 1 2 1 1 1 1 2
1311033 1 2 2 1 2 1 1 1 1 2
1324572 5 1 1 1 2 1 2 2 1 2
1324681 4 1 1 1 2 1 2 1 1 2
1333877 5 4 5 1 8 1 3 6 1 2
1334015 7 8 8 7 3 10 7 2 3 4
1339781 4 1 1 1 2 1 3 1 1 2
1348851 3 1 1 1 2 1 3 1 1 2
1353092 3 2 1 2 2 1 3 1 1 2
1354840 2 1 1 1 2 1 3 1 1 2
1368273 1 1 1 1 2 1 1 1 1 2
1369821 10 10 10 10 5 10 10 10 7 4
466906 1 1 1 1 2 1 1 1 1 2
536708 1 1 1 1 2 1 1 1 1 2
654546 1 1 1 3 2 1 1 1 1 2
776715 3 1 1 1 3 2 1 1 1 2
888820 5 10 10 3 7 3 8 10 2 4
