1000025 5 1 1 1 2 1 3 1 1 2
1015425 3 1 1 1 2 2 3 1 1 2
1033078 2 1 1 1 2 1 1 1 5 2
1041801 5 3 3 3 2 3 4 4 1 4
1043999 1 1 1 1 2 3 3 1 1 2
1049815 4 1 1 1 2 1 3 1 1 2
1050718 6 1 1 1 2 1 3 1 1 2
1054593 10 5 5 3 6 7 7 10 1 4
1057013 8 4 5 1 2 ? 7 3 1 4
1066373 3 2 1 1 1 1 2 1 1 2
1070935 3 1 1 1 1 1 2 1 1 2
1072179 10 7 7 3 8 5 7 4 3 4
1075123 3 1 2 1 2 1 2 1 1 2
1080185 10 10 10 8 6 1 8 9 1 4
1081791 6 2 1 1 1 1 7 1 1 2
1096800 6 6 6 9 6 ? 7 8 1 2
1105524 1 1 1 1 2 1 2 1 1 2
1106829 7 8 7 2 4 8 3 8 2 4
1111249 10 6 6 3 4 5 3 6 1 4
1112209 8 10 10 1 3 6 3 9 1 4
1113038 8 2 4 1 5 1 5 4 4 4
1115293 1 1 1 1 2 2 2 1 1 2
1116132 6 3 4 1 5 2 3 9 1 4
1117152 4 1 1 1 2 1 3 1 1 2
1120559 8 3 8 3 4 9 8 9 8 4
1133041 5 3 1 2 2 1 2 1 1 2
1137156 2 2 2 1 1 1 7 1 1 2
1147748 5 10 6 1 10 4 4 10 10 4
1152331 4 1 1 1 2 1 3 1 1 2
1165297 2 1 1 2 2 1 1 1 1 2
1166654 10 3 5 1 10 5 3 10 2 4
1169049 7 3 4 4 3 3 3 2 7 4
1170419 10 10 10 8 2 10 4 1 1 4
1171710 6 5 4 4 3 9 7 8 3 4
1171795 1 3 1 2 2 2 5 3 2 2
1171845 8 6 4 3 5 9 3 1 1 4
1172152 10 3 3 10 2 10 7 3 3 4
1173235 3 3 2 1 2 3 3 1 1 2
1173347 1 1 1 1 2 5 1 1 1 2
1173509 4 5 5 10 4 10 7 5 8 4
1173514 1 1 1 1 4 3 1 1 1 2
1177027 3 1 1 1 2 1 3 1 1 2
1177399 8 3 5 4 5 10 1 6 2 4
1177512 1 1 1 1 10 1 1 1 1 2
1178580 5 1 3 1 2 1 2 1 1 2
1180194 5 10 8 10 8 10 3 6 3 4
1180523 3 1 1 1 2 1 2 2 1 2
1183911 2 1 1 1 2 1 1 1 1 2
1183983 9 5 5 4 4 5 4 3 3 4
1184840 1 1 3 1 2 ? 2 1 1 2
1188472 1 1 1 1 1 1 3 1 1 2
1189266 7 2 4 1 6 10 5 4 3 4
1190394 4 1 1 1 2 3 1 1 1 2
1197080 4 1 1 1 2 1 3 2 1 2
1197270 3 1 1 1 2 1 3 1 1 2
1197510 5 1 1 1 2 ? 3 1 1 2
1197993 5 6 7 8 8 10 3 10 3 4
1198641 3 1 1 1 2 1 3 1 1 2
1199219 1 1 1 2 1 1 1 1 1 2
1199731 3 1 1 1 2 1 1 1 1 2
1200772 1 1 1 1 2 1 2 1 1 2
1202125 4 1 1 1 2 1 3 1 1 2
1203096 1 1 1 1 1 1 3 1 1 2
1205579 8 7 6 4 4 10 5 1 1 4
1206841 10 5 6 10 6 10 7 7 10 4
1210963 10 10 10 8 6 8 7 10 1 4
1212251 1 1 1 1 2 1 3 1 1 2
1212422 4 1 1 1 2 1 3 1 1 2
1213375 8 4 4 5 4 7 7 8 2 2
1213383 5 1 1 4 2 1 3 1 1 2
1214556 3 1 1 1 2 1 2 1 1 2
1219406 5 1 1 1 1 1 3 1 1 2
1222047 10 10 10 10 3 10 10 6 1 4
1223282 1 1 1 1 2 1 2 1 1 2
1223793 6 10 7 7 6 4 8 10 2 4
1223967 6 1 3 1 2 1 3 1 1 2
1227210 10 5 5 6 3 10 7 9 2 4
1241679 9 8 8 5 6 2 4 10 4 4
1277018 2 1 1 1 2 1 3 1 1 2
145447 8 4 4 1 2 9 3 3 1 4
191250 10 4 4 10 2 10 5 3 3 4
1168736 5 6 6 2 4 10 3 6 1 4
263538 5 10 10 6 10 10 10 6 5 4
303213 10 4 4 10 6 10 5 5 1 4
320675 3 3 5 2 3 10 7 1 1 4
411453 5 1 1 1 2 1 3 1 1 2
431495 3 1 1 1 2 1 3 2 1 2
432809 3 1 3 1 2 ? 2 1 1 2
456282 1 1 1 1 2 1 3 1 1 2
508234 7 4 5 10 2 10 3 8 2 4
560680 1 1 1 1 2 1 1 1 1 2
616240 5 3 4 3 4 5 4 7 1 2
635844 8 4 10 5 4 4 7 10 1 4
636130 1 1 1 1 2 1 3 1 1 2
659642 10 8 4 4 4 10 3 10 4 4
666090 1 1 1 1 2 1 3 1 1 2
688033 1 1 1 1 2 1 1 1 1 2
693702 1 1 1 1 2 1 1 1 1 2
709287 6 8 7 8 6 8 8 9 1 4
733639 3 1 1 1 2 ? 3 1 1 2
733823 5 4 6 10 2 10 4 1 1 4
740492 1 1 1 1 2 1 3 1 1 2
752904 10 1 1 1 2 10 5 4 1 4
756136 1 1 1 1 2 1 2 1 1 2
760239 10 4 6 4 5 10 7 1 1 4
764974 5 1 1 1 2 1 3 1 2 2
810104 1 1 1 1 2 1 3 1 1 2
822829 7 6 4 8 10 10 9 5 3 4
831268 1 1 1 1 1 1 1 3 1 2
837082 2 1 1 1 2 1 3 1 1 2
850831 2 7 10 10 7 10 4 9 4 4
859350 8 10 10 7 10 10 7 3 8 4
866325 8 10 5 3 8 4 4 10 3 4
873549 10 3 5 4 3 7 3 5 3 4
897172 2 1 1 1 2 1 2 1 1 2
428598 1 1 3 1 1 1 2 1 1 2
493452 4 1 2 1 2 1 2 1 1 2
636437 1 1 1 1 2 1 1 1 1 2
657753 3 1 1 4 3 1 2 2 1 2
685977 5 3 4 1 4 1 3 1 1 2
805448 1 1 1 1 2 1 1 1 1 2
1022257 2 1 1 1 2 1 1 1 1 2
1080233 7 6 6 3 2 10 7 1 1 4
1114570 2 1 1 1 2 1 2 2 1 2
1176187 3 1 1 1 2 1 3 1 1 2
1196263 4 1 1 1 2 1 1 1 1 2
1211265 3 10 8 7 6 9 9 3 8 4
1223003 5 3 3 1 2 1 2 1 1 2
1223306 3 1 1 1 2 4 1 1 1 2
1229929 1 1 1 1 2 1 2 1 1 2
1231853 4 2 2 1 2 1 2 1 1 2
1240337 5 2 2 2 2 2 3 2 2 2
1253505 2 3 1 1 5 1 1 1 1 2
1257200 10 10 10 7 10 10 8 2 1 4
1257938 3 1 1 1 2 1 1 1 1 2
1258556 5 3 6 1 2 1 1 1 1 2
1272039 1 1 1 1 2 1 2 1 1 2
558538 4 1 3 3 2 1 1 1 1 2
677910 5 2 2 4 2 4 1 1 1 2
734111 1 1 1 1 2 2 1 1 1 2
780555 5 1 1 6 3 1 2 1 1 2
1058849 5 1 1 1 2 1 1 1 1 2
1182404 1 1 1 1 1 1 1 1 1 2
1230994 4 5 5 8 6 10 10 7 1 4
1257470 10 6 5 8 5 10 8 6 1 4
1268313 5 1 1 3 2 1 1 1 1 2
1276091 6 1 1 3 2 1 1 1 1 2
1280258 4 1 1 1 2 1 1 2 1 2
1293966 4 1 1 1 2 1 1 1 1 2
1298416 10 6 6 2 4 10 9 7 1 4
1238777 6 1 1 3 2 1 1 1 1 2
1269574 4 1 1 1 2 1 1 1 1 2
1287282 3 1 1 1 2 1 1 1 1 2
1296263 4 1 1 1 2 1 1 1 1 2
1301945 5 1 1 1 1 1 1 1 1 2
787451 5 1 2 1 2 1 1 1 1 2
1002025 1 1 1 3 1 3 1 1 1 2
1084139 6 3 2 1 3 4 4 1 1 4
1119189 5 8 9 4 3 10 7 1 1 4
1204558 4 1 1 1 2 1 2 1 1 2
1217952 4 1 1 1 2 1 2 1 1 2
1277268 3 3 1 1 2 1 1 1 1 2
1299994 5 1 1 1 2 1 1 1 1 2
807657 6 1 3 2 2 1 1 1 1 2
867392 4 2 2 1 2 1 2 1 1 2
1043068 3 1 1 1 2 1 2 1 1 2
1056171 2 1 1 1 2 1 2 1 1 2
1116192 5 1 2 1 2 1 3 1 1 2
1158157 5 1 1 1 2 2 2 1 1 2
1171578 3 1 1 1 2 1 1 1 1 2
1222464 6 10 10 10 4 10 7 10 1 4
1240603 3 1 1 1 1 1 1 1 1 2
1241035 7 8 3 7 4 5 7 8 2 4
1289391 1 1 1 1 2 1 3 1 1 2
1313658 3 1 1 1 2 1 1 1 1 2
1321264 5 2 2 2 1 1 2 1 1 2
1334071 4 1 1 1 2 3 2 1 1 2
183936 3 1 1 1 2 1 2 1 1 2
690557 5 1 1 1 2 1 2 1 1 2
871549 5 1 2 1 2 1 2 1 1 2
878358 5 7 10 6 5 10 7 5 1 4
1107684 6 10 5 5 4 10 6 10 1 4
1217717 5 1 1 6 3 1 1 1 1 2
1261751 5 1 1 1 2 1 2 2 1 2
1294261 4 10 8 5 4 1 10 1 1 4
1333063 5 1 3 1 2 1 3 1 1 2
1352663 5 4 6 8 4 1 8 10 1 4
188336 5 3 2 8 5 10 8 1 2 4
411453 1 1 1 1 2 1 1 1 1 2
803531 5 10 10 10 5 2 8 5 1 4
1031608 2 1 1 1 1 1 2 1 1 2
1061990 4 1 1 1 2 1 2 1 1 2
1083817 3 1 1 1 2 1 2 1 1 2
1149548 1 1 1 1 2 1 1 1 1 2
1225382 6 2 3 1 2 1 1 1 1 2
1253955 8 7 4 4 5 3 5 10 1 4
1257366 3 1 1 1 2 1 1 1 1 2
1277792 4 1 1 1 2 1 1 1 1 2
1290203 3 1 1 1 2 1 2 1 1 2
1311108 1 1 1 3 2 1 1 1 1 2
1330361 5 1 1 1 2 1 2 1 1 2
1345452 1 1 3 1 2 1 2 1 1 2
1352848 3 10 7 8 5 8 7 4 1 4
1354840 5 3 2 1 3 1 1 1 1 2
1368267 5 1 1 1 2 1 1 1 1 2
1369821 10 10 10 10 5 10 10 10 7 4
1371026 5 10 10 10 4 10 5 6 3 4
534555 1 1 1 1 2 1 1 1 1 2
566346 3 1 1 1 2 1 2 3 1 2
