13.2 1.78 2.14 11.2 100 2.65 2.76 0.26 1.28 4.38 1.05 3.4 1050 1
13.24 2.59 2.87 21 118 2.8 2.69 0.39 1.82 4.32 1.04 2.93 735 1
14.2 1.76 2.45 15.2 112 3.27 3.39 0.34 1.97 6.75 1.05 2.85 1450 1
14.06 2.15 2.61 17.6 121 2.6 2.51 0.31 1.25 5.05 1.06 3.58 1295 1
13.86 1.35 2.27 16 98 2.98 3.15 0.22 1.85 7.22 1.01 3.55 1045 1
14.12 1.48 2.32 16.8 95 2.2 2.43 0.26 1.57 5 1.17 2.82 1280 1
14.38 1.87 2.38 12 102 3.3 3.64 0.29 2.96 7.5 1.2 3 1547 1
13.71 1.86 2.36 16.6 101 2.61 2.88 0.27 1.69 3.8 1.11 4 1035 1
13.05 2.05 3.22 25 124 2.63 2.68 0.47 1.92 3.58 1.13 3.2 830 1
13.39 1.77 2.62 16.1 93 2.85 2.94 0.34 1.45 4.8 0.92 3.22 1195 1
13.73 1.5 2.7 22.5 101 3 3.25 0.29 2.38 5.7 1.19 2.71 1285 1
13.68 1.83 2.36 17.2 104 2.42 2.69 0.42 1.97 3.84 1.23 2.87 990 1
13.28 1.64 2.84 15.5 110 2.6 2.68 0.34 1.36 4.6 1.09 2.78 880 1
13.05 1.65 2.55 18 98 2.45 2.43 0.29 1.44 4.25 1.12 2.51 1105 1
13.05 1.77 2.1 17 107 3 3 0.28 2.03 5.04 0.88 3.35 885 1
14.21 4.04 2.44 18.9 111 2.85 2.65 0.3 1.25 5.24 0.87 3.33 1080 1
14.38 3.59 2.28 16 102 3.25 3.17 0.27 2.19 4.9 1.04 3.44 1065 1
14.1 2.02 2.4 18.8 103 2.75 2.92 0.32 2.38 6.2 1.07 2.75 1060 1
13.83 1.65 2.6 17.2 94 2.45 2.99 0.22 2.29 5.6 1.24 3.37 1265 1
12.64 1.36 2.02 16.8 100 2.02 1.41 0.53 0.62 5.75 0.98 1.59 450 2
12.37 1.21 2.56 18.1 98 2.42 2.65 0.37 2.08 4.6 1.19 2.3 678 2
13.34 0.94 2.36 17 110 2.53 1.3 0.55 0.42 3.17 1.02 1.93 750 2
13.86 1.51 2.67 25 86 2.95 2.86 0.21 1.87 3.38 1.36 3.16 410 2
13.49 1.66 2.24 24 87 1.88 1.84 0.27 1.03 3.74 0.98 2.78 472 2
12.99 1.67 2.6 30 139 3.3 2.89 0.21 1.96 3.35 1.31 3.5 985 2
11.96 1.09 2.3 21 101 3.38 2.14 0.13 1.65 3.21 0.99 3.13 886 2
11.66 1.88 1.92 16 97 1.61 1.57 0.34 1.15 3.8 1.23 2.14 428 2
13.03 0.9 1.71 16 86 1.95 2.03 0.24 1.46 4.6 1.19 2.48 392 2
12.33 0.99 1.95 14.8 136 1.9 1.85 0.35 2.76 3.4 1.06 2.31 750 2
12 0.92 2 19 86 2.42 2.26 0.3 1.43 2.5 1.38 3.12 278 2
12.08 1.13 2.51 24 78 2 1.58 0.4 1.4 2.2 1.31 2.72 630 2
12.16 1.61 2.31 22.8 90 1.78 1.69 0.43 1.56 2.45 1.33 2.26 495 2
12.08 1.83 2.32 18.5 81 1.6 1.5 0.52 1.64 2.4 1.08 2.27 480 2
12.47 1.52 2.2 19 162 2.5 2.27 0.32 3.28 2.6 1.16 2.63 937 2
11.81 2.12 2.74 21.5 134 1.6 0.99 0.14 1.56 2.5 0.95 2.26 625 2
11.61 1.35 2.7 20 94 2.74 2.92 0.29 2.49 2.65 0.96 3.26 680 2
11.76 2.68 2.92 20 103 1.75 2.03 0.6 1.05 3.8 1.23 2.5 607 2
12.08 1.39 2.5 22.5 84 2.56 2.29 0.43 1.04 2.9 0.93 3.19 385 2
11.82 1.47 1.99 20.8 86 1.98 1.6 0.3 1.53 1.95 0.95 3.33 495 2
11.45 2.4 2.42 20 96 2.9 2.79 0.32 1.83 3.25 0.8 3.39 625 2
12.07 2.16 2.17 21 85 2.6 2.65 0.37 1.35 2.76 0.86 3.28 378 2
12.37 1.63 2.3 24.5 88 2.22 2.45 0.4 1.9 2.12 0.89 2.78 342 2
12.04 4.3 2.38 22 80 2.1 1.75 0.42 1.35 2.6 0.79 2.57 580 2
12.88 2.99 2.4 20 104 1.3 1.22 0.24 0.83 5.4 0.74 1.42 530 3
12.51 1.24 2.25 17.5 85 2 0.58 0.6 1.25 5.45 0.75 1.51 650 3
12.6 2.46 2.2 18.5 94 1.62 0.66 0.63 0.94 7.1 0.73 1.58 695 3
12.84 2.96 2.61 24 101 2.32 0.6 0.53 0.81 4.92 0.89 2.15 590 3
12.93 2.81 2.7 21 96 1.54 0.5 0.53 0.75 4.6 0.77 2.31 600 3
13.88 5.04 2.23 20 80 0.98 0.34 0.4 0.68 4.9 0.58 1.33 415 3
12.87 4.61 2.48 21.5 86 1.7 0.65 0.47 0.86 7.65 0.54 1.86 625 3
13.08 3.9 2.36 21.5 113 1.41 1.39 0.34 1.14 9.4 0.57 1.33 550 3
13.23 3.3 2.28 18.5 98 1.8 0.83 0.61 1.87 10.52 0.56 1.51 675 3
13.48 1.67 2.64 22.5 89 2.6 1.1 0.52 2.29 11.75 0.57 1.78 620 3
13.78 2.76 2.3 22 90 1.35 0.68 0.41 1.03 9.58 0.7 1.68 615 3
12.2 3.03 2.32 19 96 1.25 0.49 0.4 0.73 5.5 0.66 1.83 510 3
12.77 2.39 2.28 19.5 86 1.39 0.51 0.48 0.64 9.899999 0.57 1.63 470 3
14.16 2.51 2.48 20 91 1.68 0.7 0.44 1.24 9.7 0.62 1.71 660 3
13.27 4.28 2.26 20 120 1.59 0.69 0.43 1.35 10.2 0.59 1.56 835 3
14.13 4.1 2.74 24.5 96 2.05 0.76 0.56 1.35 9.2 0.61 1.6 560 3
