0.504854
0.504854
0.73301
0.504854
0.504854
0.504854
0.504854
0.504854
0.786408
0.495146
0.504854
0.504854
0.495146
0.834951
0.849515
0.820388
0.849515
0.504854
0.504854
0.495146
0.805825
0.825243
0.878641
0.504854
0.495146
0.495146
0.495146
0.495146
0.854369
0.84466
0.504854
0.504854
0.84466
0.81068
0.834951
0.84466
0.504854
0.524272
0.504854
0.796117
0.495146
0.504854
0.504854
0.495146
0.504854
0.81068
0.815534
0.495146
0.495146
0.504854
0.504854
0.805825
0.747573
0.504854
0.694175
0.786408
0.495146
0.84466
0.495146
0.805825
0.514563
0.504854
0.504854
0.495146
0.800971
0.864078
0.504854
0.820388
0.495146
0.834951
0.834951
0.864078
0.805825
0.504854
0.830097
0.504854
0.495146
0.800971
0.495146
0.800971
0.504854
0.495146
0.796117
0.504854
0.504854
0.504854
0.834951
0.635922
0.504854
0.504854
0.504854
0.504854
0.504854
0.504854
0.495146
0.504854
0.504854
0.504854
0.504854
0.504854