0.761905
0.714286
0.714286
0.714286
0.714286
0.714286
0.714286
0.714286
0.72381
0.714286
0.72381
0.72381
0.72381
0.714286
0.72381
0.714286
0.714286
0.714286
0.714286
0.714286
0.72381
0.72381
0.714286
0.714286
0.714286
0.714286
0.714286
0.72381
0.714286
0.714286
1
0.72381
0.72381
0.714286
0.714286
0.714286
0.733333
0.714286
0.714286
0.72381
0.714286
0.72381
0.714286
0.72381
0.714286
0.714286
0.72381
0.714286
0.72381
0.72381
0.72381
0.714286
0.72381
0.714286
0.714286
1
0.714286
0.714286
0.714286
0.714286
0.72381
0.72381
0.72381
0.72381
0.714286
0.72381
0.714286
0.714286
0.714286
0.714286
0.714286
0.714286
0.714286
0.714286
0.714286
0.714286
0.72381
0.714286
0.72381
0.72381
0.72381
0.714286
0.714286
0.714286
0.714286
0.714286
0.714286
0.714286
0.72381
0.714286
0.72381
0.714286
1
0.72381
0.714286
0.714286
0.714286
0.714286
0.714286
0.714286
0.761905
0.714286
0.714286
0.714286
0.714286
0.714286
0.714286
0.714286
0.72381
0.714286
0.72381
0.72381
0.72381
0.714286
0.72381
0.714286
0.714286
0.714286
0.714286
0.714286
0.72381
0.72381
0.714286
0.714286
0.714286
0.714286
0.714286
0.72381
0.714286
0.714286
1
0.72381
0.72381
0.714286
0.714286
0.714286
0.733333
0.714286
0.714286
0.72381
0.714286
0.72381
0.714286
0.72381
0.714286
0.714286
0.72381
0.714286
0.72381
0.72381
0.72381
0.714286
0.72381
0.714286
0.714286
1
0.714286
0.714286
0.714286
0.714286
0.72381
0.72381
0.72381
0.72381
0.714286
0.72381
0.714286
0.714286
0.714286
0.714286
0.714286
0.714286
0.714286
0.714286
0.714286
0.714286
0.72381
0.714286
0.72381
0.72381
0.72381
0.714286
0.714286
0.714286
0.714286
0.714286
0.714286
0.714286
0.72381
0.714286
0.72381
0.714286
1
0.72381
0.714286
0.714286
0.714286
0.714286
0.714286
0.714286