0.972222
0.972222
0.972222
0.0277778
0.972222
0.972222
0.972222
0.972222
0.972222
0.972222
0.972222
0.972222
0.972222
0.972222
0.972222
0.972222
0.972222
0.972222
0.972222
0.0277778
0.0277778
0.972222
0.0277778
0.972222
0.972222
0.972222
0.0277778
0.0277778
0.0277778
0.972222
0.972222
0.0277778
0.0277778
0.0277778
0.972222
0.0277778
0.0277778
0.972222
0.972222
0.972222
0.972222
0.972222
0.972222
0.972222
0.0277778
0.972222
0.0277778
0.0277778
0.0277778
0.972222
0.972222
0.972222
0.972222
0.0277778
0.0277778
0.972222
0.0277778
0.972222
0.972222
0.972222
0.972222
0.972222
0.972222
0.972222
0.972222
0.972222
0.972222
0.972222
0.972222
0.0277778
0.972222
0.972222
0.0277778
0.972222
0.972222
0.0277778
0.972222
0.972222
0.972222
0.972222
0.972222
0.972222
0.972222
0.972222
0.0277778
0.0277778
0.972222
0.972222
0.0277778
0.0277778
0.972222
0.0277778
0.972222
0.972222
0.972222
0.972222
0.0277778
0.972222
0.972222
0.972222