0.376623
0.298507
0.415584
0.315068
0.381579
0.426829
0.260274
0.34375
0.307692
0.280488
0.333333
0.356164
0.373134
0.375
0.407407
0.3125
0.333333
0.347222
0.385714
0.24
0.337662
0.412698
0.313433
0.338028
0.363636
0.210526
0.25
0.289855
0.358209
0.214286
0.324675
0.272727
0.416667
0.243902
0.3625
0.361111
0.293333
0.298701
0.391304
0.337838
0.30137
0.347222
0.376623
0.351351
0.362319
0.305556
0.233766
0.304878
0.291667
0.276316
0.380282
0.223684
0.297297
0.314286
0.345679
0.337662
0.316456
0.324675
0.342857
0.3875
0.289855
0.364865
0.310811
0.333333
0.242857
0.376812
0.421875
0.410256
0.386667
0.291667
0.328358
0.392405
0.356164
0.263889
0.323944
0.319444
0.416667
0.441176
0.371795
0.329114
0.293333
0.391304
0.282051
0.457143
0.217949
0.405405
0.315068
0.287879
0.271429
0.289855
0.424658
0.442857
0.315789
0.39726
0.25
0.236842
0.338028
0.371429
0.397059
0.414286
