13.2 1.78 2.14 11.2 100 2.65 2.76 0.26 1.28 4.38 1.05 3.4 1050 1
13.16 2.36 2.67 18.6 101 2.8 3.24 0.3 2.81 5.68 1.03 3.17 1185 1
13.24 2.59 2.87 21 118 2.8 2.69 0.39 1.82 4.32 1.04 2.93 735 1
14.39 1.87 2.45 14.6 96 2.5 2.52 0.3 1.98 5.25 1.02 3.58 1290 1
13.86 1.35 2.27 16 98 2.98 3.15 0.22 1.85 7.22 1.01 3.55 1045 1
14.12 1.48 2.32 16.8 95 2.2 2.43 0.26 1.57 5 1.17 2.82 1280 1
12.85 1.6 2.52 17.8 95 2.48 2.37 0.26 1.46 3.93 1.09 3.63 1015 1
13.5 1.81 2.61 20 96 2.53 2.61 0.28 1.66 3.52 1.12 3.82 845 1
14.02 1.68 2.21 16 96 2.65 2.33 0.26 1.98 4.7 1.04 3.59 1035 1
13.07 1.5 2.1 15.5 98 2.4 2.64 0.28 1.37 3.7 1.18 2.69 1020 1
13.88 1.89 2.59 15 101 3.25 3.56 0.17 1.7 5.43 0.88 3.56 1095 1
13.05 1.77 2.1 17 107 3 3 0.28 2.03 5.04 0.88 3.35 885 1
13.05 1.73 2.04 12.4 92 2.72 3.27 0.17 2.91 7.2 1.12 2.91 1150 1
13.83 1.65 2.6 17.2 94 2.45 2.99 0.22 2.29 5.6 1.24 3.37 1265 1
13.56 1.73 2.46 20.5 116 2.96 2.78 0.2 2.45 6.25 0.98 3.03 1120 1
14.22 1.7 2.3 16.3 118 3.2 3 0.26 2.03 6.38 0.94 3.31 970 1
13.72 1.43 2.5 16.7 108 3.4 3.67 0.19 2.04 6.8 0.89 2.87 1285 1
12.64 1.36 2.02 16.8 100 2.02 1.41 0.53 0.62 5.75 0.98 1.59 450 2
12.37 1.13 2.16 19 87 3.5 3.1 0.19 1.87 4.45 1.22 2.87 420 2
12.37 1.21 2.56 18.1 98 2.42 2.65 0.37 2.08 4.6 1.19 2.3 678 2
12.37 1.17 1.92 19.6 78 2.11 2 0.27 1.04 4.68 1.12 3.48 510 2
13.34 0.94 2.36 17 110 2.53 1.3 0.55 0.42 3.17 1.02 1.93 750 2
12.21 1.19 1.75 16.8 151 1.85 1.28 0.14 2.5 2.85 1.28 3.07 718 2
11.66 1.88 1.92 16 97 1.61 1.57 0.34 1.15 3.8 1.23 2.14 428 2
12.16 1.61 2.31 22.8 90 1.78 1.69 0.43 1.56 2.45 1.33 2.26 495 2
11.64 2.06 2.46 21.6 84 1.95 1.69 0.48 1.35 2.8 1 2.75 680 2
12 1.51 2.42 22 86 1.45 1.25 0.5 1.63 3.6 1.05 2.65 450 2
11.62 1.99 2.28 18 98 3.02 2.26 0.17 1.35 3.25 1.16 2.96 345 2
12.47 1.52 2.2 19 162 2.5 2.27 0.32 3.28 2.6 1.16 2.63 937 2
12.29 3.17 2.21 18 88 2.85 2.99 0.45 2.81 2.3 1.42 2.83 406 2
12.08 2.08 1.7 17.5 97 2.23 2.17 0.26 1.4 3.3 1.27 2.96 710 2
12.42 2.55 2.27 22 90 1.68 1.84 0.66 1.42 2.7 0.86 3.3 315 2
12.72 1.75 2.28 22.5 84 1.38 1.76 0.48 1.63 3.3 0.88 2.42 488 2
12.52 2.43 2.17 21 88 2.55 2.27 0.26 1.22 2 0.9 2.78 325 2
11.82 1.47 1.99 20.8 86 1.98 1.6 0.3 1.53 1.95 0.95 3.33 495 2
12.42 1.61 2.19 22.5 108 2 2.09 0.34 1.61 2.06 1.06 2.96 345 2
12.77 3.43 1.98 16 80 1.63 1.25 0.43 0.83 3.4 0.7 2.12 372 2
12 3.43 2 19 87 2 1.64 0.37 1.87 1.28 0.93 3.05 564 2
12.42 4.43 2.73 26.5 102 2.2 2.13 0.43 1.71 2.08 0.92 3.12 365 2
11.87 4.31 2.39 21 82 2.86 3.03 0.21 2.91 2.8 0.75 3.64 380 2
11.79 2.13 2.78 28.5 92 2.13 2.24 0.58 1.76 3 0.97 2.44 466 2
12.81 2.31 2.4 24 98 1.15 1.09 0.27 0.83 5.7 0.66 1.36 560 3
12.51 1.24 2.25 17.5 85 2 0.58 0.6 1.25 5.45 0.75 1.51 650 3
12.53 5.51 2.64 25 96 1.79 0.6 0.63 1.1 5 0.82 1.69 515 3
13.49 3.59 2.19 19.5 88 1.62 0.48 0.58 0.88 5.7 0.81 1.82 580 3
12.93 2.81 2.7 21 96 1.54 0.5 0.53 0.75 4.6 0.77 2.31 600 3
13.36 2.56 2.35 20 89 1.4 0.5 0.37 0.64 5.6 0.7 2.47 780 3
13.52 3.17 2.72 23.5 97 1.55 0.52 0.5 0.55 4.35 0.89 2.06 520 3
12.87 4.61 2.48 21.5 86 1.7 0.65 0.47 0.86 7.65 0.54 1.86 625 3
13.23 3.3 2.28 18.5 98 1.8 0.83 0.61 1.87 10.52 0.56 1.51 675 3
12.45 3.03 2.64 27 97 1.9 0.58 0.63 1.14 7.5 0.67 1.73 880 3
14.34 1.68 2.7 25 98 2.8 1.31 0.53 2.7 13 0.57 1.96 660 3
12.36 3.83 2.38 21 88 2.3 0.92 0.5 1.04 7.65 0.56 1.58 520 3
13.69 3.26 2.54 20 107 1.83 0.56 0.5 0.8 5.88 0.96 1.82 680 3
13.71 5.65 2.45 20.5 95 1.68 0.61 0.52 1.06 7.7 0.64 1.74 740 3
13.4 3.91 2.48 23 102 1.8 0.75 0.43 1.41 7.3 0.7 1.56 750 3
