1015425 3 1 1 1 2 2 3 1 1 2
1018561 2 1 2 1 2 1 3 1 1 2
1043999 1 1 1 1 2 3 3 1 1 2
1047630 7 4 6 4 6 1 4 3 1 4
1050718 6 1 1 1 2 1 3 1 1 2
1054593 10 5 5 3 6 7 7 10 1 4
1056784 3 1 1 1 2 1 2 1 1 2
1070935 1 1 3 1 2 1 1 1 1 2
1071760 2 1 1 1 2 1 3 1 1 2
1072179 10 7 7 3 8 5 7 4 3 4
1075123 3 1 2 1 2 1 2 1 1 2
1080185 10 10 10 8 6 1 8 9 1 4
1081791 6 2 1 1 1 1 7 1 1 2
1084584 5 4 4 9 2 10 5 6 1 4
1091262 2 5 3 3 6 7 7 5 1 4
1099510 10 4 3 1 3 3 6 5 2 4
1103608 10 10 10 4 8 1 8 10 1 4
1103722 1 1 1 1 2 1 2 1 2 2
1108370 9 5 8 1 2 3 2 1 5 4
1110102 10 3 6 2 3 5 4 10 2 4
1113038 8 2 4 1 5 1 5 4 4 4
1113906 9 5 5 2 2 2 5 1 1 4
1115282 5 3 5 5 3 3 4 10 1 4
1123061 6 10 2 8 10 2 7 8 10 4
1125035 9 4 5 10 6 10 4 8 1 4
1126417 10 6 4 1 3 4 3 2 3 4
1131294 1 1 2 1 2 2 4 2 1 2
1147699 3 5 7 8 8 9 7 10 7 4
1148873 3 6 6 6 5 10 6 8 3 4
1152331 4 1 1 1 2 1 3 1 1 2
1156272 1 1 1 1 2 1 3 1 1 2
1156948 3 1 1 2 2 1 1 1 1 2
1166630 7 5 6 10 5 10 7 9 4 4
1167439 2 3 4 4 2 5 2 5 1 4
1167471 4 1 2 1 2 1 3 1 1 2
1170419 10 10 10 8 2 10 4 1 1 4
1171710 1 1 1 1 2 1 2 3 1 2
1172152 10 3 3 10 2 10 7 3 3 4
1173347 8 3 3 1 2 2 3 2 1 2
1174057 1 1 2 2 2 1 3 1 1 2
1174428 5 3 5 1 8 10 5 3 1 4
1175937 5 4 6 7 9 7 8 10 1 4
1176881 7 5 3 7 4 10 7 5 5 4
1177027 3 1 1 1 2 1 3 1 1 2
1179818 2 1 1 1 2 1 3 1 1 2
1184241 2 1 1 1 2 1 2 1 1 2
1185610 1 1 1 1 3 2 2 1 1 2
1187457 3 1 1 3 8 1 5 8 1 2
1187805 8 8 7 4 10 10 7 8 7 4
1189286 10 10 8 6 4 5 8 10 1 4
1190485 1 1 1 1 2 1 1 1 1 2
1193683 1 1 2 1 3 ? 1 1 1 2
1196915 10 7 7 4 5 10 5 7 2 4
1197510 5 1 1 1 2 ? 3 1 1 2
1199731 3 1 1 1 2 1 1 1 1 2
1200772 1 1 1 1 2 1 2 1 1 2
1201834 2 1 1 1 2 1 3 1 1 2
1202812 5 3 3 3 6 10 3 1 1 4
1204898 6 1 1 1 2 1 3 1 1 2
1205138 5 8 8 8 5 10 7 8 1 4
1207986 5 8 4 10 5 8 9 10 1 4
1208301 1 2 3 1 2 1 3 1 1 2
1211202 7 5 10 10 10 10 4 10 3 4
1212232 5 1 1 1 2 1 2 1 1 2
1214092 1 1 1 1 2 1 1 1 1 2
1218860 1 1 1 1 1 1 3 1 1 2
1218860 1 1 1 1 1 1 3 1 1 2
1220330 1 1 1 1 2 1 3 1 1 2
1224329 1 1 1 2 2 1 3 1 1 2
1226012 4 1 1 3 1 5 2 1 1 4
1227244 1 1 1 1 2 1 2 1 1 2
1228152 8 9 9 5 3 5 7 7 1 4
1236043 3 3 2 1 3 1 3 6 1 2
1241232 3 1 4 1 2 ? 3 1 1 2
1241679 9 8 8 5 6 2 4 10 4 4
1242364 8 10 10 8 6 9 3 10 10 4
1276091 3 1 1 3 1 1 3 1 1 2
167528 4 1 1 1 2 1 3 6 1 2
1100524 6 10 10 2 8 10 7 3 3 4
1116116 9 10 10 1 10 8 3 3 1 4
1198641 3 1 1 1 2 1 3 1 1 2
303213 10 4 4 10 6 10 5 5 1 4
1182404 5 1 4 1 2 1 3 2 1 2
385103 1 1 1 1 2 1 3 1 1 2
432809 3 1 3 1 2 ? 2 1 1 2
452264 1 1 1 1 2 1 2 1 1 2
535331 3 1 1 1 3 1 2 1 1 2
555977 5 6 6 8 6 10 4 10 4 4
606722 5 5 7 8 6 10 7 4 1 4
63375 9 1 2 6 4 10 7 7 2 4
635844 8 4 10 5 4 4 7 10 1 4
636130 1 1 1 1 2 1 3 1 1 2
666942 1 1 1 1 2 1 3 1 1 2
673637 3 1 1 1 2 5 5 1 1 2
684955 2 1 1 1 3 1 2 1 1 2
693702 1 1 1 1 2 1 1 1 1 2
733823 5 4 6 10 2 10 4 1 1 4
743348 3 2 2 1 2 1 2 3 1 2
756136 1 1 1 1 2 1 2 1 1 2
76389 10 4 7 2 2 8 6 1 1 4
764974 5 1 1 1 2 1 3 1 2 2
770066 5 2 2 2 2 1 2 2 1 2
785208 5 4 6 6 4 10 4 3 1 4
814911 1 1 1 1 2 1 1 1 1 2
822829 7 6 4 8 10 10 9 5 3 4
831268 1 1 1 1 1 1 1 3 1 2
832226 3 4 4 10 5 1 3 3 1 4
832567 4 2 3 5 3 8 7 6 1 4
857774 4 1 1 1 3 1 2 2 1 2
866325 8 10 5 3 8 4 4 10 3 4
877291 6 10 10 10 10 10 8 10 10 4
877943 3 10 3 10 6 10 5 1 4 4
888523 4 4 4 2 2 3 2 1 1 2
160296 5 8 8 10 5 10 8 10 3 4
492561 4 3 2 1 3 1 2 1 1 2
493452 1 1 3 1 2 1 1 1 1 2
1080233 7 6 6 3 2 10 7 1 1 4
1114570 5 3 3 2 3 1 3 1 1 2
1114570 2 1 1 1 2 1 2 2 1 2
1151734 10 8 7 4 3 10 7 9 1 4
1156017 3 1 1 1 2 1 2 1 1 2
1158247 1 1 1 1 1 1 1 1 1 2
1168278 3 1 1 1 2 1 2 1 1 2
1206314 1 2 3 1 2 1 1 1 1 2
1223003 5 3 3 1 2 1 2 1 1 2
1223306 3 1 1 1 2 4 1 1 1 2
1223543 1 2 1 3 2 1 1 2 1 2
1231853 4 2 2 1 2 1 2 1 1 2
1238021 1 1 1 1 2 1 2 1 1 2
1238464 1 1 1 1 1 ? 2 1 1 2
1238633 10 10 10 6 8 4 8 5 1 4
1240337 5 2 2 2 2 2 3 2 2 2
1255384 3 2 2 3 2 3 3 1 1 2
1257200 10 10 10 7 10 10 8 2 1 4
1257648 4 3 3 1 2 1 3 3 1 2
1258549 9 10 10 10 10 10 10 10 1 4
1276091 1 3 1 1 2 1 2 2 1 2
1295186 10 10 10 1 6 1 2 8 1 4
780555 5 1 1 6 3 1 2 1 1 2
1058849 5 1 1 1 2 1 1 1 1 2
1201870 4 1 1 3 1 1 2 1 1 2
1293966 4 1 1 1 2 1 1 1 1 2
1296572 10 9 8 7 6 4 7 10 3 4
1298416 10 6 6 2 4 10 9 7 1 4
1181685 1 1 2 1 2 1 2 1 1 2
1257608 6 1 1 1 1 1 1 1 1 2
1269574 4 1 1 1 2 1 1 1 1 2
1296025 4 1 2 1 2 1 1 1 1 2
1302428 5 3 2 4 2 1 1 1 1 2
787451 5 1 2 1 2 1 1 1 1 2
1070522 3 1 1 1 1 1 2 1 1 2
1115293 1 1 1 1 2 1 1 1 1 2
1119189 5 8 9 4 3 10 7 1 1 4
1204558 4 1 1 1 2 1 2 1 1 2
1224565 6 1 1 1 2 1 3 1 1 2
1253917 4 1 1 2 2 1 2 1 1 2
1297327 5 1 1 1 2 1 1 1 1 2
1320077 1 1 1 1 1 1 1 1 1 2
1320077 1 1 1 1 1 1 2 1 1 2
333093 1 1 1 1 3 1 1 1 1 2
412300 10 4 5 4 3 5 7 3 1 4
798429 4 1 1 1 2 1 3 1 1 2
807657 6 1 3 2 2 1 1 1 1 2
867392 4 2 2 1 2 1 2 1 1 2
1061990 1 1 3 2 2 1 3 1 1 2
1116192 5 1 2 1 2 1 3 1 1 2
1171578 3 1 1 1 2 1 1 1 1 2
1197527 5 1 1 1 2 1 2 1 1 2
1222464 6 10 10 10 4 10 7 10 1 4
1313982 4 3 1 1 2 1 4 8 1 2
1321942 5 1 1 1 2 1 3 1 1 2
1328755 3 1 1 1 2 1 2 1 1 2
1331405 4 1 1 1 2 1 3 2 1 2
1333104 3 1 2 1 2 1 3 1 1 2
183936 3 1 1 1 2 1 2 1 1 2
695091 1 1 1 1 2 1 2 1 1 2
1115762 3 1 1 1 2 1 1 1 1 2
1217717 5 1 1 6 3 1 1 1 1 2
1254538 8 10 10 10 6 10 10 10 1 4
1261751 5 1 1 1 2 1 2 2 1 2
1272166 5 1 1 1 2 1 1 1 1 2
1294261 4 10 8 5 4 1 10 1 1 4
1295529 2 5 7 6 4 10 7 6 1 4
1298484 10 3 4 5 3 10 4 1 1 4
1311875 5 1 2 1 2 1 1 1 1 2
1320141 5 1 1 1 2 1 2 1 1 2
1325309 4 1 2 1 2 1 2 1 1 2
1333063 5 1 3 1 2 1 3 1 1 2
1352663 5 4 6 8 4 1 8 10 1 4
353098 4 1 1 2 2 1 1 1 1 2
803531 5 10 10 10 5 2 8 5 1 4
1140597 7 1 2 3 2 1 2 1 1 2
1149548 1 1 1 1 2 1 1 1 1 2
1213273 2 1 1 1 2 1 1 1 1 2
1235807 5 1 1 1 2 1 2 1 1 2
1277792 4 1 1 1 2 1 1 1 1 2
1285722 4 1 1 3 2 1 1 1 1 2
1288608 3 1 1 1 2 1 2 1 1 2
1294413 1 1 1 1 2 1 1 1 1 2
1339781 1 1 1 1 2 1 2 1 1 2
1345452 1 1 3 1 2 1 2 1 1 2
1347749 1 1 1 1 2 1 1 1 1 2
1355260 1 1 1 1 2 1 2 1 1 2
1369821 10 10 10 10 5 10 10 10 7 4
1371026 5 10 10 10 4 10 5 6 3 4
534555 1 1 1 1 2 1 1 1 1 2
714039 3 1 1 1 2 1 1 1 1 2
888820 5 10 10 3 7 3 8 10 2 4
897471 4 8 6 4 3 4 10 6 1 4
897471 4 8 8 5 4 5 10 4 1 4
