1015425 3 1 1 1 2 2 3 1 1 2
1017122 8 10 10 8 7 10 9 7 1 4
1035283 1 1 1 1 1 1 3 1 1 2
1043999 1 1 1 1 2 3 3 1 1 2
1047630 7 4 6 4 6 1 4 3 1 4
1054590 7 3 2 10 5 10 5 4 4 4
1054593 10 5 5 3 6 7 7 10 1 4
1065726 5 2 3 4 2 7 3 6 1 4
1066979 5 1 1 1 2 1 2 1 1 2
1071760 2 1 1 1 2 1 3 1 1 2
1079304 2 1 1 1 2 1 2 1 1 2
1080185 10 10 10 8 6 1 8 9 1 4
1081791 6 2 1 1 1 1 7 1 1 2
1100524 6 10 10 2 8 10 7 3 3 4
1105257 3 7 7 4 4 9 4 8 1 4
1105524 1 1 1 1 2 1 2 1 1 2
1106829 7 8 7 2 4 8 3 8 2 4
1112209 8 10 10 1 3 6 3 9 1 4
1113483 5 2 3 1 6 10 5 1 1 4
1118039 5 3 4 1 8 10 4 9 1 4
1123061 6 10 2 8 10 2 7 8 10 4
1131294 1 1 2 1 2 2 4 2 1 2
1136142 2 1 1 1 3 1 2 1 1 2
1147699 3 5 7 8 8 9 7 10 7 4
1147748 5 10 6 1 10 4 4 10 10 4
1157734 4 1 1 1 2 1 3 1 1 2
1158247 1 1 1 1 2 1 2 1 1 2
1165297 2 1 1 2 2 1 1 1 1 2
1166630 7 5 6 10 5 10 7 9 4 4
1167471 4 1 2 1 2 1 3 1 1 2
1168736 10 10 10 10 10 1 8 8 8 4
1170420 1 6 8 10 8 10 5 7 1 4
1171710 6 5 4 4 3 9 7 8 3 4
1172152 10 3 3 10 2 10 7 3 3 4
1173509 4 5 5 10 4 10 7 5 8 4
1173681 3 2 1 1 2 2 3 1 1 2
1174057 4 2 1 1 2 2 3 1 1 2
1176406 1 1 1 1 2 1 2 1 1 2
1176881 7 5 3 7 4 10 7 5 5 4
1178580 5 1 3 1 2 1 2 1 1 2
1179818 2 1 1 1 2 1 3 1 1 2
1182404 4 1 1 1 2 1 2 1 1 2
1183516 3 1 1 1 2 1 1 1 1 2
1183911 2 1 1 1 2 1 1 1 1 2
1185610 1 1 1 1 3 2 2 1 1 2
1187457 3 1 1 3 8 1 5 8 1 2
1188472 1 1 1 1 1 1 3 1 1 2
1189266 7 2 4 1 6 10 5 4 3 4
1190394 4 1 1 1 2 3 1 1 1 2
1190485 1 1 1 1 2 1 1 1 1 2
1196295 9 9 10 3 6 10 7 10 6 4
1197080 4 1 1 1 2 1 3 2 1 2
1197270 3 1 1 1 2 1 3 1 1 2
1197510 5 1 1 1 2 ? 3 1 1 2
1198641 3 1 1 1 2 1 3 1 1 2
1199219 1 1 1 2 1 1 1 1 1 2
1199983 1 1 1 1 2 1 3 1 1 2
1206089 2 1 1 1 1 1 3 1 1 2
1206695 1 5 8 6 5 8 7 10 1 4
1206841 10 5 6 10 6 10 7 7 10 4
1208301 1 2 3 1 2 1 3 1 1 2
1212251 1 1 1 1 2 1 3 1 1 2
1213383 5 1 1 4 2 1 3 1 1 2
1214556 3 1 1 1 2 1 2 1 1 2
1214966 9 7 7 5 5 10 7 8 3 4
1216694 10 8 8 4 10 10 8 1 1 4
1218741 10 10 9 3 7 5 3 5 1 4
1219406 5 1 1 1 1 1 3 1 1 2
1219525 8 10 10 10 5 10 8 10 6 4
1221863 10 10 10 10 7 10 7 10 4 4
1226012 4 1 1 3 1 5 2 1 1 4
1226612 7 5 6 3 3 8 7 4 1 4
1228152 8 9 9 5 3 5 7 7 1 4
1230175 10 10 10 3 10 10 9 10 1 4
1230688 7 4 7 4 3 7 7 6 1 4
1231387 6 8 7 5 6 8 8 9 2 4
1236043 3 3 2 1 3 1 3 6 1 2
1241232 3 1 4 1 2 ? 3 1 1 2
1243256 10 4 3 2 3 10 5 3 2 4
1285531 1 1 1 1 2 1 3 1 1 2
1287775 5 1 1 2 2 2 3 1 1 2
1017023 6 3 3 5 3 10 3 5 3 2
1116116 9 10 10 1 10 8 3 3 1 4
1198641 3 1 1 1 2 1 3 1 1 2
274137 8 8 9 4 5 10 7 8 1 4
303213 10 4 4 10 6 10 5 5 1 4
432809 3 1 3 1 2 ? 2 1 1 2
434518 3 1 1 1 2 1 2 1 1 2
452264 1 1 1 1 2 1 2 1 1 2
486662 2 1 1 2 2 1 3 1 1 2
488173 1 4 3 10 4 10 5 6 1 4
527363 8 10 10 10 8 10 10 7 3 4
555977 5 6 6 8 6 10 4 10 4 4
563649 8 8 8 1 2 ? 6 10 1 4
606140 1 1 1 1 2 ? 2 1 1 2
616240 5 3 4 3 4 5 4 7 1 2
61634 5 4 3 1 2 ? 2 3 1 2
653777 8 3 4 9 3 10 3 3 1 4
666942 1 1 1 1 2 1 3 1 1 2
684955 2 1 1 1 3 1 2 1 1 2
693702 1 1 1 1 2 1 1 1 1 2
704097 1 1 1 1 1 1 2 1 1 2
704168 4 6 5 6 7 ? 4 9 1 2
718641 1 1 1 1 5 1 3 1 1 2
733639 3 1 1 1 2 1 3 1 1 2
733823 5 4 6 10 2 10 4 1 1 4
740492 1 1 1 1 2 1 3 1 1 2
760239 10 4 6 4 5 10 7 1 1 4
764974 5 1 1 1 2 1 3 1 2 2
814265 2 1 1 1 2 1 1 1 1 2
832567 4 2 3 5 3 8 7 6 1 4
846832 3 4 5 3 7 3 4 6 1 2
859164 5 3 3 1 3 3 3 3 3 4
859350 8 10 10 7 10 10 7 3 8 4
873549 10 3 5 4 3 7 3 5 3 4
877943 3 10 3 10 6 10 5 1 4 4
493452 1 1 3 1 2 1 1 1 1 2
493452 4 1 2 1 2 1 2 1 1 2
560680 3 1 2 1 2 1 2 1 1 2
1071084 3 3 2 2 3 1 1 2 3 2
1114570 5 3 3 2 3 1 3 1 1 2
1114570 2 1 1 1 2 1 2 2 1 2
1223543 1 2 1 3 2 1 1 2 1 2
1236837 2 3 2 2 2 2 3 1 1 2
1237674 3 1 2 1 2 1 2 1 1 2
1238633 10 10 10 6 8 4 8 5 1 4
1238915 5 1 2 1 2 1 3 1 1 2
1238948 8 5 6 2 3 10 6 6 1 4
1257815 5 1 3 1 2 1 2 1 1 2
1257938 3 1 1 1 2 1 1 1 1 2
1266154 8 7 8 2 4 2 5 10 1 4
1272039 1 1 1 1 2 1 2 1 1 2
1276091 2 1 1 1 2 1 2 1 1 2
1276091 1 3 1 1 2 1 2 2 1 2
1276091 5 1 1 3 4 1 3 2 1 2
1277629 5 1 1 1 2 1 2 2 1 2
527337 4 1 1 1 2 1 1 1 1 2
558538 4 1 3 3 2 1 1 1 1 2
734111 1 1 1 1 2 2 1 1 1 2
827627 2 1 1 1 2 1 1 1 1 2
1202253 5 1 1 1 2 1 1 1 1 2
1227081 3 1 1 3 2 1 1 1 1 2
1259008 8 8 9 6 6 3 10 10 1 4
1267898 5 1 3 1 2 1 1 1 1 2
1276091 6 1 1 3 2 1 1 1 1 2
1238777 6 1 1 3 2 1 1 1 1 2
1257608 6 1 1 1 1 1 1 1 1 2
1296025 4 1 2 1 2 1 1 1 1 2
1296593 5 2 1 1 2 1 1 1 1 2
1299161 4 8 7 10 4 10 7 5 1 4
1302428 5 3 2 4 2 1 1 1 1 2
1076352 3 6 4 10 3 3 3 4 1 4
1295508 1 1 1 1 2 4 1 1 1 2
1299994 5 1 1 1 2 1 1 1 1 2
1313325 4 10 4 7 3 10 9 10 1 4
1320077 1 1 1 1 1 1 1 1 1 2
1330439 4 7 8 3 4 10 9 1 1 4
749653 3 1 1 1 2 1 2 1 1 2
869828 1 1 1 1 1 1 3 1 1 2
1061990 1 1 3 2 2 1 3 1 1 2
1158157 5 1 1 1 2 2 2 1 1 2
1186936 2 1 3 2 2 1 2 1 1 2
1222464 6 10 10 10 4 10 7 10 1 4
1240603 2 1 1 1 1 1 1 1 1 2
1313982 4 3 1 1 2 1 4 8 1 2
1321931 5 1 1 1 2 1 2 1 1 2
1343068 8 4 4 1 6 10 2 5 2 4
183936 3 1 1 1 2 1 2 1 1 2
378275 10 9 7 3 4 2 7 7 1 4
385103 5 1 2 1 2 1 3 1 1 2
695219 1 1 1 1 2 1 2 1 1 2
1115762 3 1 1 1 2 1 1 1 1 2
1254538 8 10 10 10 6 10 10 10 1 4
1268275 9 8 8 9 6 3 4 1 1 4
1315506 4 8 6 3 4 10 7 1 1 4
1333495 3 1 1 1 2 1 2 1 1 2
352431 10 5 10 3 5 8 7 8 3 4
736150 10 4 3 10 3 10 7 1 2 4
1016634 2 3 1 1 2 1 2 1 1 2
1057067 1 1 1 1 1 ? 1 1 1 2
1149548 1 1 1 1 2 1 1 1 1 2
1174009 5 1 1 2 1 1 2 1 1 2
1190546 2 1 1 1 2 5 1 1 1 2
1225382 6 2 3 1 2 1 1 1 1 2
1235807 5 1 1 1 2 1 2 1 1 2
1257366 3 1 1 1 2 1 1 1 1 2
1268952 10 10 7 8 7 1 10 10 3 4
1303489 3 1 1 1 2 1 2 1 1 2
1311033 1 2 2 1 2 1 1 1 1 2
1318671 3 1 1 1 2 1 2 1 1 2
1319609 3 1 1 2 3 4 1 1 1 2
1333877 5 4 5 1 8 1 3 6 1 2
1339781 1 1 1 1 2 1 2 1 1 2
1339781 4 1 1 1 2 1 3 1 1 2
1345593 3 1 1 3 2 1 2 1 1 2
1353092 3 2 1 2 2 1 3 1 1 2
1354840 2 1 1 1 2 1 3 1 1 2
1369821 10 10 10 10 5 10 10 10 7 4
1371026 5 10 10 10 4 10 5 6 3 4
534555 1 1 1 1 2 1 1 1 1 2
654546 1 1 1 1 2 1 1 1 8 2
763235 3 1 1 1 2 1 2 1 2 2
776715 3 1 1 1 3 2 1 1 1 2
841769 2 1 1 1 2 1 1 1 1 2
888820 5 10 10 3 7 3 8 10 2 4
