362.83126591 0.200712864 0.2443460953 124.9125593692 3290.4624462766 26.3421265475 69.3893890381 103.8665518819 424.7965033868 0
470 0.2131047017 0.2254965394 184.5900565767 8185.3608372261 44.3434548373 84.4824829102 164.1225107308 603.3157150786 0
423 0.2195624199 0.2617993878 172.371241023 6108.1062965247 35.4357621392 79.056350708 153.1729028745 558.274515328 0
410 0.3178244568 0.2974041045 255.8151790765 10622.5471101291 41.5243033993 67.5232086182 246.7428255438 508.5403560169 0
366.9423790985 0.2801253449 0.252025544 172.7455537387 7064.8159090557 40.8972373306 75.6043243408 155.3222849252 471.5881953798 0
390 0.3583160954 0.2038544566 245.6861030662 10055.83687254 40.929612001 70.3247833252 236.4901696665 477.5483599605 0
500 0.1926843494 0.1947787445 144.6885779146 3055.0129631204 21.114403135 96.563369751 107.751102979 542.897088892 0
211 0.0539306739 0.0942477796 30.7534434583 151.9845775553 4.9420344672 14.2683744431 27.24312366 217.1307040276 1
245 0.189019158 0.081681409 62.9029550923 1235.9833558899 19.6490507334 42.152015686 46.6903554272 292.3762384463 1
155 0.1727875959 0.1186823891 38.940168406 415.1116010235 10.6602415453 25.8365020752 29.134376179 184.8170409368 1
144 0.1206022513 0.0460766923 19.6476695229 70.4262388067 3.5844576236 18.1310138702 7.569493117 160.3737702928 1
195 0.1391027414 0.20525072 37.4621956231 328.384051619 8.7657449372 35.0238265991 13.2946502587 232.5876276733 2
250 0.0471238898 0.013962634 70.9070400207 224.1457873421 3.1611217628 9.1021757126 70.320400449 232.2776288185 2
544.6543494729 0.0637045177 0.0020943951 100.7880802493 1189.290233286 11.7999095761 29.4122219086 96.5801499813 553.3582098767 2
310 0.1747074581 0.1654572131 98.5099614229 2741.0320443757 27.8249225234 49.3278617859 85.270009838 388.9778083603 2
274.99339586 0.1471312559 0.1375319451 66.4579430417 1217.4156510031 18.3185875951 40.8496780396 52.4210077296 327.5586387041 2
327 0.1410226036 0.0844739358 76.2128681277 1664.6740761276 21.8424278868 43.2216911316 62.7717028567 379.261838625 2
223 0.1240929098 0.0795870139 33.0963349781 197.0125405291 5.9526996164 30.4548740387 12.9563896614 252.4833478365 3
152 0.1658062789 0.2275909345 34.2195504039 94.354327958 2.7573222571 31.2792778015 13.8774777297 180.6095533186 3
303 0.0633554518 0.0397935069 22.5678927048 102.5003089897 4.5418644235 21.8308410645 5.7205006289 321.646837362 3
185 0.1497492498 0.0851720675 39.8914092245 361.747980316 9.0683178997 26.8607616425 29.4927795403 210.1787188199 3
391 0.0581194641 0.0111701072 35.7800613436 265.1497896321 7.4105459766 22.1314716339 28.1142444882 400.9948178256 3
145 0.1176351916 0.1103048087 21.2189421288 82.4555615648 3.8859412059 20.3030815125 6.1667151899 162.5109272172 3
103 0.1581268302 0.2918190509 23.754811344 78.2584737249 3.2944262361 22.3236026764 8.1208260291 124.9785610053 3
649.3693973479 0.1075122819 0.0188495559 207.1116914337 3344.432677502 16.1479666085 50.5474700928 200.848714465 623.9088141112 4
650 0.0410152374 0.1452113938 216.8113304443 427.5340678903 1.9719175516 33.7651634216 214.1659795454 528.6992332511 4
1111.8140678207 0.0987856357 0.0712094335 386.9870937242 7659.7421335884 19.7932754291 86.0251235962 377.3045041864 990.978913442 4
1270.6667173341 0.0788888822 0.0656243799 555.3523181509 3612.9683325109 6.5057229698 68.7816696167 551.0764734023 895.1874406109 4
1800 0.0342084533 0.0425860337 301.0603508989 4406.1543313109 14.6354520552 67.625328064 293.3669201065 1742.3757016886 5
1949.1181546753 0.0517983105 0.016500689 170.3314948528 3212.0770546743 18.8577987732 101.4558486938 136.8193285925 1941.3673831863 5
1900 0.0544542727 0.1137954672 272.6180288705 7481.5934698544 27.4435021809 138.3592681885 234.8984958066 1924.5178953496 5
1800 0.0691150384 0.1570796327 385.564704349 13831.7248887707 35.8739395301 157.5700073242 351.8974774277 1823.0323641657 5
1850 0.0733038286 0.2254965394 325.1915422642 8644.9842366383 26.5842837623 208.7399749756 249.3534862595 1908.177238665 5
1650 0.0476474886 0.0432841654 274.4261774962 5824.8951915781 21.2257272419 81.2395706177 262.1256558773 1603.0703476207 5
2400 0.0841248699 0.2206096175 596.0419555114 37939.2555708483 63.6519882871 261.3481750488 535.6894085687 2447.7723534764 5
2600 0.2005383311 0.2080432468 1063.4414274728 174480.476217939 164.0715433031 418.687286377 977.5523672434 2664.5836230562 5
1600 0.0719075652 -0.0663225116 436.9436030304 12655.342134564 28.9633308436 103.7327041626 432.1297489466 1475.3715337125 5
