1017122 8 10 10 8 7 10 9 7 1 4
1035283 1 1 1 1 1 1 3 1 1 2
1043999 1 1 1 1 2 3 3 1 1 2
1044572 8 7 5 10 7 9 5 5 4 4
1047630 7 4 6 4 6 1 4 3 1 4
1050670 10 7 7 6 4 10 4 1 2 4
1054590 7 3 2 10 5 10 5 4 4 4
1057013 8 4 5 1 2 ? 7 3 1 4
1081791 6 2 1 1 1 1 7 1 1 2
1105257 3 7 7 4 4 9 4 8 1 4
1108449 5 3 3 4 2 4 3 4 1 4
1111249 10 6 6 3 4 5 3 6 1 4
1113038 8 2 4 1 5 1 5 4 4 4
1113906 9 5 5 2 2 2 5 1 1 4
1116116 9 10 10 1 10 8 3 3 1 4
1116998 10 4 2 1 3 2 4 3 10 4
1117152 4 1 1 1 2 1 3 1 1 2
1132347 1 1 4 1 2 1 2 1 1 2
1143978 5 2 1 1 2 1 3 1 1 2
1147044 3 1 1 1 2 2 7 1 1 2
1148278 3 3 6 4 5 8 4 4 1 4
1152331 4 1 1 1 2 1 3 1 1 2
1156272 1 1 1 1 2 1 3 1 1 2
1157734 4 1 1 1 2 1 3 1 1 2
1158247 1 1 1 1 2 1 2 1 1 2
1165297 2 1 1 2 2 1 1 1 1 2
1166630 7 5 6 10 5 10 7 9 4 4
1168359 8 2 3 1 6 3 7 1 1 4
1168736 10 10 10 10 10 1 8 8 8 4
1170420 1 6 8 10 8 10 5 7 1 4
1171710 1 1 1 1 2 1 2 3 1 2
1172152 10 3 3 10 2 10 7 3 3 4
1173216 10 10 10 3 10 8 8 1 1 4
1173347 8 3 3 1 2 2 3 2 1 2
1174131 10 10 10 2 10 10 5 3 3 4
1175937 5 4 6 7 9 7 8 10 1 4
1176406 1 1 1 1 2 1 2 1 1 2
1177512 1 1 1 1 10 1 1 1 1 2
1178580 5 1 3 1 2 1 2 1 1 2
1179818 2 1 1 1 2 1 3 1 1 2
1181356 5 1 1 1 2 2 3 3 1 2
1183246 1 1 1 1 1 ? 2 1 1 2
1184241 2 1 1 1 2 1 2 1 1 2
1185609 3 4 5 2 6 8 4 1 1 4
1190485 1 1 1 1 2 1 1 1 1 2
1192325 5 5 5 6 3 10 3 1 1 4
1193210 2 1 1 1 2 1 3 1 1 2
1193683 1 1 2 1 3 ? 1 1 1 2
1196915 10 7 7 4 5 10 5 7 2 4
1198128 10 8 10 10 6 1 3 1 10 4
1199219 1 1 1 2 1 1 1 1 1 2
1202812 5 3 3 3 6 10 3 1 1 4
1204898 6 1 1 1 2 1 3 1 1 2
1205138 5 8 8 8 5 10 7 8 1 4
1206089 2 1 1 1 1 1 3 1 1 2
1208301 1 2 3 1 2 1 3 1 1 2
1211202 7 5 10 10 10 10 4 10 3 4
1212251 1 1 1 1 2 1 3 1 1 2
1214556 3 1 1 1 2 1 2 1 1 2
1219406 5 1 1 1 1 1 3 1 1 2
1220330 1 1 1 1 2 1 3 1 1 2
1222047 10 10 10 10 3 10 10 6 1 4
1222936 8 7 8 7 5 5 5 10 2 4
1227244 1 1 1 1 2 1 2 1 1 2
1228311 1 1 1 1 1 1 3 1 1 2
1231387 6 8 7 5 6 8 8 9 2 4
1241232 3 1 4 1 2 ? 3 1 1 2
1242364 8 10 10 8 6 9 3 10 10 4
1285531 1 1 1 1 2 1 3 1 1 2
1287775 5 1 1 2 2 2 3 1 1 2
167528 4 1 1 1 2 1 3 6 1 2
242970 5 7 7 1 5 8 3 4 1 2
263538 5 10 10 6 10 10 10 6 5 4
274137 8 8 9 4 5 10 7 8 1 4
314428 7 9 4 10 10 3 5 3 3 4
390840 8 4 7 1 3 10 3 9 2 4
428903 7 2 4 1 3 4 3 3 1 4
431495 3 1 1 1 2 1 3 2 1 2
476903 10 5 7 3 3 7 3 3 8 4
486283 3 1 1 1 2 1 3 1 1 2
508234 7 4 5 10 2 10 3 8 2 4
527363 8 10 10 10 8 10 10 7 3 4
535331 3 1 1 1 3 1 2 1 1 2
601265 10 4 4 6 2 10 2 3 1 4
636130 1 1 1 1 2 1 3 1 1 2
646904 1 1 1 1 2 1 3 1 1 2
666090 1 1 1 1 2 1 3 1 1 2
666942 1 1 1 1 2 1 3 1 1 2
688033 1 1 1 1 2 1 1 1 1 2
693702 1 1 1 1 2 1 1 1 1 2
704097 1 1 1 1 1 1 2 1 1 2
730881 7 6 3 2 5 10 7 4 6 4
733639 3 1 1 1 2 1 3 1 1 2
733823 5 4 6 10 2 10 4 1 1 4
760239 10 4 6 4 5 10 7 1 1 4
785615 8 6 7 3 3 10 3 4 2 4
792744 1 1 1 1 2 1 1 1 1 2
704097 1 1 1 1 1 1 2 1 1 2
814265 2 1 1 1 2 1 1 1 1 2
814911 1 1 1 1 2 1 1 1 1 2
832226 3 4 4 10 5 1 3 3 1 4
832567 4 2 3 5 3 8 7 6 1 4
836433 5 1 1 3 2 1 1 1 1 2
846832 3 4 5 3 7 3 4 6 1 2
850831 2 7 10 10 7 10 4 9 4 4
859164 5 3 3 1 3 3 3 3 3 4
859350 8 10 10 7 10 10 7 3 8 4
866325 8 10 5 3 8 4 4 10 3 4
888523 4 4 4 2 2 3 2 1 1 2
896404 2 1 1 1 2 1 3 1 1 2
492561 4 3 2 1 3 1 2 1 1 2
521441 5 1 1 2 2 1 2 1 1 2
846423 10 6 3 6 4 10 7 8 4 4
1002504 3 2 2 2 2 1 3 2 1 2
1071084 3 3 2 2 3 1 1 2 3 2
1116715 5 1 1 1 3 2 2 2 1 2
1196475 3 2 1 1 2 1 2 2 1 2
1213784 3 1 1 1 2 1 1 1 1 2
1223003 5 3 3 1 2 1 2 1 1 2
1223306 3 1 1 1 2 4 1 1 1 2
1229929 1 1 1 1 2 1 2 1 1 2
1231853 4 2 2 1 2 1 2 1 1 2
1234554 1 1 1 1 2 1 2 1 1 2
1238021 1 1 1 1 2 1 2 1 1 2
1238948 8 5 6 2 3 10 6 6 1 4
1239232 3 3 2 6 3 3 3 5 1 2
1239967 1 1 1 1 2 1 2 1 1 2
1257938 3 1 1 1 2 1 1 1 1 2
1266154 8 7 8 2 4 2 5 10 1 4
1272039 1 1 1 1 2 1 2 1 1 2
1295186 10 10 10 1 6 1 2 8 1 4
734111 1 1 1 1 2 2 1 1 1 2
1227081 3 1 1 3 2 1 1 1 1 2
1276091 6 1 1 3 2 1 1 1 1 2
1296572 10 9 8 7 6 4 7 10 3 4
1299596 6 6 6 5 4 10 7 6 2 4
1269574 4 1 1 1 2 1 1 1 1 2
1287282 3 1 1 1 2 1 1 1 1 2
1296593 5 2 1 1 2 1 1 1 1 2
1299161 4 8 7 10 4 10 7 5 1 4
1070522 3 1 1 1 1 1 2 1 1 2
1073960 10 10 10 10 6 10 8 1 5 4
1084139 6 3 2 1 3 4 4 1 1 4
1133991 4 1 1 1 1 1 2 1 1 2
1155967 5 1 2 10 4 5 2 1 1 2
1204558 4 1 1 1 2 1 2 1 1 2
1286943 8 10 10 10 7 5 4 8 7 4
1295508 1 1 1 1 2 4 1 1 1 2
1299924 5 1 1 1 2 1 2 1 1 2
1313325 4 10 4 7 3 10 9 10 1 4
333093 1 1 1 1 3 1 1 1 1 2
412300 10 4 5 4 3 5 7 3 1 4
749653 3 1 1 1 2 1 2 1 1 2
837480 7 4 4 3 4 10 6 9 1 4
867392 4 2 2 1 2 1 2 1 1 2
1056171 2 1 1 1 2 1 2 1 1 2
1061990 1 1 3 2 2 1 3 1 1 2
1116192 5 1 2 1 2 1 3 1 1 2
1135090 4 1 1 1 2 1 2 1 1 2
1222464 6 10 10 10 4 10 7 10 1 4
1240603 2 1 1 1 1 1 1 1 1 2
1240603 3 1 1 1 1 1 1 1 1 2
1241035 7 8 3 7 4 5 7 8 2 4
1289391 1 1 1 1 2 1 3 1 1 2
1313658 3 1 1 1 2 1 1 1 1 2
1321264 5 2 2 2 1 1 2 1 1 2
1321931 5 1 1 1 2 1 2 1 1 2
1331412 5 7 10 10 5 10 10 10 1 4
1333104 3 1 2 1 2 1 3 1 1 2
1334071 4 1 1 1 2 3 2 1 1 2
378275 10 9 7 3 4 2 7 7 1 4
695091 1 1 1 1 2 1 2 1 1 2
824249 1 1 1 1 2 1 3 1 1 2
1239420 1 1 1 1 2 1 1 1 1 2
1268275 9 8 8 9 6 3 4 1 1 4
1325309 4 1 2 1 2 1 2 1 1 2
352431 10 5 10 3 5 8 7 8 3 4
353098 4 1 1 2 2 1 1 1 1 2
636375 5 1 1 1 2 1 1 1 1 2
803531 5 10 10 10 5 2 8 5 1 4
1016634 2 3 1 1 2 1 2 1 1 2
1041043 4 1 3 1 2 1 2 1 1 2
1042252 3 1 1 1 2 1 2 1 1 2
1057067 1 1 1 1 1 ? 1 1 1 2
1083817 3 1 1 1 2 1 2 1 1 2
1190546 2 1 1 1 2 5 1 1 1 2
1257366 3 1 1 1 2 1 1 1 1 2
1260659 3 1 4 1 2 1 1 1 1 2
1290203 3 1 1 1 2 1 2 1 1 2
1294413 1 1 1 1 2 1 1 1 1 2
1299596 2 1 1 1 2 1 1 1 1 2
1315807 5 10 10 10 10 2 10 10 10 4
1319609 3 1 1 2 3 4 1 1 1 2
1323477 1 2 1 3 2 1 2 1 1 2
1345593 3 1 1 3 2 1 2 1 1 2
1354840 2 1 1 1 2 1 3 1 1 2
1365075 4 1 4 1 2 1 1 1 1 2
1369821 10 10 10 10 5 10 10 10 7 4
466906 1 1 1 1 2 1 1 1 1 2
566346 3 1 1 1 2 1 2 3 1 2
841769 2 1 1 1 2 1 1 1 1 2
