1002945 5 4 4 5 7 10 3 2 1 2
1016277 6 8 8 1 3 4 3 7 1 2
1017023 4 1 1 3 2 1 3 1 1 2
1054590 7 3 2 10 5 10 5 4 4 4
1054593 10 5 5 3 6 7 7 10 1 4
1066373 3 2 1 1 1 1 2 1 1 2
1067444 2 1 1 1 2 1 2 1 1 2
1070935 1 1 3 1 2 1 1 1 1 2
1080185 10 10 10 8 6 1 8 9 1 4
1099510 10 4 3 1 3 3 6 5 2 4
1102573 5 6 5 6 10 1 3 1 1 4
1103608 10 10 10 4 8 1 8 10 1 4
1105524 1 1 1 1 2 1 2 1 1 2
1106095 4 1 1 3 2 1 3 1 1 2
1108370 9 5 8 1 2 3 2 1 5 4
1110102 10 3 6 2 3 5 4 10 2 4
1111249 10 6 6 3 4 5 3 6 1 4
1113906 9 5 5 2 2 2 5 1 1 4
1115282 5 3 5 5 3 3 4 10 1 4
1116132 6 3 4 1 5 2 3 9 1 4
1117152 4 1 1 1 2 1 3 1 1 2
1118039 5 3 4 1 8 10 4 9 1 4
1120559 8 3 8 3 4 9 8 9 8 4
1121919 5 1 3 1 2 1 2 1 1 2
1123061 6 10 2 8 10 2 7 8 10 4
1125035 9 4 5 10 6 10 4 8 1 4
1131294 1 1 2 1 2 2 4 2 1 2
1133136 3 1 1 1 2 3 3 1 1 2
1152331 4 1 1 1 2 1 3 1 1 2
1156272 1 1 1 1 2 1 3 1 1 2
1164066 1 1 1 1 2 1 3 1 1 2
1165297 2 1 1 2 2 1 1 1 1 2
1167439 2 3 4 4 2 5 2 5 1 4
1168359 8 2 3 1 6 3 7 1 1 4
1168736 10 10 10 10 10 1 8 8 8 4
1171795 1 3 1 2 2 2 5 3 2 2
1171845 8 6 4 3 5 9 3 1 1 4
1173216 10 10 10 3 10 8 8 1 1 4
1173235 3 3 2 1 2 3 3 1 1 2
1173347 1 1 1 1 2 5 1 1 1 2
1177027 3 1 1 1 2 1 3 1 1 2
1181356 5 1 1 1 2 2 3 3 1 2
1182404 4 1 1 1 2 1 2 1 1 2
1183516 3 1 1 1 2 1 1 1 1 2
1183911 2 1 1 1 2 1 1 1 1 2
1184840 1 1 3 1 2 ? 2 1 1 2
1185609 3 4 5 2 6 8 4 1 1 4
1190485 1 1 1 1 2 1 1 1 1 2
1192325 5 5 5 6 3 10 3 1 1 4
1197979 4 1 1 1 2 2 3 2 1 2
1198128 10 8 10 10 6 1 3 1 10 4
1198641 3 1 1 1 2 1 3 1 1 2
1199731 3 1 1 1 2 1 1 1 1 2
1199983 1 1 1 1 2 1 3 1 1 2
1200952 5 8 7 7 10 10 5 7 1 4
1202812 5 3 3 3 6 10 3 1 1 4
1204898 6 1 1 1 2 1 3 1 1 2
1205579 8 7 6 4 4 10 5 1 1 4
1206695 1 5 8 6 5 8 7 10 1 4
1207986 5 8 4 10 5 8 9 10 1 4
1211202 7 5 10 10 10 10 4 10 3 4
1212422 4 1 1 1 2 1 3 1 1 2
1213375 8 4 4 5 4 7 7 8 2 2
1214966 9 7 7 5 5 10 7 8 3 4
1216947 1 1 1 1 2 1 3 1 1 2
1218105 5 10 10 9 6 10 7 10 5 4
1219406 5 1 1 1 1 1 3 1 1 2
1222047 10 10 10 10 3 10 10 6 1 4
1223426 1 1 1 1 2 1 3 1 1 2
1223793 6 10 7 7 6 4 8 10 2 4
1227210 10 5 5 6 3 10 7 9 2 4
1227481 10 5 7 4 4 10 8 9 1 4
1236043 3 3 2 1 3 1 3 6 1 2
1241232 3 1 4 1 2 ? 3 1 1 2
1241679 9 8 8 5 6 2 4 10 4 4
1270479 5 1 3 3 2 2 2 3 1 2
183913 1 2 2 1 2 1 1 1 1 2
1017023 6 3 3 5 3 10 3 5 3 2
1168736 5 6 6 2 4 10 3 6 1 4
242970 5 7 7 1 5 8 3 4 1 2
1182404 5 1 4 1 2 1 3 2 1 2
1198641 10 10 6 3 3 10 4 3 2 4
390840 8 4 7 1 3 10 3 9 2 4
431495 3 1 1 1 2 1 3 2 1 2
432809 3 1 3 1 2 ? 2 1 1 2
476903 10 5 7 3 3 7 3 3 8 4
488173 1 4 3 10 4 10 5 6 1 4
492268 10 4 6 1 2 10 5 3 1 4
508234 7 4 5 10 2 10 3 8 2 4
555977 5 6 6 8 6 10 4 10 4 4
560680 1 1 1 1 2 1 1 1 1 2
61634 5 4 3 1 2 ? 2 3 1 2
625201 8 2 1 1 5 1 1 1 1 2
63375 9 1 2 6 4 10 7 7 2 4
636130 1 1 1 1 2 1 3 1 1 2
666090 1 1 1 1 2 1 3 1 1 2
666942 1 1 1 1 2 1 3 1 1 2
667204 7 8 7 6 4 3 8 8 4 4
691628 8 6 4 10 10 1 3 5 1 4
693702 1 1 1 1 2 1 1 1 1 2
704097 1 1 1 1 1 1 2 1 1 2
760239 10 4 6 4 5 10 7 1 1 4
76389 10 4 7 2 2 8 6 1 1 4
770066 5 2 2 2 2 1 2 2 1 2
797327 6 5 5 8 4 10 3 4 1 4
809912 10 3 3 1 2 10 7 6 1 4
814911 1 1 1 1 2 1 1 1 1 2
822829 7 6 4 8 10 10 9 5 3 4
830690 5 2 2 2 3 1 1 3 1 2
832226 3 4 4 10 5 1 3 3 1 4
837082 2 1 1 1 2 1 3 1 1 2
888169 3 2 2 1 4 3 2 1 1 2
160296 5 8 8 10 5 10 8 10 3 4
428598 1 1 3 1 1 1 2 1 1 2
560680 3 1 2 1 2 1 2 1 1 2
636437 1 1 1 1 2 1 1 1 1 2
657753 3 1 1 4 3 1 2 2 1 2
1022257 2 1 1 1 2 1 1 1 1 2
1114570 5 3 3 2 3 1 3 1 1 2
1114570 2 1 1 1 2 1 2 2 1 2
1151734 10 8 7 4 3 10 7 9 1 4
1211265 3 10 8 7 6 9 9 3 8 4
1213784 3 1 1 1 2 1 1 1 1 2
1238633 10 10 10 6 8 4 8 5 1 4
1239347 8 7 8 5 10 10 7 2 1 4
1253505 2 3 1 1 5 1 1 1 1 2
1257815 5 1 3 1 2 1 2 1 1 2
1257938 3 1 1 1 2 1 1 1 1 2
1266154 8 7 8 2 4 2 5 10 1 4
1272039 1 1 1 1 2 1 2 1 1 2
1293439 3 2 2 3 2 1 1 1 1 2
1294562 10 8 10 1 3 10 5 1 1 4
527337 4 1 1 1 2 1 1 1 1 2
608157 10 4 3 10 4 10 10 1 1 4
827627 2 1 1 1 2 1 1 1 1 2
1049837 1 1 1 1 2 1 1 1 1 2
1238410 2 3 1 1 3 1 1 1 1 2
1257470 10 6 5 8 5 10 8 6 1 4
1267898 5 1 3 1 2 1 1 1 1 2
1268313 5 1 1 3 2 1 1 1 1 2
1268804 3 1 1 1 2 5 1 1 1 2
1293966 4 1 1 1 2 1 1 1 1 2
1296572 10 9 8 7 6 4 7 10 3 4
1298416 10 6 6 2 4 10 9 7 1 4
1257608 6 1 1 1 1 1 1 1 1 2
1269574 4 1 1 1 2 1 1 1 1 2
1301945 5 1 1 1 1 1 1 1 1 2
787451 5 1 2 1 2 1 1 1 1 2
1142706 5 10 10 10 6 10 6 5 2 4
1181567 1 1 1 1 1 1 1 1 1 2
1238186 4 1 1 1 2 1 2 1 1 2
1253917 4 1 1 2 2 1 2 1 1 2
1265899 4 1 1 1 2 1 3 1 1 2
1268766 1 1 1 1 2 1 1 1 1 2
1297522 2 1 1 1 2 1 1 1 1 2
1299924 5 1 1 1 2 1 2 1 1 2
1304595 3 1 1 1 1 1 2 1 1 2
1320304 3 1 2 2 2 1 1 1 1 2
672113 7 5 6 10 4 10 5 3 1 4
769612 4 1 1 1 2 1 1 1 1 2
798429 4 1 1 1 2 1 3 1 1 2
867392 4 2 2 1 2 1 2 1 1 2
1056171 2 1 1 1 2 1 2 1 1 2
1061990 1 1 3 2 2 1 3 1 1 2
1174841 5 3 1 1 2 1 1 1 1 2
1241035 7 8 3 7 4 5 7 8 2 4
1321264 5 2 2 2 1 1 2 1 1 2
1321321 5 1 1 3 2 1 1 1 1 2
1328755 3 1 1 1 2 1 2 1 1 2
1331412 5 7 10 10 5 10 10 10 1 4
1343374 10 10 8 10 6 5 10 3 1 4
378275 10 9 7 3 4 2 7 7 1 4
695219 1 1 1 1 2 1 2 1 1 2
1107684 6 10 5 5 4 10 6 10 1 4
1261751 5 1 1 1 2 1 2 2 1 2
1333495 3 1 1 1 2 1 2 1 1 2
1334659 5 2 4 1 1 1 1 1 1 2
1352663 5 4 6 8 4 1 8 10 1 4
352431 10 5 10 3 5 8 7 8 3 4
353098 4 1 1 2 2 1 1 1 1 2
557583 5 10 10 10 10 10 10 1 1 4
803531 5 10 10 10 5 2 8 5 1 4
1042252 3 1 1 1 2 1 2 1 1 2
1096352 6 3 3 3 3 2 6 1 1 2
1149548 1 1 1 1 2 1 1 1 1 2
1174009 5 1 1 2 1 1 2 1 1 2
1190386 4 6 6 5 7 6 7 7 3 4
1190546 2 1 1 1 2 5 1 1 1 2
1238777 1 1 1 1 2 1 1 1 1 2
1288608 3 1 1 1 2 1 2 1 1 2
1294413 1 1 1 1 2 1 1 1 1 2
1303489 3 1 1 1 2 1 2 1 1 2
1311033 1 2 2 1 2 1 1 1 1 2
1319609 3 1 1 2 3 4 1 1 1 2
1324572 5 1 1 1 2 1 2 2 1 2
1324681 4 1 1 1 2 1 2 1 1 2
1326892 3 1 1 1 2 1 2 1 1 2
1339781 4 1 1 1 2 1 3 1 1 2
1345593 3 1 1 3 2 1 2 1 1 2
1348851 3 1 1 1 2 1 3 1 1 2
1350319 5 7 4 1 6 1 7 10 3 4
1350423 5 10 10 8 5 5 7 10 1 4
1353092 3 2 1 2 2 1 3 1 1 2
1365328 1 1 2 1 2 1 2 1 1 2
1368882 2 1 1 1 2 1 1 1 1 2
1369821 10 10 10 10 5 10 10 10 7 4
466906 1 1 1 1 2 1 1 1 1 2
654546 1 1 1 1 2 1 1 1 8 2
654546 1 1 1 3 2 1 1 1 1 2
763235 3 1 1 1 2 1 2 1 2 2
888820 5 10 10 3 7 3 8 10 2 4
897471 4 8 8 5 4 5 10 4 1 4
