1000025 5 1 1 1 2 1 3 1 1 2
1002945 5 4 4 5 7 10 3 2 1 2
1017122 8 10 10 8 7 10 9 7 1 4
1033078 2 1 1 1 2 1 1 1 5 2
1033078 4 2 1 1 2 1 2 1 1 2
1041801 5 3 3 3 2 3 4 4 1 4
1043999 1 1 1 1 2 3 3 1 1 2
1050670 10 7 7 6 4 10 4 1 2 4
1056784 3 1 1 1 2 1 2 1 1 2
1059552 1 1 1 1 2 1 3 1 1 2
1067444 2 1 1 1 2 1 2 1 1 2
1070935 3 1 1 1 1 1 2 1 1 2
1071760 2 1 1 1 2 1 3 1 1 2
1075123 3 1 2 1 2 1 2 1 1 2
1081791 6 2 1 1 1 1 7 1 1 2
1096800 6 6 6 9 6 ? 7 8 1 2
1100524 6 10 10 2 8 10 7 3 3 4
1102573 5 6 5 6 10 1 3 1 1 4
1103722 1 1 1 1 2 1 2 1 2 2
1105524 1 1 1 1 2 1 2 1 1 2
1108449 5 3 3 4 2 4 3 4 1 4
1110524 10 5 5 6 8 8 7 1 1 4
1115293 1 1 1 1 2 2 2 1 1 2
1133041 5 3 1 2 2 1 2 1 1 2
1143978 5 2 1 1 2 1 3 1 1 2
1148278 3 3 6 4 5 8 4 4 1 4
1148873 3 6 6 6 5 10 6 8 3 4
1157734 4 1 1 1 2 1 3 1 1 2
1165790 5 1 1 1 2 1 3 1 1 2
1165926 9 6 9 2 10 6 2 9 10 4
1166654 10 3 5 1 10 5 3 10 2 4
1168359 8 2 3 1 6 3 7 1 1 4
1169049 7 3 4 4 3 3 3 2 7 4
1173235 3 3 2 1 2 3 3 1 1 2
1173347 8 3 3 1 2 2 3 2 1 2
1173509 4 5 5 10 4 10 7 5 8 4
1173514 1 1 1 1 4 3 1 1 1 2
1174057 1 1 2 2 2 1 3 1 1 2
1174131 10 10 10 2 10 10 5 3 3 4
1175937 5 4 6 7 9 7 8 10 1 4
1177512 1 1 1 1 10 1 1 1 1 2
1180831 3 1 1 1 3 1 2 1 1 2
1181356 5 1 1 1 2 2 3 3 1 2
1182404 4 1 1 1 2 1 2 1 1 2
1183240 4 1 2 1 2 1 2 1 1 2
1183516 3 1 1 1 2 1 1 1 1 2
1184184 1 1 1 1 2 5 1 1 1 2
1184840 1 1 3 1 2 ? 2 1 1 2
1185610 1 1 1 1 3 2 2 1 1 2
1187457 3 1 1 3 8 1 5 8 1 2
1189266 7 2 4 1 6 10 5 4 3 4
1192325 5 5 5 6 3 10 3 1 1 4
1193683 1 1 2 1 3 ? 1 1 1 2
1196295 9 9 10 3 6 10 7 10 6 4
1196915 10 7 7 4 5 10 5 7 2 4
1197979 4 1 1 1 2 2 3 2 1 2
1197993 5 6 7 8 8 10 3 10 3 4
1199983 1 1 1 1 2 1 3 1 1 2
1200772 1 1 1 1 2 1 2 1 1 2
1200847 6 10 10 10 8 10 10 10 7 4
1201834 2 1 1 1 2 1 3 1 1 2
1201936 5 10 10 3 8 1 5 10 3 4
1204242 1 1 1 1 2 1 1 1 1 2
1204898 6 1 1 1 2 1 3 1 1 2
1205579 8 7 6 4 4 10 5 1 1 4
1206089 2 1 1 1 1 1 3 1 1 2
1210963 10 10 10 8 6 8 7 10 1 4
1212232 5 1 1 1 2 1 2 1 1 2
1212251 1 1 1 1 2 1 3 1 1 2
1216947 1 1 1 1 2 1 3 1 1 2
1217051 5 1 1 1 2 1 3 1 1 2
1217264 1 1 1 1 2 1 3 1 1 2
1218860 1 1 1 1 1 1 3 1 1 2
1221863 10 10 10 10 7 10 7 10 4 4
1222936 8 7 8 7 5 5 5 10 2 4
1223426 1 1 1 1 2 1 3 1 1 2
1230175 10 10 10 3 10 10 9 10 1 4
1241232 3 1 4 1 2 ? 3 1 1 2
1241679 9 8 8 5 6 2 4 10 4 4
1243256 10 4 3 2 3 10 5 3 2 4
1270479 5 1 3 3 2 2 2 3 1 2
128059 1 1 1 1 2 5 5 1 1 2
1285531 1 1 1 1 2 1 3 1 1 2
1287775 5 1 1 2 2 2 3 1 1 2
144888 8 10 10 8 5 10 7 8 1 4
145447 8 4 4 1 2 9 3 3 1 4
183913 1 2 2 1 2 1 1 1 1 2
191250 10 4 4 10 2 10 5 3 3 4
1116116 9 10 10 1 10 8 3 3 1 4
303213 10 4 4 10 6 10 5 5 1 4
324427 10 8 8 2 3 4 8 7 8 4
390840 8 4 7 1 3 10 3 9 2 4
411453 5 1 1 1 2 1 3 1 1 2
432809 3 1 3 1 2 ? 2 1 1 2
492268 10 4 6 1 2 10 5 3 1 4
543558 6 1 3 1 4 5 5 10 1 4
61634 5 4 3 1 2 ? 2 3 1 2
659642 10 8 4 4 4 10 3 10 4 4
666090 1 1 1 1 2 1 3 1 1 2
666942 1 1 1 1 2 1 3 1 1 2
673637 3 1 1 1 2 5 5 1 1 2
704097 1 1 1 1 1 1 2 1 1 2
706426 5 5 5 2 5 10 4 3 1 4
709287 6 8 7 8 6 8 8 9 1 4
718641 1 1 1 1 5 1 3 1 1 2
733823 5 4 6 10 2 10 4 1 1 4
740492 1 1 1 1 2 1 3 1 1 2
760239 10 4 6 4 5 10 7 1 1 4
770066 5 2 2 2 2 1 2 2 1 2
792744 1 1 1 1 2 1 1 1 1 2
797327 6 5 5 8 4 10 3 4 1 4
810104 1 1 1 1 2 1 3 1 1 2
826923 1 1 1 1 2 1 1 1 1 2
866325 8 10 5 3 8 4 4 10 3 4
896404 2 1 1 1 2 1 3 1 1 2
95719 6 10 10 10 8 10 7 10 7 4
428598 1 1 3 1 1 1 2 1 1 2
492561 4 3 2 1 3 1 2 1 1 2
493452 1 1 3 1 2 1 1 1 1 2
521441 5 1 1 2 2 1 2 1 1 2
640712 1 1 1 1 2 1 2 1 1 2
654244 1 1 1 1 1 1 2 1 1 2
657753 3 1 1 4 3 1 2 2 1 2
805448 1 1 1 1 2 1 1 1 1 2
1022257 2 1 1 1 2 1 1 1 1 2
1080233 7 6 6 3 2 10 7 1 1 4
1114570 5 3 3 2 3 1 3 1 1 2
1156017 3 1 1 1 2 1 2 1 1 2
1223003 5 3 3 1 2 1 2 1 1 2
1229929 1 1 1 1 2 1 2 1 1 2
1234554 1 1 1 1 2 1 2 1 1 2
1238021 1 1 1 1 2 1 2 1 1 2
1238633 10 10 10 6 8 4 8 5 1 4
1238948 8 5 6 2 3 10 6 6 1 4
1239967 1 1 1 1 2 1 2 1 1 2
1253505 2 3 1 1 5 1 1 1 1 2
1257200 10 10 10 7 10 10 8 2 1 4
1257648 4 3 3 1 2 1 3 3 1 2
1257815 5 1 3 1 2 1 2 1 1 2
1257938 3 1 1 1 2 1 1 1 1 2
1258549 9 10 10 10 10 10 10 10 1 4
1258556 5 3 6 1 2 1 1 1 1 2
1266154 8 7 8 2 4 2 5 10 1 4
1277629 5 1 1 1 2 1 2 2 1 2
1293439 3 2 2 3 2 1 1 1 1 2
1293439 6 9 7 5 5 8 4 2 1 2
734111 1 1 1 3 2 3 1 1 1 2
734111 1 1 1 1 2 2 1 1 1 2
827627 2 1 1 1 2 1 1 1 1 2
1049837 1 1 1 1 2 1 1 1 1 2
1257470 10 6 5 8 5 10 8 6 1 4
1259008 8 8 9 6 6 3 10 10 1 4
1266124 5 1 2 1 2 1 1 1 1 2
1268313 5 1 1 3 2 1 1 1 1 2
1296572 10 9 8 7 6 4 7 10 3 4
1298416 10 6 6 2 4 10 9 7 1 4
1299596 6 6 6 5 4 10 7 6 2 4
1181685 1 1 2 1 2 1 2 1 1 2
1269574 4 1 1 1 2 1 1 1 1 2
1302428 5 3 2 4 2 1 1 1 1 2
787451 5 1 2 1 2 1 1 1 1 2
1084139 6 3 2 1 3 4 4 1 1 4
1115293 1 1 1 1 2 1 1 1 1 2
1133991 4 1 1 1 1 1 2 1 1 2
1142706 5 10 10 10 6 10 6 5 2 4
1170945 3 1 1 1 1 1 2 1 1 2
1181567 1 1 1 1 1 1 1 1 1 2
1268766 1 1 1 1 2 1 1 1 1 2
1277268 3 3 1 1 2 1 1 1 1 2
1297522 2 1 1 1 2 1 1 1 1 2
1299924 5 1 1 1 2 1 2 1 1 2
1320077 1 1 1 1 1 1 1 1 1 2
1320077 1 1 1 1 1 1 2 1 1 2
412300 10 4 5 4 3 5 7 3 1 4
749653 3 1 1 1 2 1 2 1 1 2
769612 4 1 1 1 2 1 1 1 1 2
798429 4 1 1 1 2 1 3 1 1 2
837480 7 4 4 3 4 10 6 9 1 4
867392 4 2 2 1 2 1 2 1 1 2
869828 1 1 1 1 1 1 3 1 1 2
1061990 1 1 3 2 2 1 3 1 1 2
1184586 4 1 1 1 2 1 2 1 1 2
1197527 5 1 1 1 2 1 2 1 1 2
1240603 3 1 1 1 1 1 1 1 1 2
1289391 1 1 1 1 2 1 3 1 1 2
1321348 2 1 1 1 2 1 2 1 1 2
1321931 5 1 1 1 2 1 2 1 1 2
1328331 1 1 1 1 2 1 3 1 1 2
1333104 3 1 2 1 2 1 3 1 1 2
1343374 10 10 8 10 6 5 10 3 1 4
378275 10 9 7 3 4 2 7 7 1 4
385103 5 1 2 1 2 1 3 1 1 2
824249 1 1 1 1 2 1 3 1 1 2
1217717 5 1 1 6 3 1 1 1 1 2
1294261 4 10 8 5 4 1 10 1 1 4
1298484 10 3 4 5 3 10 4 1 1 4
1311875 5 1 2 1 2 1 1 1 1 2
1344449 1 1 1 1 1 1 2 1 1 2
1350568 4 1 1 1 2 1 2 1 1 2
352431 10 5 10 3 5 8 7 8 3 4
353098 4 1 1 2 2 1 1 1 1 2
557583 5 10 10 10 10 10 10 1 1 4
736150 10 4 3 10 3 10 7 1 2 4
1031608 2 1 1 1 1 1 2 1 1 2
1042252 3 1 1 1 2 1 2 1 1 2
1083817 3 1 1 1 2 1 2 1 1 2
1238777 1 1 1 1 2 1 1 1 1 2
1253955 8 7 4 4 5 3 5 10 1 4
1268952 10 10 7 8 7 1 10 10 3 4
1277792 5 1 1 3 2 1 1 1 1 2
1311033 1 2 2 1 2 1 1 1 1 2
1315807 5 10 10 10 10 2 10 10 10 4
1324681 4 1 1 1 2 1 2 1 1 2
1325159 3 1 1 1 2 1 3 1 1 2
1334667 1 1 1 1 2 1 1 1 1 2
1339781 1 1 1 1 2 1 2 1 1 2
1348851 3 1 1 1 2 1 3 1 1 2
1353092 3 2 1 2 2 1 3 1 1 2
1365328 1 1 2 1 2 1 2 1 1 2
1368273 1 1 1 1 2 1 1 1 1 2
1368882 2 1 1 1 2 1 1 1 1 2
1369821 10 10 10 10 5 10 10 10 7 4
566346 3 1 1 1 2 1 2 3 1 2
603148 4 1 1 1 2 1 1 1 1 2
654546 1 1 1 1 2 1 1 1 8 2
654546 1 1 1 3 2 1 1 1 1 2
695091 5 10 10 5 4 5 4 4 1 4
763235 3 1 1 1 2 1 2 1 2 2
897471 4 8 8 5 4 5 10 4 1 4
