0.328947
0.361111
0.276316
0.279412
0.397059
0.314286
0.485714
0.333333
0.328358
0.426667
0.391304
0.293333
0.283784
0.292308
0.346667
0.321429
0.376623
0.384615
0.4125
0.298701
0.35443
0.472973
0.352113
0.289474
0.289855
0.361111
0.430556
0.338235
0.32
0.346667
0.355263
0.414286
0.333333
0.309859
0.361111
0.449275
0.305556
0.32
0.411765
0.295775
0.369048
0.353659
0.355263
0.25974
0.417722
0.329114
0.329268
0.439024
0.369231
0.338028
0.338235
0.432432
0.371429
0.415584
0.361111
0.394366
0.388889
0.27027
0.371795
0.298701
0.419753
0.410959
0.298507
0.345238
0.373333
0.385714
0.309859
0.416667
0.3625
0.394737
0.337662
0.366197
0.328947
0.38983
0.438356
0.351351
0.346667
0.353846
0.4
0.479452
0.328571
0.347222
0.3
0.295775
0.343284
0.234568
0.4125
0.346667
0.384615
0.303797
0.275362
0.328947
0.36
0.263889
0.381579
0.4
0.2875
0.418919
0.378378
0.434211
