1016277 6 8 8 1 3 4 3 7 1 2
1018099 1 1 1 1 2 10 3 1 1 2
1033078 2 1 1 1 2 1 1 1 5 2
1047630 7 4 6 4 6 1 4 3 1 4
1059552 1 1 1 1 2 1 3 1 1 2
1065726 5 2 3 4 2 7 3 6 1 4
1075123 3 1 2 1 2 1 2 1 1 2
1105524 1 1 1 1 2 1 2 1 1 2
1112209 8 10 10 1 3 6 3 9 1 4
1115293 1 1 1 1 2 2 2 1 1 2
1116192 1 1 1 1 2 1 2 1 1 2
1118039 5 3 4 1 8 10 4 9 1 4
1156272 1 1 1 1 2 1 3 1 1 2
1169049 7 3 4 4 3 3 3 2 7 4
1173681 3 2 1 1 2 2 3 1 1 2
1189266 7 2 4 1 6 10 5 4 3 4
1197510 5 1 1 1 2 ? 3 1 1 2
1199731 3 1 1 1 2 1 1 1 1 2
1201834 2 1 1 1 2 1 3 1 1 2
1206695 1 5 8 6 5 8 7 10 1 4
1207986 5 8 4 10 5 8 9 10 1 4
1212422 4 1 1 1 2 1 3 1 1 2
1218860 1 1 1 1 1 1 3 1 1 2
1219859 8 10 8 8 4 8 7 7 1 4
1225799 10 6 4 3 10 10 9 10 1 4
1227244 1 1 1 1 2 1 2 1 1 2
128059 1 1 1 1 2 5 5 1 1 2
1285531 1 1 1 1 2 1 3 1 1 2
169356 3 1 1 1 2 ? 3 1 1 2
1100524 6 10 10 2 8 10 7 3 3 4
390840 8 4 7 1 3 10 3 9 2 4
527363 8 10 10 10 8 10 10 7 3 4
740492 1 1 1 1 2 1 3 1 1 2
760239 10 4 6 4 5 10 7 1 1 4
792744 1 1 1 1 2 1 1 1 1 2
810104 1 1 1 1 2 1 3 1 1 2
814265 2 1 1 1 2 1 1 1 1 2
888169 3 2 2 1 4 3 2 1 1 2
493452 1 1 3 1 2 1 1 1 1 2
493452 4 1 2 1 2 1 2 1 1 2
654244 1 1 1 1 1 1 2 1 1 2
1071084 3 3 2 2 3 1 1 2 3 2
1238464 1 1 1 1 1 ? 2 1 1 2
1239347 8 7 8 5 10 10 7 2 1 4
1240337 5 2 2 2 2 2 3 2 2 2
1266124 5 1 2 1 2 1 1 1 1 2
1296593 5 2 1 1 2 1 1 1 1 2
1302428 5 3 2 4 2 1 1 1 1 2
474162 8 7 8 5 5 10 9 10 1 4
1084139 6 3 2 1 3 4 4 1 1 4
749653 3 1 1 1 2 1 2 1 1 2
1061990 1 1 3 2 2 1 3 1 1 2
1289391 1 1 1 1 2 1 3 1 1 2
1321942 5 1 1 1 2 1 3 1 1 2
1321942 5 1 1 1 2 1 3 1 1 2
1343374 10 10 8 10 6 5 10 3 1 4
871549 5 1 2 1 2 1 2 1 1 2
636375 5 1 1 1 2 1 1 1 1 2
1042252 3 1 1 1 2 1 2 1 1 2
1213273 2 1 1 1 2 1 1 1 1 2
1275807 4 2 4 3 2 2 2 1 1 2
1277792 5 1 1 3 2 1 1 1 1 2
1288608 3 1 1 1 2 1 2 1 1 2
1330361 5 1 1 1 2 1 2 1 1 2
1334015 7 8 8 7 3 10 7 2 3 4
1350319 5 7 4 1 6 1 7 10 3 4
1353092 3 2 1 2 2 1 3 1 1 2
1369821 10 10 10 10 5 10 10 10 7 4
