551.8792873985 0.2324778564 0.0635299848 264.80493543 11888.3918269139 44.8949027616 77.793296814 253.7852997781 656.7694494025 0
362.83126591 0.200712864 0.2443460953 124.9125593692 3290.4624462766 26.3421265475 69.3893890381 103.8665518819 424.7965033868 0
290.4551411532 0.1441641962 0.0530580093 74.6350666441 1189.5452129019 15.9381543608 35.7033309937 65.5413244609 330.2672928957 0
470 0.2131047017 0.2254965394 184.5900565767 8185.3608372261 44.3434548373 84.4824829102 164.1225107308 603.3157150786 0
423 0.2195624199 0.2617993878 172.371241023 6108.1062965247 35.4357621392 79.056350708 153.1729028745 558.274515328 0
366.9423790985 0.2801253449 0.252025544 172.7455537387 7064.8159090557 40.8972373306 75.6043243408 155.3222849252 471.5881953798 0
211 0.0539306739 0.0942477796 30.7534434583 151.9845775553 4.9420344672 14.2683744431 27.24312366 217.1307040276 1
352.6564467782 0.1219985147 0.0907571211 68.5278463867 1066.1578463393 15.558023527 43.6919250488 52.7928166702 382.7331865355 1
200 0.0376991118 0.1172861257 42.3166752875 220.810906646 5.2180589601 10.6757640839 40.9478822685 218.0343130907 1
341.6200131082 0.0919788516 0.0740019603 85.0430285558 1370.8380678239 16.1193467719 29.028968811 79.935196807 385.1334598423 1
301.3043992291 0.10978121 0.0356047167 64.6161999261 942.7731906338 14.5903533744 29.0456771851 57.7200304355 335.7684587866 1
155 0.1727875959 0.1186823891 38.940168406 415.1116010235 10.6602415453 25.8365020752 29.134376179 184.8170409368 1
339.5085476096 0.0453785606 0.0300196631 88.6298094262 331.0803904377 3.7355421678 19.8255805969 87.6211804354 307.7931936632 2
252 0.1061160185 0.0314159265 38.5442095271 493.7904229154 12.8110143903 25.5411453247 28.8670396589 280.65829935 2
370.3957246909 0.1047197551 0 115.9232531157 1308.1204304417 11.284366124 31.3670310974 112.715101601 365.9776512618 2
544.6543494729 0.0637045177 0.0020943951 100.7880802493 1189.290233286 11.7999095761 29.4122219086 96.5801499813 553.3582098767 2
310 0.1747074581 0.1654572131 98.5099614229 2741.0320443757 27.8249225234 49.3278617859 85.270009838 388.9778083603 2
274.99339586 0.1471312559 0.1375319451 66.4579430417 1217.4156510031 18.3185875951 40.8496780396 52.4210077296 327.5586387041 2
152 0.1658062789 0.2275909345 34.2195504039 94.354327958 2.7573222571 31.2792778015 13.8774777297 180.6095533186 3
250 0.0870919297 0.0928515162 29.6375102856 180.7612437575 6.0990697942 26.1420974731 13.9632632319 280.1229064263 3
216.4132572942 0.1178097245 0.0684169067 53.5996000209 280.4454864735 5.2322309563 22.7905349731 48.5129740146 215.3729200694 3
178 0.1495747169 0.0991347015 40.2906209757 474.4046992996 11.7745690637 25.9208278656 30.8454992657 209.1807379131 3
176 0.0898844565 0.0767944871 20.5885241068 79.7054245831 3.8713520294 18.2264919281 9.5750878548 191.9928785117 3
103 0.1581268302 0.2918190509 23.754811344 78.2584737249 3.2944262361 22.3236026764 8.1208260291 124.9785610053 3
691.9720314285 0.0260054059 0.0865683309 190.6766918987 304.2707181313 1.5957415408 23.9757175446 189.1633309024 594.3156255552 4
1461.7503424331 0.0408407045 0.0495673508 391.8460234008 5574.0028199661 14.2249824857 57.2314796448 387.6439908583 1428.8399755134 4
1496.7360544463 0.1038470905 0.0823795407 640.2759503982 11071.9977976663 17.292540491 108.2869186401 631.052482108 1178.274277509 4
1111.8140678207 0.0987856357 0.0712094335 386.9870937242 7659.7421335884 19.7932754291 86.0251235962 377.3045041864 990.978913442 4
1270.6667173341 0.0788888822 0.0656243799 555.3523181509 3612.9683325109 6.5057229698 68.7816696167 551.0764734023 895.1874406109 4
1647.9398111586 0.0809832773 0.0865683309 576.7703763685 11852.4850634255 20.5497465699 111.4359130859 565.9029104183 1402.8777374758 4
1535.8507395877 0.0884881931 0.0041887902 637.3496743714 10814.0501683075 16.9672169033 96.6103973389 632.1651151578 1197.7621500369 4
1700 0.0439822972 0.1051268014 120.6530096363 12331.1030943741 102.2030294275 120.2973175049 -9.2576964639 2212.1781964657 5
2350 0.0815068761 0.2715732316 515.2894771025 27758.6402610935 53.8699924889 289.5690612793 426.2311599176 2457.6767356259 5
1900 0.0544542727 0.1137954672 272.6180288705 7481.5934698544 27.4435021809 138.3592681885 234.8984958066 1924.5178953496 5
1800 0.0691150384 0.1570796327 385.564704349 13831.7248887707 35.8739395301 157.5700073242 351.8974774277 1823.0323641657 5
1650 0.0476474886 0.0432841654 274.4261774962 5824.8951915781 21.2257272419 81.2395706177 262.1256558773 1603.0703476207 5
2400 0.0841248699 0.2206096175 596.0419555114 37939.2555708483 63.6519882871 261.3481750488 535.6894085687 2447.7723534764 5
2000 0.0671951762 0.1242674427 330.2716456314 15381.0976865603 46.571051103 169.1979827881 283.639564377 2063.0732120677 5
