14.2 1.76 2.45 15.2 112 3.27 3.39 0.34 1.97 6.75 1.05 2.85 1450 1
14.06 2.15 2.61 17.6 121 2.6 2.51 0.31 1.25 5.05 1.06 3.58 1295 1
12.93 3.8 2.65 18.6 102 2.41 2.41 0.25 1.98 4.5 1.03 3.52 770 1
12.85 1.6 2.52 17.8 95 2.48 2.37 0.26 1.46 3.93 1.09 3.63 1015 1
13.5 1.81 2.61 20 96 2.53 2.61 0.28 1.66 3.52 1.12 3.82 845 1
13.39 1.77 2.62 16.1 93 2.85 2.94 0.34 1.45 4.8 0.92 3.22 1195 1
13.3 1.72 2.14 17 94 2.4 2.19 0.27 1.35 3.95 1.02 2.77 1285 1
14.02 1.68 2.21 16 96 2.65 2.33 0.26 1.98 4.7 1.04 3.59 1035 1
13.28 1.64 2.84 15.5 110 2.6 2.68 0.34 1.36 4.6 1.09 2.78 880 1
13.05 1.65 2.55 18 98 2.45 2.43 0.29 1.44 4.25 1.12 2.51 1105 1
13.88 1.89 2.59 15 101 3.25 3.56 0.17 1.7 5.43 0.88 3.56 1095 1
14.38 3.59 2.28 16 102 3.25 3.17 0.27 2.19 4.9 1.04 3.44 1065 1
13.9 1.68 2.12 16 101 3.1 3.39 0.21 2.14 6.1 0.91 3.33 985 1
13.82 1.75 2.42 14 111 3.88 3.74 0.32 1.87 7.05 1.01 3.26 1190 1
13.56 1.73 2.46 20.5 116 2.96 2.78 0.2 2.45 6.25 0.98 3.03 1120 1
12.37 0.94 1.36 10.6 88 1.98 0.57 0.28 0.42 1.95 1.05 1.82 520 2
13.86 1.51 2.67 25 86 2.95 2.86 0.21 1.87 3.38 1.36 3.16 410 2
13.49 1.66 2.24 24 87 1.88 1.84 0.27 1.03 3.74 0.98 2.78 472 2
11.96 1.09 2.3 21 101 3.38 2.14 0.13 1.65 3.21 0.99 3.13 886 2
12.72 1.81 2.2 18.8 86 2.2 2.53 0.26 1.77 3.9 1.16 3.14 714 2
13.05 3.86 2.32 22.5 85 1.65 1.59 0.61 1.62 4.8 0.84 2.01 515 2
12.67 0.98 2.24 18 99 2.2 1.94 0.3 1.46 2.62 1.23 3.16 450 2
12.29 2.83 2.22 18 88 2.45 2.25 0.25 1.99 2.15 1.15 3.3 290 2
12.47 1.52 2.2 19 162 2.5 2.27 0.32 3.28 2.6 1.16 2.63 937 2
11.81 2.12 2.74 21.5 134 1.6 0.99 0.14 1.56 2.5 0.95 2.26 625 2
12.08 2.08 1.7 17.5 97 2.23 2.17 0.26 1.4 3.3 1.27 2.96 710 2
12.6 1.34 1.9 18.5 88 1.45 1.36 0.29 1.35 2.45 1.04 2.77 562 2
12.25 1.73 2.12 19 80 1.65 2.03 0.37 1.63 3.4 1 3.17 510 2
12.22 1.29 1.94 19 92 2.36 2.04 0.39 2.08 2.7 0.86 3.02 312 2
11.41 0.74 2.5 21 88 2.48 2.01 0.42 1.44 3.08 1.1 2.31 434 2
11.45 2.4 2.42 20 96 2.9 2.79 0.32 1.83 3.25 0.8 3.39 625 2
11.56 2.05 3.23 28.5 119 3.18 5.08 0.47 1.87 6 0.93 3.69 465 2
12.07 2.16 2.17 21 85 2.6 2.65 0.37 1.35 2.76 0.86 3.28 378 2
12.04 4.3 2.38 22 80 2.1 1.75 0.42 1.35 2.6 0.79 2.57 580 2
12.86 1.35 2.32 18 122 1.51 1.25 0.21 0.94 4.1 0.76 1.29 630 3
12.88 2.99 2.4 20 104 1.3 1.22 0.24 0.83 5.4 0.74 1.42 530 3
12.51 1.24 2.25 17.5 85 2 0.58 0.6 1.25 5.45 0.75 1.51 650 3
12.25 4.72 2.54 21 89 1.38 0.47 0.53 0.8 3.85 0.75 1.27 720 3
12.87 4.61 2.48 21.5 86 1.7 0.65 0.47 0.86 7.65 0.54 1.86 625 3
13.84 4.12 2.38 19.5 89 1.8 0.83 0.48 1.56 9.01 0.57 1.64 480 3
12.45 3.03 2.64 27 97 1.9 0.58 0.63 1.14 7.5 0.67 1.73 880 3
13.69 3.26 2.54 20 107 1.83 0.56 0.5 0.8 5.88 0.96 1.82 680 3
13.58 2.58 2.69 24.5 105 1.55 0.84 0.39 1.54 8.66 0.74 1.8 750 3
13.4 4.6 2.86 25 112 1.98 0.96 0.27 1.11 8.5 0.67 1.92 630 3
12.2 3.03 2.32 19 96 1.25 0.49 0.4 0.73 5.5 0.66 1.83 510 3
14.16 2.51 2.48 20 91 1.68 0.7 0.44 1.24 9.7 0.62 1.71 660 3
13.27 4.28 2.26 20 120 1.59 0.69 0.43 1.35 10.2 0.59 1.56 835 3
