1002945 5 4 4 5 7 10 3 2 1 2
1017023 4 1 1 3 2 1 3 1 1 2
1017122 8 10 10 8 7 10 9 7 1 4
1018099 1 1 1 1 2 10 3 1 1 2
1018561 2 1 2 1 2 1 3 1 1 2
1033078 2 1 1 1 2 1 1 1 5 2
1043999 1 1 1 1 2 3 3 1 1 2
1047630 7 4 6 4 6 1 4 3 1 4
1050670 10 7 7 6 4 10 4 1 2 4
1054593 10 5 5 3 6 7 7 10 1 4
1056784 3 1 1 1 2 1 2 1 1 2
1059552 1 1 1 1 2 1 3 1 1 2
1070935 3 1 1 1 1 1 2 1 1 2
1071760 2 1 1 1 2 1 3 1 1 2
1074610 2 1 1 2 2 1 3 1 1 2
1103608 10 10 10 4 8 1 8 10 1 4
1105257 3 7 7 4 4 9 4 8 1 4
1106095 4 1 1 3 2 1 3 1 1 2
1106829 7 8 7 2 4 8 3 8 2 4
1108370 9 5 8 1 2 3 2 1 5 4
1110503 5 5 5 8 10 8 7 3 7 4
1110524 10 5 5 6 8 8 7 1 1 4
1113038 8 2 4 1 5 1 5 4 4 4
1113906 9 5 5 2 2 2 5 1 1 4
1115293 1 1 1 1 2 2 2 1 1 2
1116998 10 4 2 1 3 2 4 3 10 4
1117152 4 1 1 1 2 1 3 1 1 2
1118039 5 3 4 1 8 10 4 9 1 4
1126417 10 6 4 1 3 4 3 2 3 4
1132347 1 1 4 1 2 1 2 1 1 2
1133136 3 1 1 1 2 3 3 1 1 2
1143978 4 1 1 2 2 1 2 1 1 2
1147044 3 1 1 1 2 2 7 1 1 2
1152331 4 1 1 1 2 1 3 1 1 2
1164066 1 1 1 1 2 1 3 1 1 2
1166654 10 3 5 1 10 5 3 10 2 4
1167439 2 3 4 4 2 5 2 5 1 4
1167471 4 1 2 1 2 1 3 1 1 2
1169049 7 3 4 4 3 3 3 2 7 4
1170419 10 10 10 8 2 10 4 1 1 4
1170420 1 6 8 10 8 10 5 7 1 4
1171710 6 5 4 4 3 9 7 8 3 4
1171795 1 3 1 2 2 2 5 3 2 2
1173216 10 10 10 3 10 8 8 1 1 4
1173347 1 1 1 1 2 5 1 1 1 2
1175937 5 4 6 7 9 7 8 10 1 4
1177399 8 3 5 4 5 10 1 6 2 4
1178580 5 1 3 1 2 1 2 1 1 2
1180194 5 10 8 10 8 10 3 6 3 4
1182404 4 1 1 1 2 1 2 1 1 2
1183516 3 1 1 1 2 1 1 1 1 2
1185610 1 1 1 1 3 2 2 1 1 2
1188472 1 1 1 1 1 1 3 1 1 2
1198128 10 8 10 10 6 1 3 1 10 4
1198641 3 1 1 1 2 1 3 1 1 2
1199219 1 1 1 2 1 1 1 1 1 2
1199983 1 1 1 1 2 1 3 1 1 2
1200772 1 1 1 1 2 1 2 1 1 2
1201936 5 10 10 3 8 1 5 10 3 4
1202812 5 3 3 3 6 10 3 1 1 4
1204898 6 1 1 1 2 1 3 1 1 2
1206695 1 5 8 6 5 8 7 10 1 4
1206841 10 5 6 10 6 10 7 7 10 4
1208301 1 2 3 1 2 1 3 1 1 2
1210963 10 10 10 8 6 8 7 10 1 4
1212232 5 1 1 1 2 1 2 1 1 2
1212251 1 1 1 1 2 1 3 1 1 2
1212422 4 1 1 1 2 1 3 1 1 2
1213375 8 4 4 5 4 7 7 8 2 2
1214556 3 1 1 1 2 1 2 1 1 2
1218105 5 10 10 9 6 10 7 10 5 4
1219406 5 1 1 1 1 1 3 1 1 2
1221863 10 10 10 10 7 10 7 10 4 4
1222047 10 10 10 10 3 10 10 6 1 4
1222936 8 7 8 7 5 5 5 10 2 4
1223793 6 10 7 7 6 4 8 10 2 4
1223967 6 1 3 1 2 1 3 1 1 2
1225799 10 6 4 3 10 10 9 10 1 4
1226612 7 5 6 3 3 8 7 4 1 4
1227244 1 1 1 1 2 1 2 1 1 2
1227481 10 5 7 4 4 10 8 9 1 4
1230688 7 4 7 4 3 7 7 6 1 4
1241679 9 8 8 5 6 2 4 10 4 4
1276091 3 1 1 3 1 1 3 1 1 2
169356 3 1 1 1 2 ? 3 1 1 2
183913 1 2 2 1 2 1 1 1 1 2
191250 10 4 4 10 2 10 5 3 3 4
1116116 9 10 10 1 10 8 3 3 1 4
1168736 5 6 6 2 4 10 3 6 1 4
1182404 3 1 1 1 2 1 1 1 1 2
255644 10 5 8 10 3 10 5 1 3 4
314428 7 9 4 10 10 3 5 3 3 4
1182404 5 1 4 1 2 1 3 2 1 2
1198641 10 10 6 3 3 10 4 3 2 4
385103 1 1 1 1 2 1 3 1 1 2
411453 5 1 1 1 2 1 3 1 1 2
428903 7 2 4 1 3 4 3 3 1 4
476903 10 5 7 3 3 7 3 3 8 4
486283 3 1 1 1 2 1 3 1 1 2
486662 2 1 1 2 2 1 3 1 1 2
508234 7 4 5 10 2 10 3 8 2 4
529329 10 10 10 10 10 10 4 10 10 4
543558 6 1 3 1 4 5 5 10 1 4
601265 10 4 4 6 2 10 2 3 1 4
606722 5 5 7 8 6 10 7 4 1 4
63375 9 1 2 6 4 10 7 7 2 4
635844 8 4 10 5 4 4 7 10 1 4
640744 10 10 10 7 9 10 7 10 10 4
666942 1 1 1 1 2 1 3 1 1 2
673637 3 1 1 1 2 5 5 1 1 2
691628 8 6 4 10 10 1 3 5 1 4
704097 1 1 1 1 1 1 2 1 1 2
721482 4 4 4 4 6 5 7 3 1 2
733639 3 1 1 1 2 1 3 1 1 2
740492 1 1 1 1 2 1 3 1 1 2
752904 10 1 1 1 2 10 5 4 1 4
756136 1 1 1 1 2 1 2 1 1 2
760001 8 10 3 2 6 4 3 10 1 4
770066 5 2 2 2 2 1 2 2 1 2
792744 1 1 1 1 2 1 1 1 1 2
797327 6 5 5 8 4 10 3 4 1 4
814911 1 1 1 1 2 1 1 1 1 2
822829 7 6 4 8 10 10 9 5 3 4
832226 3 4 4 10 5 1 3 3 1 4
866325 8 10 5 3 8 4 4 10 3 4
873549 10 3 5 4 3 7 3 5 3 4
428598 1 1 3 1 1 1 2 1 1 2
521441 5 1 1 2 2 1 2 1 1 2
657753 3 1 1 4 3 1 2 2 1 2
805448 1 1 1 1 2 1 1 1 1 2
1071084 3 3 2 2 3 1 1 2 3 2
1114570 5 3 3 2 3 1 3 1 1 2
1151734 10 8 7 4 3 10 7 9 1 4
1196475 3 2 1 1 2 1 2 2 1 2
1206314 1 2 3 1 2 1 1 1 1 2
1213784 3 1 1 1 2 1 1 1 1 2
1223543 1 2 1 3 2 1 1 2 1 2
1238021 1 1 1 1 2 1 2 1 1 2
1238633 10 10 10 6 8 4 8 5 1 4
1238915 5 1 2 1 2 1 3 1 1 2
1239232 3 3 2 6 3 3 3 5 1 2
1239967 1 1 1 1 2 1 2 1 1 2
1253505 2 3 1 1 5 1 1 1 1 2
1255384 3 2 2 3 2 3 3 1 1 2
1257200 10 10 10 7 10 10 8 2 1 4
1257648 4 3 3 1 2 1 3 3 1 2
1258549 9 10 10 10 10 10 10 10 1 4
1258556 5 3 6 1 2 1 1 1 1 2
1276091 1 3 1 1 2 1 2 2 1 2
1293439 3 2 2 3 2 1 1 1 1 2
1293439 6 9 7 5 5 8 4 2 1 2
527337 4 1 1 1 2 1 1 1 1 2
677910 5 2 2 4 2 4 1 1 1 2
734111 1 1 1 3 2 3 1 1 1 2
734111 1 1 1 1 2 2 1 1 1 2
780555 5 1 1 6 3 1 2 1 1 2
827627 2 1 1 1 2 1 1 1 1 2
1182404 1 1 1 1 1 1 1 1 1 2
1257470 10 6 5 8 5 10 8 6 1 4
1238777 6 1 1 3 2 1 1 1 1 2
1269574 4 1 1 1 2 1 1 1 1 2
1277145 5 1 1 1 2 1 1 1 1 2
1287282 3 1 1 1 2 1 1 1 1 2
1299161 4 8 7 10 4 10 7 5 1 4
1302428 5 3 2 4 2 1 1 1 1 2
1318169 9 10 10 10 10 5 10 10 10 4
787451 5 1 2 1 2 1 1 1 1 2
1170945 3 1 1 1 1 1 2 1 1 2
1217952 4 1 1 1 2 1 2 1 1 2
1253917 4 1 1 2 2 1 2 1 1 2
1313325 4 10 4 7 3 10 9 10 1 4
333093 1 1 1 1 3 1 1 1 1 2
867392 4 2 2 1 2 1 2 1 1 2
1135090 4 1 1 1 2 1 2 1 1 2
1145420 6 1 1 1 2 1 2 1 1 2
1171578 3 1 1 1 2 1 1 1 1 2
1222464 6 10 10 10 4 10 7 10 1 4
1240603 3 1 1 1 1 1 1 1 1 2
1299924 3 2 2 2 2 1 4 2 1 2
1313982 4 3 1 1 2 1 4 8 1 2
1321264 5 2 2 2 1 1 2 1 1 2
1321321 5 1 1 3 2 1 1 1 1 2
1321942 5 1 1 1 2 1 3 1 1 2
1331412 5 7 10 10 5 10 10 10 1 4
1333104 3 1 2 1 2 1 3 1 1 2
1343068 8 4 4 1 6 10 2 5 2 4
142932 7 6 10 5 3 10 9 10 2 4
183936 3 1 1 1 2 1 2 1 1 2
378275 10 9 7 3 4 2 7 7 1 4
871549 5 1 2 1 2 1 2 1 1 2
878358 5 7 10 6 5 10 7 5 1 4
1115762 3 1 1 1 2 1 1 1 1 2
1298484 10 3 4 5 3 10 4 1 1 4
188336 5 3 2 8 5 10 8 1 2 4
557583 5 10 10 10 10 10 10 1 1 4
822829 8 10 10 10 6 10 10 10 10 4
1031608 2 1 1 1 1 1 2 1 1 2
1041043 4 1 3 1 2 1 2 1 1 2
1042252 3 1 1 1 2 1 2 1 1 2
1057067 1 1 1 1 1 ? 1 1 1 2
1096352 6 3 3 3 3 2 6 1 1 2
1174009 5 1 1 2 1 1 2 1 1 2
1213273 2 1 1 1 2 1 1 1 1 2
1225382 6 2 3 1 2 1 1 1 1 2
1257366 3 1 1 1 2 1 1 1 1 2
1268952 10 10 7 8 7 1 10 10 3 4
1277792 5 1 1 3 2 1 1 1 1 2
1311033 1 2 2 1 2 1 1 1 1 2
1315807 5 10 10 10 10 2 10 10 10 4
1326892 3 1 1 1 2 1 2 1 1 2
1333877 5 4 5 1 8 1 3 6 1 2
1334015 7 8 8 7 3 10 7 2 3 4
1339781 1 1 1 1 2 1 2 1 1 2
1345452 1 1 3 1 2 1 2 1 1 2
1347749 1 1 1 1 2 1 1 1 1 2
1350319 5 7 4 1 6 1 7 10 3 4
1353092 3 2 1 2 2 1 3 1 1 2
466906 1 1 1 1 2 1 1 1 1 2
536708 1 1 1 1 2 1 1 1 1 2
603148 4 1 1 1 2 1 1 1 1 2
654546 1 1 1 3 2 1 1 1 1 2
776715 3 1 1 1 3 2 1 1 1 2
841769 2 1 1 1 2 1 1 1 1 2
897471 4 8 8 5 4 5 10 4 1 4
