0.672566
0.627273
0.66055
0.660194
0.623853
0.632075
0.647619
0.657407
0.634615
0.645455
0.61
0.683673
0.641509
0.631579
0.648148
0.636364
0.650485
0.63964
0.654545
0.679612
0.642857
0.653465
0.669903
0.66055
0.663366
0.62037
0.688073
0.653465
0.648649
0.666667
0.672897
0.612245
0.635417
0.707071
0.657143
0.653846
0.660194
0.663265
0.663366
0.655172
0.660714
0.64486
0.6
0.65
0.678899
0.648649
0.62037
0.640351
0.678571
0.632075
0.654206
0.657143
0.623762
0.646018
0.672727
0.656863
0.672269
0.646552
0.642857
0.633663
0.622642
0.650943
0.656566
0.638095
0.666667
0.66
0.66055
0.654545
0.682243
0.637255
0.676471
0.666667
0.663158
0.647619
0.615385
0.663717
0.62766
0.660194
0.653465
0.633027
0.672897
0.647619
0.66
0.638095
0.655914
0.669725
0.65
0.673913
0.666667
0.672897
0.663636
0.630631
0.660194
0.628319
0.642202
0.64
0.657658
0.647619
0.673267
0.645455
