1002945 5 4 4 5 7 10 3 2 1 2
1016277 6 8 8 1 3 4 3 7 1 2
1018099 1 1 1 1 2 10 3 1 1 2
1018561 2 1 2 1 2 1 3 1 1 2
1049815 4 1 1 1 2 1 3 1 1 2
1050670 10 7 7 6 4 10 4 1 2 4
1054590 7 3 2 10 5 10 5 4 4 4
1059552 1 1 1 1 2 1 3 1 1 2
1065726 5 2 3 4 2 7 3 6 1 4
1066373 3 2 1 1 1 1 2 1 1 2
1071760 2 1 1 1 2 1 3 1 1 2
1072179 10 7 7 3 8 5 7 4 3 4
1081791 6 2 1 1 1 1 7 1 1 2
1103722 1 1 1 1 2 1 2 1 2 2
1105257 3 7 7 4 4 9 4 8 1 4
1106829 7 8 7 2 4 8 3 8 2 4
1110503 5 5 5 8 10 8 7 3 7 4
1113483 5 2 3 1 6 10 5 1 1 4
1116116 9 10 10 1 10 8 3 3 1 4
1116998 10 4 2 1 3 2 4 3 10 4
1126417 10 6 4 1 3 4 3 2 3 4
1133136 3 1 1 1 2 3 3 1 1 2
1147699 3 5 7 8 8 9 7 10 7 4
1155546 2 1 1 2 3 1 2 1 1 2
1156948 3 1 1 2 2 1 1 1 1 2
1164066 1 1 1 1 2 1 3 1 1 2
1165297 2 1 1 2 2 1 1 1 1 2
1165926 9 6 9 2 10 6 2 9 10 4
1167439 2 3 4 4 2 5 2 5 1 4
1171795 1 3 1 2 2 2 5 3 2 2
1171845 8 6 4 3 5 9 3 1 1 4
1172152 10 3 3 10 2 10 7 3 3 4
1173235 3 3 2 1 2 3 3 1 1 2
1173347 8 3 3 1 2 2 3 2 1 2
1175937 5 4 6 7 9 7 8 10 1 4
1176406 1 1 1 1 2 1 2 1 1 2
1179818 2 1 1 1 2 1 3 1 1 2
1181356 5 1 1 1 2 2 3 3 1 2
1182404 4 1 1 1 2 1 2 1 1 2
1183516 3 1 1 1 2 1 1 1 1 2
1184241 2 1 1 1 2 1 2 1 1 2
1190394 4 1 1 1 2 3 1 1 1 2
1192325 5 5 5 6 3 10 3 1 1 4
1193091 1 2 2 1 2 1 2 1 1 2
1193683 1 1 2 1 3 ? 1 1 1 2
1197440 1 1 1 2 1 3 1 1 7 2
1197979 4 1 1 1 2 2 3 2 1 2
1197993 5 6 7 8 8 10 3 10 3 4
1198128 10 8 10 10 6 1 3 1 10 4
1199731 3 1 1 1 2 1 1 1 1 2
1200847 6 10 10 10 8 10 10 10 7 4
1200952 5 8 7 7 10 10 5 7 1 4
1201834 2 1 1 1 2 1 3 1 1 2
1203096 1 1 1 1 1 1 3 1 1 2
1206841 10 5 6 10 6 10 7 7 10 4
1207986 5 8 4 10 5 8 9 10 1 4
1210963 10 10 10 8 6 8 7 10 1 4
1211202 7 5 10 10 10 10 4 10 3 4
1212232 5 1 1 1 2 1 2 1 1 2
1212251 1 1 1 1 2 1 3 1 1 2
1213383 5 1 1 4 2 1 3 1 1 2
1214966 9 7 7 5 5 10 7 8 3 4
1216947 1 1 1 1 2 1 3 1 1 2
1219406 5 1 1 1 1 1 3 1 1 2
1223426 1 1 1 1 2 1 3 1 1 2
1228311 1 1 1 1 1 1 3 1 1 2
1241232 3 1 4 1 2 ? 3 1 1 2
1270479 5 1 3 3 2 2 2 3 1 2
128059 1 1 1 1 2 5 5 1 1 2
1285531 1 1 1 1 2 1 3 1 1 2
1287775 5 1 1 2 2 2 3 1 1 2
144888 8 10 10 8 5 10 7 8 1 4
1116116 9 10 10 1 10 8 3 3 1 4
1182404 3 1 1 1 2 1 2 1 1 2
242970 5 7 7 1 5 8 3 4 1 2
263538 5 10 10 6 10 10 10 6 5 4
324427 10 8 8 2 3 4 8 7 8 4
385103 1 1 1 1 2 1 3 1 1 2
492268 10 4 6 1 2 10 5 3 1 4
535331 3 1 1 1 3 1 2 1 1 2
563649 8 8 8 1 2 ? 6 10 1 4
606140 1 1 1 1 2 ? 2 1 1 2
63375 9 1 2 6 4 10 7 7 2 4
653777 8 3 4 9 3 10 3 3 1 4
667204 7 8 7 6 4 3 8 8 4 4
673637 3 1 1 1 2 5 5 1 1 2
684955 2 1 1 1 3 1 2 1 1 2
688033 1 1 1 1 2 1 1 1 1 2
704168 4 6 5 6 7 ? 4 9 1 2
709287 6 8 7 8 6 8 8 9 1 4
721482 4 4 4 4 6 5 7 3 1 2
730881 7 6 3 2 5 10 7 4 6 4
733639 3 1 1 1 2 ? 3 1 1 2
740492 1 1 1 1 2 1 3 1 1 2
704097 1 1 1 1 1 1 2 1 1 2
809912 10 3 3 1 2 10 7 6 1 4
810104 1 1 1 1 2 1 3 1 1 2
822829 7 6 4 8 10 10 9 5 3 4
826923 1 1 1 1 2 1 1 1 1 2
836433 5 1 1 3 2 1 1 1 1 2
850831 2 7 10 10 7 10 4 9 4 4
857774 4 1 1 1 3 1 2 2 1 2
428598 1 1 3 1 1 1 2 1 1 2
657753 3 1 1 4 3 1 2 2 1 2
685977 5 3 4 1 4 1 3 1 1 2
846423 10 6 3 6 4 10 7 8 4 4
1002504 3 2 2 2 2 1 3 2 1 2
1022257 2 1 1 1 2 1 1 1 1 2
1026122 2 1 1 1 2 1 1 1 1 2
1116715 5 1 1 1 3 2 2 2 1 2
1168278 3 1 1 1 2 1 2 1 1 2
1213784 3 1 1 1 2 1 1 1 1 2
1223003 5 3 3 1 2 1 2 1 1 2
1223543 1 2 1 3 2 1 1 2 1 2
1237674 3 1 2 1 2 1 2 1 1 2
1238464 1 1 1 1 1 ? 2 1 1 2
1238633 10 10 10 6 8 4 8 5 1 4
1239232 3 3 2 6 3 3 3 5 1 2
1239967 1 1 1 1 2 1 2 1 1 2
1257200 10 10 10 7 10 10 8 2 1 4
1257938 3 1 1 1 2 1 1 1 1 2
1258556 5 3 6 1 2 1 1 1 1 2
1266154 8 7 8 2 4 2 5 10 1 4
1276091 2 1 1 1 2 1 2 1 1 2
1295186 10 10 10 1 6 1 2 8 1 4
558538 4 1 3 3 2 1 1 1 1 2
608157 10 4 3 10 4 10 10 1 1 4
1049837 1 1 1 1 2 1 1 1 1 2
1058849 5 1 1 1 2 1 1 1 1 2
1182404 1 1 1 1 1 1 1 1 1 2
1202253 5 1 1 1 2 1 1 1 1 2
1238410 2 3 1 1 3 1 1 1 1 2
1266124 5 1 2 1 2 1 1 1 1 2
1293966 4 1 1 1 2 1 1 1 1 2
1298416 10 6 6 2 4 10 9 7 1 4
1299596 6 6 6 5 4 10 7 6 2 4
1105524 4 1 1 1 2 1 1 1 1 2
1181685 1 1 2 1 2 1 2 1 1 2
1211594 3 1 1 1 1 1 2 1 1 2
1238777 6 1 1 3 2 1 1 1 1 2
1296263 4 1 1 1 2 1 1 1 1 2
787451 5 1 2 1 2 1 1 1 1 2
1073960 10 10 10 10 6 10 8 1 5 4
1181567 1 1 1 1 1 1 1 1 1 2
1182404 4 2 1 1 2 1 1 1 1 2
1253917 4 1 1 2 2 1 2 1 1 2
1268766 1 1 1 1 2 1 1 1 1 2
1286943 8 10 10 10 7 5 4 8 7 4
1295508 1 1 1 1 2 4 1 1 1 2
1297327 5 1 1 1 2 1 1 1 1 2
1298360 1 1 1 1 2 1 1 1 1 2
1304595 3 1 1 1 1 1 2 1 1 2
1320077 1 1 1 1 1 1 1 1 1 2
1320304 3 1 2 2 2 1 1 1 1 2
672113 7 5 6 10 4 10 5 3 1 4
8233704 4 1 1 1 1 1 2 1 1 2
1056171 2 1 1 1 2 1 2 1 1 2
1158157 5 1 1 1 2 2 2 1 1 2
1171578 3 1 1 1 2 1 1 1 1 2
1174841 5 3 1 1 2 1 1 1 1 2
1184586 4 1 1 1 2 1 2 1 1 2
1186936 2 1 3 2 2 1 2 1 1 2
1222464 6 10 10 10 4 10 7 10 1 4
1241035 7 8 3 7 4 5 7 8 2 4
1287971 3 1 1 1 2 1 2 1 1 2
1306339 4 4 2 1 2 5 2 1 2 2
1344121 8 10 4 4 8 10 8 2 1 4
324382 1 1 1 1 2 1 2 1 1 2
378275 10 9 7 3 4 2 7 7 1 4
1217717 5 1 1 6 3 1 1 1 1 2
1239420 1 1 1 1 2 1 1 1 1 2
1268275 9 8 8 9 6 3 4 1 1 4
1272166 5 1 1 1 2 1 1 1 1 2
1294261 4 10 8 5 4 1 10 1 1 4
1334659 5 2 4 1 1 1 1 1 1 2
1350568 4 1 1 1 2 1 2 1 1 2
1352663 5 4 6 8 4 1 8 10 1 4
1041043 4 1 3 1 2 1 2 1 1 2
1042252 3 1 1 1 2 1 2 1 1 2
1096352 6 3 3 3 3 2 6 1 1 2
1140597 7 1 2 3 2 1 2 1 1 2
1149548 1 1 1 1 2 1 1 1 1 2
1183596 3 1 3 1 3 4 1 1 1 2
1190546 2 1 1 1 2 5 1 1 1 2
1213273 2 1 1 1 2 1 1 1 1 2
1257366 3 1 1 1 2 1 1 1 1 2
1268952 10 10 7 8 7 1 10 10 3 4
1288608 3 1 1 1 2 1 2 1 1 2
1303489 3 1 1 1 2 1 2 1 1 2
1319609 3 1 1 2 3 4 1 1 1 2
1323477 1 2 1 3 2 1 2 1 1 2
1324572 5 1 1 1 2 1 2 2 1 2
1324681 4 1 1 1 2 1 2 1 1 2
1325159 3 1 1 1 2 1 3 1 1 2
1354840 2 1 1 1 2 1 3 1 1 2
1354840 5 3 2 1 3 1 1 1 1 2
1355260 1 1 1 1 2 1 2 1 1 2
1365328 1 1 2 1 2 1 2 1 1 2
1368267 5 1 1 1 2 1 1 1 1 2
1371026 5 10 10 10 4 10 5 6 3 4
536708 1 1 1 1 2 1 1 1 1 2
776715 3 1 1 1 3 2 1 1 1 2
