1016277 6 8 8 1 3 4 3 7 1 2
1033078 2 1 1 1 2 1 1 1 5 2
1033078 4 2 1 1 2 1 2 1 1 2
1044572 8 7 5 10 7 9 5 5 4 4
1047630 7 4 6 4 6 1 4 3 1 4
1054593 10 5 5 3 6 7 7 10 1 4
1066373 3 2 1 1 1 1 2 1 1 2
1067444 2 1 1 1 2 1 2 1 1 2
1070935 3 1 1 1 1 1 2 1 1 2
1071760 2 1 1 1 2 1 3 1 1 2
1072179 10 7 7 3 8 5 7 4 3 4
1075123 3 1 2 1 2 1 2 1 1 2
1081791 6 2 1 1 1 1 7 1 1 2
1084584 5 4 4 9 2 10 5 6 1 4
1096800 6 6 6 9 6 ? 7 8 1 2
1105524 1 1 1 1 2 1 2 1 1 2
1106095 4 1 1 3 2 1 3 1 1 2
1110503 5 5 5 8 10 8 7 3 7 4
1113483 5 2 3 1 6 10 5 1 1 4
1113906 9 5 5 2 2 2 5 1 1 4
1115282 5 3 5 5 3 3 4 10 1 4
1118039 5 3 4 1 8 10 4 9 1 4
1120559 8 3 8 3 4 9 8 9 8 4
1133041 5 3 1 2 2 1 2 1 1 2
1137156 2 2 2 1 1 1 7 1 1 2
1147699 3 5 7 8 8 9 7 10 7 4
1148873 3 6 6 6 5 10 6 8 3 4
1152331 4 1 1 1 2 1 3 1 1 2
1155546 2 1 1 2 3 1 2 1 1 2
1156948 3 1 1 2 2 1 1 1 1 2
1158247 1 1 1 1 2 1 2 1 1 2
1165297 2 1 1 2 2 1 1 1 1 2
1167439 2 3 4 4 2 5 2 5 1 4
1170419 10 10 10 8 2 10 4 1 1 4
1171710 1 1 1 1 2 1 2 3 1 2
1171845 8 6 4 3 5 9 3 1 1 4
1172152 10 3 3 10 2 10 7 3 3 4
1173216 10 10 10 3 10 8 8 1 1 4
1173509 4 5 5 10 4 10 7 5 8 4
1173514 1 1 1 1 4 3 1 1 1 2
1176406 1 1 1 1 2 1 2 1 1 2
1176881 7 5 3 7 4 10 7 5 5 4
1178580 5 1 3 1 2 1 2 1 1 2
1179818 2 1 1 1 2 1 3 1 1 2
1180194 5 10 8 10 8 10 3 6 3 4
1180831 3 1 1 1 3 1 2 1 1 2
1182410 3 1 1 1 2 1 1 1 1 2
1183983 9 5 5 4 4 5 4 3 3 4
1184184 1 1 1 1 2 5 1 1 1 2
1185610 1 1 1 1 3 2 2 1 1 2
1189266 7 2 4 1 6 10 5 4 3 4
1190485 1 1 1 1 2 1 1 1 1 2
1193210 2 1 1 1 2 1 3 1 1 2
1193683 1 1 2 1 3 ? 1 1 1 2
1196295 9 9 10 3 6 10 7 10 6 4
1197270 3 1 1 1 2 1 3 1 1 2
1199219 1 1 1 2 1 1 1 1 1 2
1199983 1 1 1 1 2 1 3 1 1 2
1200952 5 8 7 7 10 10 5 7 1 4
1201834 2 1 1 1 2 1 3 1 1 2
1201936 5 10 10 3 8 1 5 10 3 4
1202812 5 3 3 3 6 10 3 1 1 4
1205579 8 7 6 4 4 10 5 1 1 4
1206695 1 5 8 6 5 8 7 10 1 4
1212422 3 1 1 1 2 1 3 1 1 2
1212422 4 1 1 1 2 1 3 1 1 2
1214966 9 7 7 5 5 10 7 8 3 4
1217264 1 1 1 1 2 1 3 1 1 2
1219406 5 1 1 1 1 1 3 1 1 2
1220330 1 1 1 1 2 1 3 1 1 2
1221863 10 10 10 10 7 10 7 10 4 4
1227481 10 5 7 4 4 10 8 9 1 4
1228311 1 1 1 1 1 1 3 1 1 2
1232225 10 4 5 5 5 10 4 1 1 4
1241232 3 1 4 1 2 ? 3 1 1 2
1276091 3 1 1 3 1 1 3 1 1 2
1285531 1 1 1 1 2 1 3 1 1 2
144888 8 10 10 8 5 10 7 8 1 4
145447 8 4 4 1 2 9 3 3 1 4
169356 3 1 1 1 2 ? 3 1 1 2
191250 10 4 4 10 2 10 5 3 3 4
1017023 6 3 3 5 3 10 3 5 3 2
1100524 6 10 10 2 8 10 7 3 3 4
1182404 3 1 1 1 2 1 1 1 1 2
1182404 3 1 1 1 2 1 2 1 1 2
303213 10 4 4 10 6 10 5 5 1 4
1182404 5 1 4 1 2 1 3 2 1 2
1198641 10 10 6 3 3 10 4 3 2 4
390840 8 4 7 1 3 10 3 9 2 4
488173 1 4 3 10 4 10 5 6 1 4
492268 10 4 6 1 2 10 5 3 1 4
529329 10 10 10 10 10 10 4 10 10 4
535331 3 1 1 1 3 1 2 1 1 2
555977 5 6 6 8 6 10 4 10 4 4
560680 1 1 1 1 2 1 1 1 1 2
561477 1 1 1 1 2 1 3 1 1 2
563649 8 8 8 1 2 ? 6 10 1 4
601265 10 4 4 6 2 10 2 3 1 4
606140 1 1 1 1 2 ? 2 1 1 2
606722 5 5 7 8 6 10 7 4 1 4
61634 5 4 3 1 2 ? 2 3 1 2
625201 8 2 1 1 5 1 1 1 1 2
635844 8 4 10 5 4 4 7 10 1 4
636130 1 1 1 1 2 1 3 1 1 2
653777 8 3 4 9 3 10 3 3 1 4
666090 1 1 1 1 2 1 3 1 1 2
666942 1 1 1 1 2 1 3 1 1 2
673637 3 1 1 1 2 5 5 1 1 2
693702 1 1 1 1 2 1 1 1 1 2
718641 1 1 1 1 5 1 3 1 1 2
721482 4 4 4 4 6 5 7 3 1 2
730881 7 6 3 2 5 10 7 4 6 4
733639 3 1 1 1 2 1 3 1 1 2
756136 1 1 1 1 2 1 2 1 1 2
760001 8 10 3 2 6 4 3 10 1 4
760239 10 4 6 4 5 10 7 1 1 4
785208 5 4 6 6 4 10 4 3 1 4
785615 8 6 7 3 3 10 3 4 2 4
809912 10 3 3 1 2 10 7 6 1 4
814265 2 1 1 1 2 1 1 1 1 2
822829 7 6 4 8 10 10 9 5 3 4
831268 1 1 1 1 1 1 1 3 1 2
850831 2 7 10 10 7 10 4 9 4 4
855524 1 1 1 1 2 1 2 1 1 2
896404 2 1 1 1 2 1 3 1 1 2
897172 2 1 1 1 2 1 2 1 1 2
492561 4 3 2 1 3 1 2 1 1 2
521441 5 1 1 2 2 1 2 1 1 2
636437 1 1 1 1 2 1 1 1 1 2
640712 1 1 1 1 2 1 2 1 1 2
685977 5 3 4 1 4 1 3 1 1 2
1114570 5 3 3 2 3 1 3 1 1 2
1114570 2 1 1 1 2 1 2 2 1 2
1116715 5 1 1 1 3 2 2 2 1 2
1131411 1 1 1 2 2 1 2 1 1 2
1156017 3 1 1 1 2 1 2 1 1 2
1158405 1 2 3 1 2 1 2 1 1 2
1196475 3 2 1 1 2 1 2 2 1 2
1211265 3 10 8 7 6 9 9 3 8 4
1223003 5 3 3 1 2 1 2 1 1 2
1223306 3 1 1 1 2 4 1 1 1 2
1234554 1 1 1 1 2 1 2 1 1 2
1237674 3 1 2 1 2 1 2 1 1 2
1238464 1 1 1 1 1 ? 2 1 1 2
1238633 10 10 10 6 8 4 8 5 1 4
1239232 3 3 2 6 3 3 3 5 1 2
1239347 8 7 8 5 10 10 7 2 1 4
1239967 1 1 1 1 2 1 2 1 1 2
1257200 10 10 10 7 10 10 8 2 1 4
1257648 4 3 3 1 2 1 3 3 1 2
1257815 5 1 3 1 2 1 2 1 1 2
1266154 8 7 8 2 4 2 5 10 1 4
677910 5 2 2 4 2 4 1 1 1 2
780555 5 1 1 6 3 1 2 1 1 2
1257470 10 6 5 8 5 10 8 6 1 4
1259008 8 8 9 6 6 3 10 10 1 4
1268313 5 1 1 3 2 1 1 1 1 2
1268804 3 1 1 1 2 5 1 1 1 2
1298416 10 6 6 2 4 10 9 7 1 4
1296593 5 2 1 1 2 1 1 1 1 2
1302428 5 3 2 4 2 1 1 1 1 2
787451 5 1 2 1 2 1 1 1 1 2
1073960 10 10 10 10 6 10 8 1 5 4
1084139 6 3 2 1 3 4 4 1 1 4
1133991 4 1 1 1 1 1 2 1 1 2
1142706 5 10 10 10 6 10 6 5 2 4
1181567 1 1 1 1 1 1 1 1 1 2
1295508 1 1 1 1 2 4 1 1 1 2
1297522 2 1 1 1 2 1 1 1 1 2
1299994 5 1 1 1 2 1 1 1 1 2
1306282 6 6 7 10 3 10 8 10 2 4
1320077 1 1 1 1 1 1 1 1 1 2
333093 1 1 1 1 3 1 1 1 1 2
749653 3 1 1 1 2 1 2 1 1 2
769612 4 1 1 1 2 1 1 1 1 2
837480 7 4 4 3 4 10 6 9 1 4
1113061 5 1 1 1 2 1 3 1 1 2
1158157 5 1 1 1 2 2 2 1 1 2
1240603 2 1 1 1 1 1 1 1 1 2
1299924 3 2 2 2 2 1 4 2 1 2
1321348 2 1 1 1 2 1 2 1 1 2
1321931 5 1 1 1 2 1 2 1 1 2
1328755 3 1 1 1 2 1 2 1 1 2
1331405 4 1 1 1 2 1 3 2 1 2
695091 1 1 1 1 2 1 2 1 1 2
695219 1 1 1 1 2 1 2 1 1 2
824249 1 1 1 1 2 1 3 1 1 2
871549 5 1 2 1 2 1 2 1 1 2
878358 5 7 10 6 5 10 7 5 1 4
1107684 6 10 5 5 4 10 6 10 1 4
1115762 3 1 1 1 2 1 1 1 1 2
1272166 5 1 1 1 2 1 1 1 1 2
1294261 4 10 8 5 4 1 10 1 1 4
1298484 10 3 4 5 3 10 4 1 1 4
1311875 5 1 2 1 2 1 1 1 1 2
411453 1 1 1 1 2 1 1 1 1 2
803531 5 10 10 10 5 2 8 5 1 4
1042252 3 1 1 1 2 1 2 1 1 2
1096352 6 3 3 3 3 2 6 1 1 2
1225382 6 2 3 1 2 1 1 1 1 2
1235807 5 1 1 1 2 1 2 1 1 2
1257366 3 1 1 1 2 1 1 1 1 2
1260659 3 1 4 1 2 1 1 1 1 2
1288608 3 1 1 1 2 1 2 1 1 2
1303489 3 1 1 1 2 1 2 1 1 2
1311033 1 2 2 1 2 1 1 1 1 2
1311108 1 1 1 3 2 1 1 1 1 2
1324681 4 1 1 1 2 1 2 1 1 2
1334667 1 1 1 1 2 1 1 1 1 2
1345593 3 1 1 3 2 1 2 1 1 2
1347749 1 1 1 1 2 1 1 1 1 2
1348851 3 1 1 1 2 1 3 1 1 2
1354840 2 1 1 1 2 1 3 1 1 2
1355260 1 1 1 1 2 1 2 1 1 2
1365075 4 1 4 1 2 1 1 1 1 2
1368273 1 1 1 1 2 1 1 1 1 2
1368882 2 1 1 1 2 1 1 1 1 2
1369821 10 10 10 10 5 10 10 10 7 4
536708 1 1 1 1 2 1 1 1 1 2
603148 4 1 1 1 2 1 1 1 1 2
841769 2 1 1 1 2 1 1 1 1 2
897471 4 8 8 5 4 5 10 4 1 4
