0.950413
0.967347
0.958506
0.957576
0.955975
0.944334
0.957537
0.943396
0.967546
0.95935
0.956616
0.94246
0.965447
0.937876
0.966667
0.950413
0.95935
0.957661
0.970464
0.962672
0.952286
0.967742
0.958824
0.945032
0.955823
0.970339
0.959831
0.946392
0.963265
0.959677
0.95914
0.965795
0.966597
0.944559
0.968085
0.957317
0.955375
0.959223
0.954262
0.962422
0.966068
0.945344
0.955319
0.957895
0.949799
0.9625
0.959596
0.95679
0.947262
0.962422
0.951904
0.953252
0.96
0.958848
0.971014
0.95171
0.958159
0.97286
0.960417
0.960396
0.959267
0.961538
0.94824
0.970954
0.957055
0.947368
0.945892
0.965517
0.962887
0.955414
0.96146
0.952381
0.945378
0.956432
0.970464
0.942553
0.958333
0.949791
0.957404
0.947479
0.971014
0.962076
0.96748
0.960905
0.952849
0.954
0.95842
0.958678
0.959746
0.963115
0.964
0.955912
0.947917
0.960239
0.964356
0.953782
0.966667
0.947368
0.955466
0.951807
