1627938302 
1627938307 
1627938312 
1627938317 
1627938322 
1627938327 
1627938332 
1627938337 
1627938342 
1627938347 
1627938352 
1627938357 
1627938362 
1627938367 
1627938372 
1627938377 
1627938382 
1627938387 
1627938392 
1627938397 
1627938402 
1627938407 
1627938412 
1627938417 
1627938422 
1627938427 
1627938432 
1627938437 
1627938442 
1627938447 
1627938452 
1627938457 
1627938462 
1627938467 
1627938472 
1627938477 
1627938482 
1627938487 
1627938492 
1627938497 
1627938502 
1627938507 
1627938512 
1627938517 
1627938522 
1627938527 
1627938532 
1627938537 
1627938542 
1627938547 
1627938552 
1627938557 
1627938562 
1627938567 
1627938572 
1627938577 
1627938582 
1627938587 
1627938592 
1627938597 
1627938602 
1627938607 
1627938612 
1627938617 
1627938622 
1627938627 
1627938632 
1627938637 
1627938642 
1627938647 
1627938652 
1627938657 
1627938662 
1627938667 
1627938672 
1627938677 
1627938682 
1627938687 
1627938692 
1627938697 
1627938702 
1627938707 
1627938712 
1627938717 
1627938722 
1627938727 
1627938732 
1627938737 
1627938742 
1627938747 
1627938752 
1627938757 
1627938762 
1627938767 
1627938772 
1627938777 
1627938782 
1627938787 
1627938792 
1627938797 
