1017023 4 1 1 3 2 1 3 1 1 2
1018561 2 1 2 1 2 1 3 1 1 2
1074610 2 1 1 2 2 1 3 1 1 2
1084584 5 4 4 9 2 10 5 6 1 4
1105257 3 7 7 4 4 9 4 8 1 4
1113906 9 5 5 2 2 2 5 1 1 4
1115293 1 1 1 1 2 2 2 1 1 2
1116998 10 4 2 1 3 2 4 3 10 4
1117152 4 1 1 1 2 1 3 1 1 2
1155546 2 1 1 2 3 1 2 1 1 2
1165926 9 6 9 2 10 6 2 9 10 4
1166654 10 3 5 1 10 5 3 10 2 4
1168736 10 10 10 10 10 1 8 8 8 4
1173347 1 1 1 1 2 5 1 1 1 2
1174057 1 1 2 2 2 1 3 1 1 2
1182410 3 1 1 1 2 1 1 1 1 2
1185609 3 4 5 2 6 8 4 1 1 4
1187805 8 8 7 4 10 10 7 8 7 4
1189266 7 2 4 1 6 10 5 4 3 4
1197270 3 1 1 1 2 1 3 1 1 2
1199219 1 1 1 2 1 1 1 1 1 2
1200772 1 1 1 1 2 1 2 1 1 2
1206695 1 5 8 6 5 8 7 10 1 4
1212422 4 1 1 1 2 1 3 1 1 2
1216694 10 8 8 4 10 10 8 1 1 4
1217051 5 1 1 1 2 1 3 1 1 2
1218860 1 1 1 1 1 1 3 1 1 2
1219525 8 10 10 10 5 10 8 10 6 4
1227481 10 5 7 4 4 10 8 9 1 4
1236043 3 3 2 1 3 1 3 6 1 2
1242364 8 10 10 8 6 9 3 10 10 4
1277018 2 1 1 1 2 1 3 1 1 2
145447 8 4 4 1 2 9 3 3 1 4
1017023 6 3 3 5 3 10 3 5 3 2
1116116 9 10 10 1 10 8 3 3 1 4
255644 10 5 8 10 3 10 5 1 3 4
476903 10 5 7 3 3 7 3 3 8 4
527363 8 10 10 10 8 10 10 7 3 4
543558 6 1 3 1 4 5 5 10 1 4
640744 10 10 10 7 9 10 7 10 10 4
673637 3 1 1 1 2 5 5 1 1 2
743348 3 2 2 1 2 1 2 3 1 2
797327 6 5 5 8 4 10 3 4 1 4
822829 7 6 4 8 10 10 9 5 3 4
836433 5 1 1 3 2 1 1 1 1 2
859350 8 10 10 7 10 10 7 3 8 4
95719 6 10 10 10 8 10 7 10 7 4
493452 1 1 3 1 2 1 1 1 1 2
654244 1 1 1 1 1 1 2 1 1 2
1022257 2 1 1 1 2 1 1 1 1 2
1116715 5 1 1 1 3 2 2 2 1 2
1156017 3 1 1 1 2 1 2 1 1 2
1168278 3 1 1 1 2 1 2 1 1 2
1211265 3 10 8 7 6 9 9 3 8 4
1229929 1 1 1 1 2 1 2 1 1 2
1231853 4 2 2 1 2 1 2 1 1 2
1238464 1 1 1 1 1 ? 2 1 1 2
1257938 3 1 1 1 2 1 1 1 1 2
1266154 8 7 8 2 4 2 5 10 1 4
1276091 1 3 1 1 2 1 2 2 1 2
1276091 5 1 1 3 4 1 3 2 1 2
566509 5 1 1 1 2 1 1 1 1 2
677910 5 2 2 4 2 4 1 1 1 2
1201870 4 1 1 3 1 1 2 1 1 2
1238410 2 3 1 1 3 1 1 1 1 2
1266124 5 1 2 1 2 1 1 1 1 2
1298416 10 6 6 2 4 10 9 7 1 4
1142706 5 10 10 10 6 10 6 5 2 4
1155967 5 1 2 10 4 5 2 1 1 2
1298360 1 1 1 1 2 1 1 1 1 2
1320077 1 1 1 1 1 1 1 1 1 2
867392 4 2 2 1 2 1 2 1 1 2
1145420 6 1 1 1 2 1 2 1 1 2
1158157 5 1 1 1 2 2 2 1 1 2
1197527 5 1 1 1 2 1 2 1 1 2
1321264 5 2 2 2 1 1 2 1 1 2
1321942 5 1 1 1 2 1 3 1 1 2
1331405 4 1 1 1 2 1 3 2 1 2
1331412 5 7 10 10 5 10 10 10 1 4
1344121 8 10 4 4 8 10 8 2 1 4
1239420 1 1 1 1 2 1 1 1 1 2
1334659 5 2 4 1 1 1 1 1 1 2
1350568 4 1 1 1 2 1 2 1 1 2
411453 1 1 1 1 2 1 1 1 1 2
1041043 4 1 3 1 2 1 2 1 1 2
1061990 4 1 1 1 2 1 2 1 1 2
1073836 5 1 1 1 2 1 2 1 1 2
1096352 6 3 3 3 3 2 6 1 1 2
1190386 4 6 6 5 7 6 7 7 3 4
1257366 3 1 1 1 2 1 1 1 1 2
1324572 5 1 1 1 2 1 2 2 1 2
1339781 1 1 1 1 2 1 2 1 1 2
1368273 1 1 1 1 2 1 1 1 1 2
1368882 2 1 1 1 2 1 1 1 1 2
