0.621849
0.672131
0.623932
0.60177
0.656
0.661157
0.515152
0.488
0.606299
0.615385
0.68
0.638655
0.632
0.688406
0.715447
0.646154
0.615385
0.708661
0.663866
0.661157
0.679688
0.657143
0.622642
0.611111
0.65873
0.629032
0.656489
0.631148
0.671875
0.523077
0.620968
0.689076
0.669421
0.671533
0.677165
0.669118
0.681416
0.643939
0.522727
0.638655
0.66129
0.674603
0.641667
0.677966
0.684211
0.685484
0.659091
0.683333
0.648438
0.634146
0.632812
0.68254
0.640625
0.672
0.642857
0.666667
0.611111
0.475806
0.664122
0.677966
0.645669
0.666667
0.619048
0.655738
0.495868
0.663717
0.691729
0.639098
0.669643
0.634783
0.666667
0.623077
0.663793
0.628788
0.650406
0.582609
0.628788
0.632
0.666667
0.658915
0.666667
0.635593
0.664122
0.643411
0.641221
0.622222
0.507937
0.645669
0.677966
0.675
0.661538
0.65812
0.619835
0.669355
0.470588
0.68
0.654135
0.694215
0.626016
0.706349
