524.7940719572 0.1874483617 0.0321140582 228.8002278843 6843.5984811891 29.9108027316 60.2048797607 220.7372120052 556.828334181 0
362.83126591 0.200712864 0.2443460953 124.9125593692 3290.4624462766 26.3421265475 69.3893890381 103.8665518819 424.7965033868 0
290.4551411532 0.1441641962 0.0530580093 74.6350666441 1189.5452129019 15.9381543608 35.7033309937 65.5413244609 330.2672928957 0
423 0.2195624199 0.2617993878 172.371241023 6108.1062965247 35.4357621392 79.056350708 153.1729028745 558.274515328 0
325 0.2246238747 0.286932129 229.2158633923 5705.3320895085 24.8906511315 35.6027145386 227.2647937395 462.7030069339 0
196.856714179 0.0200712864 0.0907571211 28.5931261347 82.0588885292 2.8698816682 7.9687833786 27.6615159531 200.7493364347 1
250 0.0680678408 -0.0153588974 57.1724311623 652.9013493691 11.4198633169 17.7769813538 55.79126957 278.3086151587 1
272 0.0914552528 0.0048869219 63.7893803122 718.946310198 11.2706269708 20.0855560303 60.6907291188 286.920220324 1
160.3224525104 0.1769763862 0.163362818 37.2171240005 341.8814622363 9.1861333034 30.8891639709 20.759910398 187.5665182431 1
155 0.1727875959 0.1186823891 38.940168406 415.1116010235 10.6602415453 25.8365020752 29.134376179 184.8170409368 1
195 0.1391027414 0.20525072 37.4621956231 328.384051619 8.7657449372 35.0238265991 13.2946502587 232.5876276733 2
250 0.0471238898 0.013962634 70.9070400207 224.1457873421 3.1611217628 9.1021757126 70.320400449 232.2776288185 2
236 0.1246165086 0.2017600615 48.4511296285 236.8801114611 4.8890523973 36.0066223145 32.4196702591 244.9651545602 2
252 0.1061160185 0.0314159265 38.5442095271 493.7904229154 12.8110143903 25.5411453247 28.8670396589 280.65829935 2
196.3648643227 0.1829105056 0.142418867 54.583080277 843.2625274855 15.4491560976 34.1494140625 42.5808653465 239.944072785 2
281.3232629077 0.2323033234 0.4377285764 157.8841811867 5305.1232060811 33.6013599729 46.3843345642 150.9168917359 398.8955488424 2
152 0.1658062789 0.2275909345 34.2195504039 94.354327958 2.7573222571 31.2792778015 13.8774777297 180.6095533186 3
197 0.1326450232 0.0740019603 33.4606529676 409.6471412714 12.2426523376 26.9928073883 19.7738131904 231.7837876143 3
216.4132572942 0.1178097245 0.0684169067 53.5996000209 280.4454864735 5.2322309563 22.7905349731 48.5129740146 215.3729200694 3
185 0.1497492498 0.0851720675 39.8914092245 361.747980316 9.0683178997 26.8607616425 29.4927795403 210.1787188199 3
391 0.0581194641 0.0111701072 35.7800613436 265.1497896321 7.4105459766 22.1314716339 28.1142444882 400.9948178256 3
124.1287282354 0.1319468915 0.1089085453 20.5926329443 78.3427938378 3.8044087927 18.4623985291 9.1212056109 134.8926969829 3
649.3693973479 0.1075122819 0.0188495559 207.1116914337 3344.432677502 16.1479666085 50.5474700928 200.848714465 623.9088141112 4
650 0.0410152374 0.1452113938 216.8113304443 427.5340678903 1.9719175516 33.7651634216 214.1659795454 528.6992332511 4
1270.6667173341 0.0788888822 0.0656243799 555.3523181509 3612.9683325109 6.5057229698 68.7816696167 551.0764734023 895.1874406109 4
1535.8507395877 0.0884881931 0.0041887902 637.3496743714 10814.0501683075 16.9672169033 96.6103973389 632.1651151578 1197.7621500369 4
2100 0.1216494489 0.3776892501 450.5516668163 35671.6062867034 79.1731757176 436.0996398926 113.1985701121 2461.4504966686 5
1700 0.0439822972 0.1051268014 120.6530096363 12331.1030943741 102.2030294275 120.2973175049 -9.2576964639 2212.1781964657 5
2800 0.0830776724 0.184306769 583.2592574834 31388.6528822211 53.8159531623 298.5829772949 501.0384943822 2896.5824833035 5
2000 0.0671951762 0.1242674427 330.2716456314 15381.0976865603 46.571051103 169.1979827881 283.639564377 2063.0732120677 5
