1018561 2 1 2 1 2 1 3 1 1 2
1033078 2 1 1 1 2 1 1 1 5 2
1035283 1 1 1 1 1 1 3 1 1 2
1044572 8 7 5 10 7 9 5 5 4 4
1054593 10 5 5 3 6 7 7 10 1 4
1067444 2 1 1 1 2 1 2 1 1 2
1075123 3 1 2 1 2 1 2 1 1 2
1079304 2 1 1 1 2 1 2 1 1 2
1080185 10 10 10 8 6 1 8 9 1 4
1084584 5 4 4 9 2 10 5 6 1 4
1105524 1 1 1 1 2 1 2 1 1 2
1106095 4 1 1 3 2 1 3 1 1 2
1110102 10 3 6 2 3 5 4 10 2 4
1110503 5 5 5 8 10 8 7 3 7 4
1111249 10 6 6 3 4 5 3 6 1 4
1112209 8 10 10 1 3 6 3 9 1 4
1120559 8 3 8 3 4 9 8 9 8 4
1121732 1 1 1 1 2 1 3 2 1 2
1121919 5 1 3 1 2 1 2 1 1 2
1125035 9 4 5 10 6 10 4 8 1 4
1147748 5 10 6 1 10 4 4 10 10 4
1148278 3 3 6 4 5 8 4 4 1 4
1148873 3 6 6 6 5 10 6 8 3 4
1155546 2 1 1 2 3 1 2 1 1 2
1156272 1 1 1 1 2 1 3 1 1 2
1157734 4 1 1 1 2 1 3 1 1 2
1165926 9 6 9 2 10 6 2 9 10 4
1166630 7 5 6 10 5 10 7 9 4 4
1167439 2 3 4 4 2 5 2 5 1 4
1168359 8 2 3 1 6 3 7 1 1 4
1170420 1 6 8 10 8 10 5 7 1 4
1171845 8 6 4 3 5 9 3 1 1 4
1173347 8 3 3 1 2 2 3 2 1 2
1173514 1 1 1 1 4 3 1 1 1 2
1174057 1 1 2 2 2 1 3 1 1 2
1177027 3 1 1 1 2 1 3 1 1 2
1180523 3 1 1 1 2 1 2 2 1 2
1182410 3 1 1 1 2 1 1 1 1 2
1183240 4 1 2 1 2 1 2 1 1 2
1183911 2 1 1 1 2 1 1 1 1 2
1183983 9 5 5 4 4 5 4 3 3 4
1184241 2 1 1 1 2 1 2 1 1 2
1187805 8 8 7 4 10 10 7 8 7 4
1190394 4 1 1 1 2 3 1 1 1 2
1190485 1 1 1 1 2 1 1 1 1 2
1197080 4 1 1 1 2 1 3 2 1 2
1197270 3 1 1 1 2 1 3 1 1 2
1197440 1 1 1 2 1 3 1 1 7 2
1197510 5 1 1 1 2 ? 3 1 1 2
1197993 5 6 7 8 8 10 3 10 3 4
1198641 3 1 1 1 2 1 3 1 1 2
1199219 1 1 1 2 1 1 1 1 1 2
1199731 3 1 1 1 2 1 1 1 1 2
1201834 2 1 1 1 2 1 3 1 1 2
1206841 10 5 6 10 6 10 7 7 10 4
1207986 5 8 4 10 5 8 9 10 1 4
1208301 1 2 3 1 2 1 3 1 1 2
1212232 5 1 1 1 2 1 2 1 1 2
1212422 4 1 1 1 2 1 3 1 1 2
1213383 5 1 1 4 2 1 3 1 1 2
1214556 3 1 1 1 2 1 2 1 1 2
1217051 5 1 1 1 2 1 3 1 1 2
1217264 1 1 1 1 2 1 3 1 1 2
1218860 1 1 1 1 1 1 3 1 1 2
1231706 8 4 6 3 3 1 4 3 1 2
1243256 10 4 3 2 3 10 5 3 2 4
1270479 5 1 3 3 2 2 2 3 1 2
1276091 3 1 1 3 1 1 3 1 1 2
1277018 2 1 1 1 2 1 3 1 1 2
191250 10 4 4 10 2 10 5 3 3 4
1182404 3 1 1 1 2 1 2 1 1 2
242970 5 7 7 1 5 8 3 4 1 2
303213 10 4 4 10 6 10 5 5 1 4
385103 1 1 1 1 2 1 3 1 1 2
428903 7 2 4 1 3 4 3 3 1 4
432809 3 1 3 1 2 ? 2 1 1 2
434518 3 1 1 1 2 1 2 1 1 2
452264 1 1 1 1 2 1 2 1 1 2
456282 1 1 1 1 2 1 3 1 1 2
508234 7 4 5 10 2 10 3 8 2 4
561477 1 1 1 1 2 1 3 1 1 2
563649 8 8 8 1 2 ? 6 10 1 4
667204 7 8 7 6 4 3 8 8 4 4
684955 2 1 1 1 3 1 2 1 1 2
733639 3 1 1 1 2 ? 3 1 1 2
743348 3 2 2 1 2 1 2 3 1 2
760001 8 10 3 2 6 4 3 10 1 4
760239 10 4 6 4 5 10 7 1 1 4
76389 10 4 7 2 2 8 6 1 1 4
764974 5 1 1 1 2 1 3 1 2 2
785208 5 4 6 6 4 10 4 3 1 4
798429 1 1 1 1 2 1 3 1 1 2
814265 2 1 1 1 2 1 1 1 1 2
830690 5 2 2 2 3 1 1 3 1 2
837082 2 1 1 1 2 1 3 1 1 2
850831 2 7 10 10 7 10 4 9 4 4
877943 3 10 3 10 6 10 5 1 4 4
428598 1 1 3 1 1 1 2 1 1 2
640712 1 1 1 1 2 1 2 1 1 2
654244 1 1 1 1 1 1 2 1 1 2
1071084 3 3 2 2 3 1 1 2 3 2
1131411 1 1 1 2 2 1 2 1 1 2
1158405 1 2 3 1 2 1 2 1 1 2
1196475 3 2 1 1 2 1 2 2 1 2
1211265 3 10 8 7 6 9 9 3 8 4
1229929 1 1 1 1 2 1 2 1 1 2
1238948 8 5 6 2 3 10 6 6 1 4
1239347 8 7 8 5 10 10 7 2 1 4
1239967 1 1 1 1 2 1 2 1 1 2
1240337 5 2 2 2 2 2 3 2 2 2
1257648 4 3 3 1 2 1 3 3 1 2
1257815 5 1 3 1 2 1 2 1 1 2
1276091 1 3 1 1 2 1 2 2 1 2
1293439 3 2 2 3 2 1 1 1 1 2
1293439 6 9 7 5 5 8 4 2 1 2
1295186 10 10 10 1 6 1 2 8 1 4
780555 5 1 1 6 3 1 2 1 1 2
827627 2 1 1 1 2 1 1 1 1 2
1049837 1 1 1 1 2 1 1 1 1 2
1058849 5 1 1 1 2 1 1 1 1 2
1182404 1 1 1 1 1 1 1 1 1 2
1193544 5 7 9 8 6 10 8 10 1 4
1227081 3 1 1 3 2 1 1 1 1 2
1246562 10 2 2 1 2 6 1 1 2 4
1276091 6 1 1 3 2 1 1 1 1 2
1280258 4 1 1 1 2 1 1 2 1 2
1296572 10 9 8 7 6 4 7 10 3 4
1299596 6 6 6 5 4 10 7 6 2 4
1257608 6 1 1 1 1 1 1 1 1 2
1277145 5 1 1 1 2 1 1 1 1 2
1296025 4 1 2 1 2 1 1 1 1 2
1296593 5 2 1 1 2 1 1 1 1 2
1302428 5 3 2 4 2 1 1 1 1 2
787451 5 1 2 1 2 1 1 1 1 2
1002025 1 1 1 3 1 3 1 1 1 2
1073960 10 10 10 10 6 10 8 1 5 4
1076352 3 6 4 10 3 3 3 4 1 4
1133991 4 1 1 1 1 1 2 1 1 2
1182404 4 2 1 1 2 1 1 1 1 2
1204558 4 1 1 1 2 1 2 1 1 2
1253917 4 1 1 2 2 1 2 1 1 2
1268766 1 1 1 1 2 1 1 1 1 2
1277268 3 3 1 1 2 1 1 1 1 2
1295508 1 1 1 1 2 4 1 1 1 2
1299924 5 1 1 1 2 1 2 1 1 2
1313325 4 10 4 7 3 10 9 10 1 4
749653 3 1 1 1 2 1 2 1 1 2
798429 4 1 1 1 2 1 3 1 1 2
8233704 4 1 1 1 1 1 2 1 1 2
867392 4 2 2 1 2 1 2 1 1 2
1056171 2 1 1 1 2 1 2 1 1 2
1113061 5 1 1 1 2 1 3 1 1 2
1145420 6 1 1 1 2 1 2 1 1 2
1158157 5 1 1 1 2 2 2 1 1 2
1184586 4 1 1 1 2 1 2 1 1 2
1240603 2 1 1 1 1 1 1 1 1 2
1240603 3 1 1 1 1 1 1 1 1 2
1289391 1 1 1 1 2 1 3 1 1 2
1333104 3 1 2 1 2 1 3 1 1 2
1343068 8 4 4 1 6 10 2 5 2 4
324382 1 1 1 1 2 1 2 1 1 2
690557 5 1 1 1 2 1 2 1 1 2
695091 1 1 1 1 2 1 2 1 1 2
824249 1 1 1 1 2 1 3 1 1 2
1107684 6 10 5 5 4 10 6 10 1 4
1217717 5 1 1 6 3 1 1 1 1 2
1239420 1 1 1 1 2 1 1 1 1 2
1261751 5 1 1 1 2 1 2 2 1 2
1268275 9 8 8 9 6 3 4 1 1 4
1295529 2 5 7 6 4 10 7 6 1 4
1298484 10 3 4 5 3 10 4 1 1 4
1311875 5 1 2 1 2 1 1 1 1 2
1325309 4 1 2 1 2 1 2 1 1 2
1333063 5 1 3 1 2 1 3 1 1 2
1334659 5 2 4 1 1 1 1 1 1 2
1352663 5 4 6 8 4 1 8 10 1 4
188336 5 3 2 8 5 10 8 1 2 4
636375 5 1 1 1 2 1 1 1 1 2
736150 10 4 3 10 3 10 7 1 2 4
803531 5 10 10 10 5 2 8 5 1 4
1042252 3 1 1 1 2 1 2 1 1 2
1149548 1 1 1 1 2 1 1 1 1 2
1174009 5 1 1 2 1 1 2 1 1 2
1183596 3 1 3 1 3 4 1 1 1 2
1235807 5 1 1 1 2 1 2 1 1 2
1275807 4 2 4 3 2 2 2 1 1 2
1311033 1 2 2 1 2 1 1 1 1 2
1311108 1 1 1 3 2 1 1 1 1 2
1318671 3 1 1 1 2 1 2 1 1 2
1319609 3 1 1 2 3 4 1 1 1 2
1333877 5 4 5 1 8 1 3 6 1 2
1334015 7 8 8 7 3 10 7 2 3 4
1352848 3 10 7 8 5 8 7 4 1 4
1371026 5 10 10 10 4 10 5 6 3 4
534555 1 1 1 1 2 1 1 1 1 2
536708 1 1 1 1 2 1 1 1 1 2
714039 3 1 1 1 2 1 1 1 1 2
841769 2 1 1 1 2 1 1 1 1 2
