380 0.2408554368 0.2862339973 137.6401108553 5402.1711804018 39.2485238993 88.7584457397 105.1985680477 493.7018135024 0
389.8729777095 0.1500983157 0.0977384381 118.6258142706 2475.557077623 20.8686203154 49.7571487427 107.6861641614 429.3857878604 0
290.4551411532 0.1441641962 0.0530580093 74.6350666441 1189.5452129019 15.9381543608 35.7033309937 65.5413244609 330.2672928957 0
485.6688054544 0.2302089283 0.1340412866 253.8936986073 8135.968359074 32.0447825358 64.8554458618 245.4705306437 541.363975057 0
300 0.1900663555 0.1668534765 97.1081295111 3039.5613030204 31.3007913789 51.3539733887 82.4181920286 387.0782275399 0
196.856714179 0.0200712864 0.0907571211 28.5931261347 82.0588885292 2.8698816682 7.9687833786 27.6615159531 200.7493364347 1
259.8851450408 0.0706858347 0.006981317 58.243807276 465.0872650386 7.9851796575 17.5068378448 56.3402407903 267.5174460284 1
250 0.0680678408 -0.0153588974 57.1724311623 652.9013493691 11.4198633169 17.7769813538 55.79126957 278.3086151587 1
144 0.1206022513 0.0460766923 19.6476695229 70.4262388067 3.5844576236 18.1310138702 7.569493117 160.3737702928 1
178 0.1708677338 0.2129301687 41.5421667585 489.4405204763 11.7817764134 35.747795105 21.1623933118 215.9059341715 2
250 0.0471238898 0.013962634 70.9070400207 224.1457873421 3.1611217628 9.1021757126 70.320400449 232.2776288185 2
339.5085476096 0.0453785606 0.0300196631 88.6298094262 331.0803904377 3.7355421678 19.8255805969 87.6211804354 307.7931936632 2
236 0.1246165086 0.2017600615 48.4511296285 236.8801114611 4.8890523973 36.0066223145 32.4196702591 244.9651545602 2
196.3648643227 0.1829105056 0.142418867 54.583080277 843.2625274855 15.4491560976 34.1494140625 42.5808653465 239.944072785 2
327 0.1410226036 0.0844739358 76.2128681277 1664.6740761276 21.8424278868 43.2216911316 62.7717028567 379.261838625 2
470.5164201366 0.1274090354 0.0663225116 150.2240222783 2657.9103674885 17.6929783079 47.5606307983 142.4964679752 491.4724884651 3
152 0.1658062789 0.2275909345 34.2195504039 94.354327958 2.7573222571 31.2792778015 13.8774777297 180.6095533186 3
250 0.0870919297 0.0928515162 29.6375102856 180.7612437575 6.0990697942 26.1420974731 13.9632632319 280.1229064263 3
185 0.1497492498 0.0851720675 39.8914092245 361.747980316 9.0683178997 26.8607616425 29.4927795403 210.1787188199 3
391 0.0581194641 0.0111701072 35.7800613436 265.1497896321 7.4105459766 22.1314716339 28.1142444882 400.9948178256 3
176 0.0898844565 0.0767944871 20.5885241068 79.7054245831 3.8713520294 18.2264919281 9.5750878548 191.9928785117 3
124.1287282354 0.1319468915 0.1089085453 20.5926329443 78.3427938378 3.8044087927 18.4623985291 9.1212056109 134.8926969829 3
1500 0.0565486678 0.0502654825 375.0966032873 4759.4545463877 12.6886100932 78.4459762573 366.8019778992 1336.1585337698 4
650 0.0410152374 0.1452113938 216.8113304443 427.5340678903 1.9719175516 33.7651634216 214.1659795454 528.6992332511 4
691.9720314285 0.0260054059 0.0865683309 190.6766918987 304.2707181313 1.5957415408 23.9757175446 189.1633309024 594.3156255552 4
1461.7503424331 0.0408407045 0.0495673508 391.8460234008 5574.0028199661 14.2249824857 57.2314796448 387.6439908583 1428.8399755134 4
2100 0.0619591884 -0.0453785606 390.4825067441 16640.7236193443 42.6157979729 125.9004135132 380.644703446 2073.0286853636 5
1850 0.0733038286 0.2254965394 325.1915422642 8644.9842366383 26.5842837623 208.7399749756 249.3534862595 1908.177238665 5
2329.8401379049 0.0661479787 0.3532546406 377.2533677978 25369.0399246382 67.2466890693 336.0751647949 171.3872267703 2686.4353462708 5
2400 0.0841248699 0.2206096175 596.0419555114 37939.2555708483 63.6519882871 261.3481750488 535.6894085687 2447.7723534764 5
2000 0.1069886831 0.1054178868 520.2226492052 40087.9209837665 77.0591611976 204.09034729 478.5172231615 2088.6488701693 5
2600 0.2005383311 0.2080432468 1063.4414274728 174480.476217939 164.0715433031 418.687286377 977.5523672434 2664.5836230562 5
2300 0.0450294947 0.1368338134 185.4460437168 5086.2924971704 27.4273443382 178.6917419434 49.593290224 2480.592151132 5
