1000025 5 1 1 1 2 1 3 1 1 2
1018561 2 1 2 1 2 1 3 1 1 2
1033078 2 1 1 1 2 1 1 1 5 2
1033078 4 2 1 1 2 1 2 1 1 2
1044572 8 7 5 10 7 9 5 5 4 4
1047630 7 4 6 4 6 1 4 3 1 4
1050718 6 1 1 1 2 1 3 1 1 2
1057013 8 4 5 1 2 ? 7 3 1 4
1066979 5 1 1 1 2 1 2 1 1 2
1071760 2 1 1 1 2 1 3 1 1 2
1075123 3 1 2 1 2 1 2 1 1 2
1091262 2 5 3 3 6 7 7 5 1 4
1099510 10 4 3 1 3 3 6 5 2 4
1106095 4 1 1 3 2 1 3 1 1 2
1106829 7 8 7 2 4 8 3 8 2 4
1108449 5 3 3 4 2 4 3 4 1 4
1110102 10 3 6 2 3 5 4 10 2 4
1110503 5 5 5 8 10 8 7 3 7 4
1113038 8 2 4 1 5 1 5 4 4 4
1115282 5 3 5 5 3 3 4 10 1 4
1117152 4 1 1 1 2 1 3 1 1 2
1121732 1 1 1 1 2 1 3 2 1 2
1133136 3 1 1 1 2 3 3 1 1 2
1147699 3 5 7 8 8 9 7 10 7 4
1155546 2 1 1 2 3 1 2 1 1 2
1158247 1 1 1 1 2 1 2 1 1 2
1164066 1 1 1 1 2 1 3 1 1 2
1165790 5 1 1 1 2 1 3 1 1 2
1166630 7 5 6 10 5 10 7 9 4 4
1166654 10 3 5 1 10 5 3 10 2 4
1169049 7 3 4 4 3 3 3 2 7 4
1171795 1 3 1 2 2 2 5 3 2 2
1173235 3 3 2 1 2 3 3 1 1 2
1173509 4 5 5 10 4 10 7 5 8 4
1173681 3 2 1 1 2 2 3 1 1 2
1175937 5 4 6 7 9 7 8 10 1 4
1177399 8 3 5 4 5 10 1 6 2 4
1182404 4 1 1 1 2 1 2 1 1 2
1184184 1 1 1 1 2 5 1 1 1 2
1184241 2 1 1 1 2 1 2 1 1 2
1187457 3 1 1 3 8 1 5 8 1 2
1187805 8 8 7 4 10 10 7 8 7 4
1188472 1 1 1 1 1 1 3 1 1 2
1192325 5 5 5 6 3 10 3 1 1 4
1197080 4 1 1 1 2 1 3 2 1 2
1198128 10 8 10 10 6 1 3 1 10 4
1199983 1 1 1 1 2 1 3 1 1 2
1200847 6 10 10 10 8 10 10 10 7 4
1201834 2 1 1 1 2 1 3 1 1 2
1211202 7 5 10 10 10 10 4 10 3 4
1212422 3 1 1 1 2 1 3 1 1 2
1212422 4 1 1 1 2 1 3 1 1 2
1213375 8 4 4 5 4 7 7 8 2 2
1214092 1 1 1 1 2 1 1 1 1 2
1214556 3 1 1 1 2 1 2 1 1 2
1214966 9 7 7 5 5 10 7 8 3 4
1216947 1 1 1 1 2 1 3 1 1 2
1217051 5 1 1 1 2 1 3 1 1 2
1217264 1 1 1 1 2 1 3 1 1 2
1218105 5 10 10 9 6 10 7 10 5 4
1218860 1 1 1 1 1 1 3 1 1 2
1218860 1 1 1 1 1 1 3 1 1 2
1219525 8 10 10 10 5 10 8 10 6 4
1222047 10 10 10 10 3 10 10 6 1 4
1223426 1 1 1 1 2 1 3 1 1 2
1227210 10 5 5 6 3 10 7 9 2 4
1227481 10 5 7 4 4 10 8 9 1 4
1228311 1 1 1 1 1 1 3 1 1 2
1230688 7 4 7 4 3 7 7 6 1 4
1232225 10 4 5 5 5 10 4 1 1 4
1242364 8 10 10 8 6 9 3 10 10 4
1243256 10 4 3 2 3 10 5 3 2 4
1270479 5 1 3 3 2 2 2 3 1 2
144888 8 10 10 8 5 10 7 8 1 4
167528 4 1 1 1 2 1 3 6 1 2
1017023 6 3 3 5 3 10 3 5 3 2
1100524 6 10 10 2 8 10 7 3 3 4
1116116 9 10 10 1 10 8 3 3 1 4
1198641 3 1 1 1 2 1 3 1 1 2
242970 5 7 7 1 5 8 3 4 1 2
303213 10 4 4 10 6 10 5 5 1 4
324427 10 8 8 2 3 4 8 7 8 4
385103 1 1 1 1 2 1 3 1 1 2
431495 3 1 1 1 2 1 3 2 1 2
456282 1 1 1 1 2 1 3 1 1 2
488173 1 4 3 10 4 10 5 6 1 4
508234 7 4 5 10 2 10 3 8 2 4
535331 3 1 1 1 3 1 2 1 1 2
561477 1 1 1 1 2 1 3 1 1 2
563649 8 8 8 1 2 ? 6 10 1 4
601265 10 4 4 6 2 10 2 3 1 4
606722 5 5 7 8 6 10 7 4 1 4
625201 8 2 1 1 5 1 1 1 1 2
636130 1 1 1 1 2 1 3 1 1 2
646904 1 1 1 1 2 1 3 1 1 2
659642 10 8 4 4 4 10 3 10 4 4
666090 1 1 1 1 2 1 3 1 1 2
667204 7 8 7 6 4 3 8 8 4 4
688033 1 1 1 1 2 1 1 1 1 2
709287 6 8 7 8 6 8 8 9 1 4
721482 4 4 4 4 6 5 7 3 1 2
733639 3 1 1 1 2 ? 3 1 1 2
743348 3 2 2 1 2 1 2 3 1 2
785208 5 4 6 6 4 10 4 3 1 4
792744 1 1 1 1 2 1 1 1 1 2
798429 1 1 1 1 2 1 3 1 1 2
809912 10 3 3 1 2 10 7 6 1 4
814911 1 1 1 1 2 1 1 1 1 2
822829 7 6 4 8 10 10 9 5 3 4
832567 4 2 3 5 3 8 7 6 1 4
855524 1 1 1 1 2 1 2 1 1 2
888169 3 2 2 1 4 3 2 1 1 2
888523 4 4 4 2 2 3 2 1 1 2
428598 1 1 3 1 1 1 2 1 1 2
493452 4 1 2 1 2 1 2 1 1 2
560680 3 1 2 1 2 1 2 1 1 2
657753 3 1 1 4 3 1 2 2 1 2
1022257 2 1 1 1 2 1 1 1 1 2
1026122 2 1 1 1 2 1 1 1 1 2
1080233 7 6 6 3 2 10 7 1 1 4
1116715 5 1 1 1 3 2 2 2 1 2
1131411 1 1 1 2 2 1 2 1 1 2
1151734 10 8 7 4 3 10 7 9 1 4
1156017 3 1 1 1 2 1 2 1 1 2
1213784 3 1 1 1 2 1 1 1 1 2
1229929 1 1 1 1 2 1 2 1 1 2
1238021 1 1 1 1 2 1 2 1 1 2
1239232 3 3 2 6 3 3 3 5 1 2
1240337 5 2 2 2 2 2 3 2 2 2
1257815 5 1 3 1 2 1 2 1 1 2
1257938 3 1 1 1 2 1 1 1 1 2
1258549 9 10 10 10 10 10 10 10 1 4
1258556 5 3 6 1 2 1 1 1 1 2
1276091 2 1 1 1 2 1 2 1 1 2
1276091 1 3 1 1 2 1 2 2 1 2
1276091 5 1 1 3 4 1 3 2 1 2
1295186 10 10 10 1 6 1 2 8 1 4
608157 10 4 3 10 4 10 10 1 1 4
734111 1 1 1 1 2 2 1 1 1 2
780555 5 1 1 6 3 1 2 1 1 2
827627 2 1 1 1 2 1 1 1 1 2
1182404 1 1 1 1 1 1 1 1 1 2
1202253 5 1 1 1 2 1 1 1 1 2
1230994 4 5 5 8 6 10 10 7 1 4
1257470 10 6 5 8 5 10 8 6 1 4
1259008 8 8 9 6 6 3 10 10 1 4
1280258 4 1 1 1 2 1 1 2 1 2
1296572 10 9 8 7 6 4 7 10 3 4
1298416 10 6 6 2 4 10 9 7 1 4
1299596 6 6 6 5 4 10 7 6 2 4
1105524 4 1 1 1 2 1 1 1 1 2
1211594 3 1 1 1 1 1 2 1 1 2
1257608 6 1 1 1 1 1 1 1 1 2
1301945 5 1 1 1 1 1 1 1 1 2
1302428 5 3 2 4 2 1 1 1 1 2
787451 5 1 2 1 2 1 1 1 1 2
1076352 3 6 4 10 3 3 3 4 1 4
1133991 4 1 1 1 1 1 2 1 1 2
1170945 3 1 1 1 1 1 2 1 1 2
1268766 1 1 1 1 2 1 1 1 1 2
1295508 1 1 1 1 2 4 1 1 1 2
749653 3 1 1 1 2 1 2 1 1 2
769612 3 1 1 2 2 1 1 1 1 2
798429 4 1 1 1 2 1 3 1 1 2
807657 6 1 3 2 2 1 1 1 1 2
1116192 5 1 2 1 2 1 3 1 1 2
1145420 6 1 1 1 2 1 2 1 1 2
1158157 5 1 1 1 2 2 2 1 1 2
1184586 4 1 1 1 2 1 2 1 1 2
1289391 1 1 1 1 2 1 3 1 1 2
1306339 4 4 2 1 2 5 2 1 2 2
1321348 2 1 1 1 2 1 2 1 1 2
1343068 8 4 4 1 6 10 2 5 2 4
183936 3 1 1 1 2 1 2 1 1 2
878358 5 7 10 6 5 10 7 5 1 4
1239420 1 1 1 1 2 1 1 1 1 2
1268275 9 8 8 9 6 3 4 1 1 4
1294261 4 10 8 5 4 1 10 1 1 4
1298484 10 3 4 5 3 10 4 1 1 4
1311875 5 1 2 1 2 1 1 1 1 2
1333063 5 1 3 1 2 1 3 1 1 2
1336798 3 1 1 1 2 1 2 1 1 2
1352663 5 4 6 8 4 1 8 10 1 4
188336 5 3 2 8 5 10 8 1 2 4
557583 5 10 10 10 10 10 10 1 1 4
1041043 4 1 3 1 2 1 2 1 1 2
1083817 3 1 1 1 2 1 2 1 1 2
1149548 1 1 1 1 2 1 1 1 1 2
1174009 5 1 1 2 1 1 2 1 1 2
1190386 4 6 6 5 7 6 7 7 3 4
1257366 3 1 1 1 2 1 1 1 1 2
1260659 3 1 4 1 2 1 1 1 1 2
1277792 4 1 1 1 2 1 1 1 1 2
1277792 5 1 1 3 2 1 1 1 1 2
1288608 3 1 1 1 2 1 2 1 1 2
1299596 2 1 1 1 2 1 1 1 1 2
1311033 1 2 2 1 2 1 1 1 1 2
1324681 4 1 1 1 2 1 2 1 1 2
1325159 3 1 1 1 2 1 3 1 1 2
1326892 3 1 1 1 2 1 2 1 1 2
1330361 5 1 1 1 2 1 2 1 1 2
1339781 1 1 1 1 2 1 2 1 1 2
13454352 1 1 3 1 2 1 2 1 1 2
1345452 1 1 3 1 2 1 2 1 1 2
1347749 1 1 1 1 2 1 1 1 1 2
1350423 5 10 10 8 5 5 7 10 1 4
1354840 2 1 1 1 2 1 3 1 1 2
1368882 2 1 1 1 2 1 1 1 1 2
466906 1 1 1 1 2 1 1 1 1 2
534555 1 1 1 1 2 1 1 1 1 2
566346 3 1 1 1 2 1 2 3 1 2
603148 4 1 1 1 2 1 1 1 1 2
695091 5 10 10 5 4 5 4 4 1 4
776715 3 1 1 1 3 2 1 1 1 2
