1002945 5 4 4 5 7 10 3 2 1 2
1017122 8 10 10 8 7 10 9 7 1 4
1018099 1 1 1 1 2 10 3 1 1 2
1018561 2 1 2 1 2 1 3 1 1 2
1033078 4 2 1 1 2 1 2 1 1 2
1041801 5 3 3 3 2 3 4 4 1 4
1043999 1 1 1 1 2 3 3 1 1 2
1049815 4 1 1 1 2 1 3 1 1 2
1050670 10 7 7 6 4 10 4 1 2 4
1050718 6 1 1 1 2 1 3 1 1 2
1054593 10 5 5 3 6 7 7 10 1 4
1057013 8 4 5 1 2 ? 7 3 1 4
1066373 3 2 1 1 1 1 2 1 1 2
1074610 2 1 1 2 2 1 3 1 1 2
1075123 3 1 2 1 2 1 2 1 1 2
1079304 2 1 1 1 2 1 2 1 1 2
1080185 10 10 10 8 6 1 8 9 1 4
1081791 6 2 1 1 1 1 7 1 1 2
1091262 2 5 3 3 6 7 7 5 1 4
1102573 5 6 5 6 10 1 3 1 1 4
1113483 5 2 3 1 6 10 5 1 1 4
1115293 1 1 1 1 2 2 2 1 1 2
1118039 5 3 4 1 8 10 4 9 1 4
1121732 1 1 1 1 2 1 3 2 1 2
1124651 1 3 3 2 2 1 7 2 1 2
1131294 1 1 2 1 2 2 4 2 1 2
1132347 1 1 4 1 2 1 2 1 1 2
1136142 2 1 1 1 3 1 2 1 1 2
1143978 5 2 1 1 2 1 3 1 1 2
1147044 3 1 1 1 2 2 7 1 1 2
1148278 3 3 6 4 5 8 4 4 1 4
1164066 1 1 1 1 2 1 3 1 1 2
1165790 5 1 1 1 2 1 3 1 1 2
1166630 7 5 6 10 5 10 7 9 4 4
1168359 8 2 3 1 6 3 7 1 1 4
1171710 6 5 4 4 3 9 7 8 3 4
1172152 10 3 3 10 2 10 7 3 3 4
1173514 1 1 1 1 4 3 1 1 1 2
1173681 3 2 1 1 2 2 3 1 1 2
1174057 1 1 2 2 2 1 3 1 1 2
1175937 5 4 6 7 9 7 8 10 1 4
1177027 3 1 1 1 2 1 3 1 1 2
1184840 1 1 3 1 2 ? 2 1 1 2
1185609 3 4 5 2 6 8 4 1 1 4
1189266 7 2 4 1 6 10 5 4 3 4
1190394 4 1 1 1 2 3 1 1 1 2
1190485 1 1 1 1 2 1 1 1 1 2
1192325 5 5 5 6 3 10 3 1 1 4
1197440 1 1 1 2 1 3 1 1 7 2
1197993 5 6 7 8 8 10 3 10 3 4
1198128 10 8 10 10 6 1 3 1 10 4
1198641 3 1 1 1 2 1 3 1 1 2
1199983 1 1 1 1 2 1 3 1 1 2
1200892 8 6 5 4 3 10 6 1 1 4
1200952 5 8 7 7 10 10 5 7 1 4
1204898 6 1 1 1 2 1 3 1 1 2
1205579 8 7 6 4 4 10 5 1 1 4
1206089 2 1 1 1 1 1 3 1 1 2
1206695 1 5 8 6 5 8 7 10 1 4
1212422 3 1 1 1 2 1 3 1 1 2
1213375 8 4 4 5 4 7 7 8 2 2
1214092 1 1 1 1 2 1 1 1 1 2
1214966 9 7 7 5 5 10 7 8 3 4
1217051 5 1 1 1 2 1 3 1 1 2
1218105 5 10 10 9 6 10 7 10 5 4
1218860 1 1 1 1 1 1 3 1 1 2
1218860 1 1 1 1 1 1 3 1 1 2
1219406 5 1 1 1 1 1 3 1 1 2
1219525 8 10 10 10 5 10 8 10 6 4
1221863 10 10 10 10 7 10 7 10 4 4
1223426 1 1 1 1 2 1 3 1 1 2
1223793 6 10 7 7 6 4 8 10 2 4
1223967 6 1 3 1 2 1 3 1 1 2
1225799 10 6 4 3 10 10 9 10 1 4
1226012 4 1 1 3 1 5 2 1 1 4
1227210 10 5 5 6 3 10 7 9 2 4
1227481 10 5 7 4 4 10 8 9 1 4
1228152 8 9 9 5 3 5 7 7 1 4
1232225 10 4 5 5 5 10 4 1 1 4
1241679 9 8 8 5 6 2 4 10 4 4
1242364 8 10 10 8 6 9 3 10 10 4
1243256 10 4 3 2 3 10 5 3 2 4
1017023 6 3 3 5 3 10 3 5 3 2
1198641 3 1 1 1 2 1 3 1 1 2
255644 10 5 8 10 3 10 5 1 3 4
390840 8 4 7 1 3 10 3 9 2 4
411453 5 1 1 1 2 1 3 1 1 2
320675 3 3 5 2 3 10 7 1 1 4
488173 1 4 3 10 4 10 5 6 1 4
561477 1 1 1 1 2 1 3 1 1 2
625201 8 2 1 1 5 1 1 1 1 2
63375 9 1 2 6 4 10 7 7 2 4
646904 1 1 1 1 2 1 3 1 1 2
684955 2 1 1 1 3 1 2 1 1 2
693702 1 1 1 1 2 1 1 1 1 2
704097 1 1 1 1 1 1 2 1 1 2
709287 6 8 7 8 6 8 8 9 1 4
721482 4 4 4 4 6 5 7 3 1 2
760239 10 4 6 4 5 10 7 1 1 4
792744 1 1 1 1 2 1 1 1 1 2
810104 1 1 1 1 2 1 3 1 1 2
814265 2 1 1 1 2 1 1 1 1 2
814911 1 1 1 1 2 1 1 1 1 2
822829 7 6 4 8 10 10 9 5 3 4
832226 3 4 4 10 5 1 3 3 1 4
836433 5 1 1 3 2 1 1 1 1 2
846832 3 4 5 3 7 3 4 6 1 2
857774 4 1 1 1 3 1 2 2 1 2
859164 5 3 3 1 3 3 3 3 3 4
859350 8 10 10 7 10 10 7 3 8 4
866325 8 10 5 3 8 4 4 10 3 4
888169 3 2 2 1 4 3 2 1 1 2
95719 6 10 10 10 8 10 7 10 7 4
160296 5 8 8 10 5 10 8 10 3 4
493452 1 1 3 1 2 1 1 1 1 2
640712 1 1 1 1 2 1 2 1 1 2
846423 10 6 3 6 4 10 7 8 4 4
1071084 3 3 2 2 3 1 1 2 3 2
1080233 7 6 6 3 2 10 7 1 1 4
1114570 5 3 3 2 3 1 3 1 1 2
1131411 1 1 1 2 2 1 2 1 1 2
1196475 3 2 1 1 2 1 2 2 1 2
1206314 1 2 3 1 2 1 1 1 1 2
1223003 5 3 3 1 2 1 2 1 1 2
1237674 3 1 2 1 2 1 2 1 1 2
1238633 10 10 10 6 8 4 8 5 1 4
1239967 1 1 1 1 2 1 2 1 1 2
1240337 5 2 2 2 2 2 3 2 2 2
1253505 2 3 1 1 5 1 1 1 1 2
1257200 10 10 10 7 10 10 8 2 1 4
1258556 5 3 6 1 2 1 1 1 1 2
1272039 1 1 1 1 2 1 2 1 1 2
1294562 10 8 10 1 3 10 5 1 1 4
1295186 10 10 10 1 6 1 2 8 1 4
558538 4 1 3 3 2 1 1 1 1 2
734111 1 1 1 1 2 2 1 1 1 2
780555 5 1 1 6 3 1 2 1 1 2
1182404 1 1 1 1 1 1 1 1 1 2
1202253 5 1 1 1 2 1 1 1 1 2
1246562 10 2 2 1 2 6 1 1 2 4
1257470 10 6 5 8 5 10 8 6 1 4
1266124 5 1 2 1 2 1 1 1 1 2
1276091 6 1 1 3 2 1 1 1 1 2
1280258 4 1 1 1 2 1 1 2 1 2
1296572 10 9 8 7 6 4 7 10 3 4
1211594 3 1 1 1 1 1 2 1 1 2
1296263 4 1 1 1 2 1 1 1 1 2
1302428 5 3 2 4 2 1 1 1 1 2
1070522 3 1 1 1 1 1 2 1 1 2
1115293 1 1 1 1 2 1 1 1 1 2
1133991 4 1 1 1 1 1 2 1 1 2
1142706 5 10 10 10 6 10 6 5 2 4
1155967 5 1 2 10 4 5 2 1 1 2
1170945 3 1 1 1 1 1 2 1 1 2
1181567 1 1 1 1 1 1 1 1 1 2
1238186 4 1 1 1 2 1 2 1 1 2
1265899 4 1 1 1 2 1 3 1 1 2
1268766 1 1 1 1 2 1 1 1 1 2
1297522 2 1 1 1 2 1 1 1 1 2
1299924 5 1 1 1 2 1 2 1 1 2
1299994 5 1 1 1 2 1 1 1 1 2
1313325 4 10 4 7 3 10 9 10 1 4
1330439 4 7 8 3 4 10 9 1 1 4
769612 4 1 1 1 2 1 1 1 1 2
798429 4 1 1 1 2 1 3 1 1 2
869828 1 1 1 1 1 1 3 1 1 2
1043068 3 1 1 1 2 1 2 1 1 2
1056171 2 1 1 1 2 1 2 1 1 2
1116192 5 1 2 1 2 1 3 1 1 2
1171578 3 1 1 1 2 1 1 1 1 2
1184586 4 1 1 1 2 1 2 1 1 2
1197527 5 1 1 1 2 1 2 1 1 2
1306339 4 4 2 1 2 5 2 1 2 2
1321264 5 2 2 2 1 1 2 1 1 2
1321931 5 1 1 1 2 1 2 1 1 2
1321942 5 1 1 1 2 1 3 1 1 2
1343068 8 4 4 1 6 10 2 5 2 4
1344121 8 10 4 4 8 10 8 2 1 4
324382 1 1 1 1 2 1 2 1 1 2
695219 1 1 1 1 2 1 2 1 1 2
824249 1 1 1 1 2 1 3 1 1 2
1115762 3 1 1 1 2 1 1 1 1 2
1217717 5 1 1 6 3 1 1 1 1 2
1294261 4 10 8 5 4 1 10 1 1 4
1298484 10 3 4 5 3 10 4 1 1 4
1320141 5 1 1 1 2 1 2 1 1 2
1336798 3 1 1 1 2 1 2 1 1 2
353098 4 1 1 2 2 1 1 1 1 2
822829 8 10 10 10 6 10 10 10 10 4
1149548 1 1 1 1 2 1 1 1 1 2
1183596 3 1 3 1 3 4 1 1 1 2
1190386 4 6 6 5 7 6 7 7 3 4
1190546 2 1 1 1 2 5 1 1 1 2
1218982 4 1 1 1 2 1 1 1 1 2
1260659 3 1 4 1 2 1 1 1 1 2
1290203 3 1 1 1 2 1 2 1 1 2
1303489 3 1 1 1 2 1 2 1 1 2
1311033 1 2 2 1 2 1 1 1 1 2
1315807 5 10 10 10 10 2 10 10 10 4
1319609 3 1 1 2 3 4 1 1 1 2
1324572 5 1 1 1 2 1 2 2 1 2
1330361 5 1 1 1 2 1 2 1 1 2
1334015 7 8 8 7 3 10 7 2 3 4
13454352 1 1 3 1 2 1 2 1 1 2
1348851 3 1 1 1 2 1 3 1 1 2
1354840 5 3 2 1 3 1 1 1 1 2
1355260 1 1 1 1 2 1 2 1 1 2
1365075 4 1 4 1 2 1 1 1 1 2
1368267 5 1 1 1 2 1 1 1 1 2
534555 1 1 1 1 2 1 1 1 1 2
536708 1 1 1 1 2 1 1 1 1 2
695091 5 10 10 5 4 5 4 4 1 4
776715 3 1 1 1 3 2 1 1 1 2
888820 5 10 10 3 7 3 8 10 2 4
