1000025 5 1 1 1 2 1 3 1 1 2
1016277 6 8 8 1 3 4 3 7 1 2
1017122 8 10 10 8 7 10 9 7 1 4
1033078 2 1 1 1 2 1 1 1 5 2
1035283 1 1 1 1 1 1 3 1 1 2
1036172 2 1 1 1 2 1 2 1 1 2
1044572 8 7 5 10 7 9 5 5 4 4
1050718 6 1 1 1 2 1 3 1 1 2
1056784 3 1 1 1 2 1 2 1 1 2
1066979 5 1 1 1 2 1 2 1 1 2
1072179 10 7 7 3 8 5 7 4 3 4
1075123 3 1 2 1 2 1 2 1 1 2
1084584 5 4 4 9 2 10 5 6 1 4
1091262 2 5 3 3 6 7 7 5 1 4
1102573 5 6 5 6 10 1 3 1 1 4
1103608 10 10 10 4 8 1 8 10 1 4
1103722 1 1 1 1 2 1 2 1 2 2
1106095 4 1 1 3 2 1 3 1 1 2
1106829 7 8 7 2 4 8 3 8 2 4
1108370 9 5 8 1 2 3 2 1 5 4
1113038 8 2 4 1 5 1 5 4 4 4
1113483 5 2 3 1 6 10 5 1 1 4
1116998 10 4 2 1 3 2 4 3 10 4
1117152 4 1 1 1 2 1 3 1 1 2
1121732 1 1 1 1 2 1 3 2 1 2
1131294 1 1 2 1 2 2 4 2 1 2
1132347 1 1 4 1 2 1 2 1 1 2
1133136 3 1 1 1 2 3 3 1 1 2
1143978 5 2 1 1 2 1 3 1 1 2
1152331 4 1 1 1 2 1 3 1 1 2
1160476 2 1 1 1 2 1 3 1 1 2
1165297 2 1 1 2 2 1 1 1 1 2
1168359 8 2 3 1 6 3 7 1 1 4
1171845 8 6 4 3 5 9 3 1 1 4
1173216 10 10 10 3 10 8 8 1 1 4
1173347 1 1 1 1 2 5 1 1 1 2
1176406 1 1 1 1 2 1 2 1 1 2
1177027 3 1 1 1 2 1 3 1 1 2
1180194 5 10 8 10 8 10 3 6 3 4
1182404 4 1 1 1 2 1 2 1 1 2
1183246 1 1 1 1 1 ? 2 1 1 2
1188472 1 1 1 1 1 1 3 1 1 2
1190394 4 1 1 1 2 3 1 1 1 2
1192325 5 5 5 6 3 10 3 1 1 4
1193683 1 1 2 1 3 ? 1 1 1 2
1196295 9 9 10 3 6 10 7 10 6 4
1198128 10 8 10 10 6 1 3 1 10 4
1199219 1 1 1 2 1 1 1 1 1 2
1200847 6 10 10 10 8 10 10 10 7 4
1200952 5 8 7 7 10 10 5 7 1 4
1204242 1 1 1 1 2 1 1 1 1 2
1204898 6 1 1 1 2 1 3 1 1 2
1207986 5 8 4 10 5 8 9 10 1 4
1210963 10 10 10 8 6 8 7 10 1 4
1211202 7 5 10 10 10 10 4 10 3 4
1213375 8 4 4 5 4 7 7 8 2 2
1214092 1 1 1 1 2 1 1 1 1 2
1216947 1 1 1 1 2 1 3 1 1 2
1217264 1 1 1 1 2 1 3 1 1 2
1218105 5 10 10 9 6 10 7 10 5 4
1218741 10 10 9 3 7 5 3 5 1 4
1221863 10 10 10 10 7 10 7 10 4 4
1222936 8 7 8 7 5 5 5 10 2 4
1223282 1 1 1 1 2 1 2 1 1 2
1223793 6 10 7 7 6 4 8 10 2 4
1223967 6 1 3 1 2 1 3 1 1 2
1226612 7 5 6 3 3 8 7 4 1 4
1227244 1 1 1 1 2 1 2 1 1 2
1227481 10 5 7 4 4 10 8 9 1 4
1228152 8 9 9 5 3 5 7 7 1 4
1228311 1 1 1 1 1 1 3 1 1 2
1230175 10 10 10 3 10 10 9 10 1 4
1231387 6 8 7 5 6 8 8 9 2 4
1241559 10 8 8 2 8 10 4 8 10 4
1276091 3 1 1 3 1 1 3 1 1 2
167528 4 1 1 1 2 1 3 6 1 2
183913 1 2 2 1 2 1 1 1 1 2
191250 10 4 4 10 2 10 5 3 3 4
1168736 5 6 6 2 4 10 3 6 1 4
1182404 3 1 1 1 2 1 2 1 1 2
263538 5 10 10 6 10 10 10 6 5 4
274137 8 8 9 4 5 10 7 8 1 4
303213 10 4 4 10 6 10 5 5 1 4
314428 7 9 4 10 10 3 5 3 3 4
385103 1 1 1 1 2 1 3 1 1 2
431495 3 1 1 1 2 1 3 2 1 2
456282 1 1 1 1 2 1 3 1 1 2
476903 10 5 7 3 3 7 3 3 8 4
486283 3 1 1 1 2 1 3 1 1 2
486662 2 1 1 2 2 1 3 1 1 2
508234 7 4 5 10 2 10 3 8 2 4
527363 8 10 10 10 8 10 10 7 3 4
535331 3 1 1 1 3 1 2 1 1 2
606722 5 5 7 8 6 10 7 4 1 4
61634 5 4 3 1 2 ? 2 3 1 2
636130 1 1 1 1 2 1 3 1 1 2
653777 8 3 4 9 3 10 3 3 1 4
666942 1 1 1 1 2 1 3 1 1 2
673637 3 1 1 1 2 5 5 1 1 2
688033 1 1 1 1 2 1 1 1 1 2
706426 5 5 5 2 5 10 4 3 1 4
733639 3 1 1 1 2 ? 3 1 1 2
756136 1 1 1 1 2 1 2 1 1 2
785208 5 4 6 6 4 10 4 3 1 4
785615 8 6 7 3 3 10 3 4 2 4
792744 1 1 1 1 2 1 1 1 1 2
797327 6 5 5 8 4 10 3 4 1 4
798429 1 1 1 1 2 1 3 1 1 2
806423 8 5 5 5 2 10 4 3 1 4
830690 5 2 2 2 3 1 1 3 1 2
837082 2 1 1 1 2 1 3 1 1 2
855524 1 1 1 1 2 1 2 1 1 2
873549 10 3 5 4 3 7 3 5 3 4
888523 4 4 4 2 2 3 2 1 1 2
896404 2 1 1 1 2 1 3 1 1 2
493452 1 1 3 1 2 1 1 1 1 2
657753 3 1 1 4 3 1 2 2 1 2
805448 1 1 1 1 2 1 1 1 1 2
1026122 2 1 1 1 2 1 1 1 1 2
1071084 3 3 2 2 3 1 1 2 3 2
1151734 10 8 7 4 3 10 7 9 1 4
1158247 1 1 1 1 1 1 1 1 1 2
1176187 3 1 1 1 2 1 3 1 1 2
1196263 4 1 1 1 2 1 1 1 1 2
1211265 3 10 8 7 6 9 9 3 8 4
1223543 1 2 1 3 2 1 1 2 1 2
1229929 1 1 1 1 2 1 2 1 1 2
1237674 3 1 2 1 2 1 2 1 1 2
1238915 5 1 2 1 2 1 3 1 1 2
1239967 1 1 1 1 2 1 2 1 1 2
1240337 5 2 2 2 2 2 3 2 2 2
1257200 10 10 10 7 10 10 8 2 1 4
1258556 5 3 6 1 2 1 1 1 1 2
527337 4 1 1 1 2 1 1 1 1 2
608157 10 4 3 10 4 10 10 1 1 4
734111 1 1 1 1 2 2 1 1 1 2
1182404 1 1 1 1 1 1 1 1 1 2
1201870 4 1 1 3 1 1 2 1 1 2
1230994 4 5 5 8 6 10 10 7 1 4
1238410 2 3 1 1 3 1 1 1 1 2
1259008 8 8 9 6 6 3 10 10 1 4
1266124 5 1 2 1 2 1 1 1 1 2
1268804 3 1 1 1 2 5 1 1 1 2
1276091 6 1 1 3 2 1 1 1 1 2
1269574 4 1 1 1 2 1 1 1 1 2
1277145 5 1 1 1 2 1 1 1 1 2
1073960 10 10 10 10 6 10 8 1 5 4
1084139 6 3 2 1 3 4 4 1 1 4
1119189 5 8 9 4 3 10 7 1 1 4
1133991 4 1 1 1 1 1 2 1 1 2
1142706 5 10 10 10 6 10 6 5 2 4
1224565 6 1 1 1 2 1 3 1 1 2
1330439 4 7 8 3 4 10 9 1 1 4
333093 1 1 1 1 3 1 1 1 1 2
749653 3 1 1 1 2 1 2 1 1 2
798429 4 1 1 1 2 1 3 1 1 2
867392 4 2 2 1 2 1 2 1 1 2
869828 1 1 1 1 1 1 3 1 1 2
1174841 5 3 1 1 2 1 1 1 1 2
1241035 7 8 3 7 4 5 7 8 2 4
1289391 1 1 1 1 2 1 3 1 1 2
1306339 4 4 2 1 2 5 2 1 2 2
1313658 3 1 1 1 2 1 1 1 1 2
1313982 4 3 1 1 2 1 4 8 1 2
1321264 5 2 2 2 1 1 2 1 1 2
1321348 2 1 1 1 2 1 2 1 1 2
1321931 5 1 1 1 2 1 2 1 1 2
1328331 1 1 1 1 2 1 3 1 1 2
1331405 4 1 1 1 2 1 3 2 1 2
1331412 5 7 10 10 5 10 10 10 1 4
1334071 4 1 1 1 2 3 2 1 1 2
1343068 8 4 4 1 6 10 2 5 2 4
142932 7 6 10 5 3 10 9 10 2 4
324382 1 1 1 1 2 1 2 1 1 2
690557 5 1 1 1 2 1 2 1 1 2
871549 5 1 2 1 2 1 2 1 1 2
878358 5 7 10 6 5 10 7 5 1 4
1107684 6 10 5 5 4 10 6 10 1 4
1115762 3 1 1 1 2 1 1 1 1 2
1254538 8 10 10 10 6 10 10 10 1 4
1261751 5 1 1 1 2 1 2 2 1 2
1298484 10 3 4 5 3 10 4 1 1 4
1333495 3 1 1 1 2 1 2 1 1 2
1336798 3 1 1 1 2 1 2 1 1 2
352431 10 5 10 3 5 8 7 8 3 4
636375 5 1 1 1 2 1 1 1 1 2
1042252 3 1 1 1 2 1 2 1 1 2
1149548 1 1 1 1 2 1 1 1 1 2
1213273 2 1 1 1 2 1 1 1 1 2
1238777 1 1 1 1 2 1 1 1 1 2
1253955 8 7 4 4 5 3 5 10 1 4
1285722 4 1 1 3 2 1 1 1 1 2
1290203 3 1 1 1 2 1 2 1 1 2
1311033 1 2 2 1 2 1 1 1 1 2
1318671 3 1 1 1 2 1 2 1 1 2
1326892 3 1 1 1 2 1 2 1 1 2
1334015 7 8 8 7 3 10 7 2 3 4
1334667 1 1 1 1 2 1 1 1 1 2
1345452 1 1 3 1 2 1 2 1 1 2
1347943 5 2 2 2 2 1 1 1 2 2
1348851 3 1 1 1 2 1 3 1 1 2
1354840 2 1 1 1 2 1 3 1 1 2
1355260 1 1 1 1 2 1 2 1 1 2
1368882 2 1 1 1 2 1 1 1 1 2
1369821 10 10 10 10 5 10 10 10 7 4
466906 1 1 1 1 2 1 1 1 1 2
534555 1 1 1 1 2 1 1 1 1 2
566346 3 1 1 1 2 1 2 3 1 2
888820 5 10 10 3 7 3 8 10 2 4
