1015425 3 1 1 1 2 2 3 1 1 2
1018561 2 1 2 1 2 1 3 1 1 2
1043999 1 1 1 1 2 3 3 1 1 2
1049815 4 1 1 1 2 1 3 1 1 2
1050718 6 1 1 1 2 1 3 1 1 2
1067444 2 1 1 1 2 1 2 1 1 2
1070935 3 1 1 1 1 1 2 1 1 2
1080185 10 10 10 8 6 1 8 9 1 4
1103608 10 10 10 4 8 1 8 10 1 4
1105257 3 7 7 4 4 9 4 8 1 4
1105524 1 1 1 1 2 1 2 1 1 2
1110503 5 5 5 8 10 8 7 3 7 4
1113038 8 2 4 1 5 1 5 4 4 4
1116116 9 10 10 1 10 8 3 3 1 4
1120559 8 3 8 3 4 9 8 9 8 4
1121919 5 1 3 1 2 1 2 1 1 2
1131294 1 1 2 1 2 2 4 2 1 2
1133041 5 3 1 2 2 1 2 1 1 2
1147044 3 1 1 1 2 2 7 1 1 2
1148873 3 6 6 6 5 10 6 8 3 4
1156948 3 1 1 2 2 1 1 1 1 2
1160476 2 1 1 1 2 1 3 1 1 2
1165926 9 6 9 2 10 6 2 9 10 4
1170419 10 10 10 8 2 10 4 1 1 4
1171845 8 6 4 3 5 9 3 1 1 4
1173509 4 5 5 10 4 10 7 5 8 4
1174428 5 3 5 1 8 10 5 3 1 4
1177512 1 1 1 1 10 1 1 1 1 2
1179818 2 1 1 1 2 1 3 1 1 2
1181356 5 1 1 1 2 2 3 3 1 2
1182404 4 1 1 1 2 1 2 1 1 2
1184840 1 1 3 1 2 ? 2 1 1 2
1189266 7 2 4 1 6 10 5 4 3 4
1190394 4 1 1 1 2 3 1 1 1 2
1193091 1 2 2 1 2 1 2 1 1 2
1196915 10 7 7 4 5 10 5 7 2 4
1197979 4 1 1 1 2 2 3 2 1 2
1197993 5 6 7 8 8 10 3 10 3 4
1198641 3 1 1 1 2 1 3 1 1 2
1200772 1 1 1 1 2 1 2 1 1 2
1200892 8 6 5 4 3 10 6 1 1 4
1200952 5 8 7 7 10 10 5 7 1 4
1201834 2 1 1 1 2 1 3 1 1 2
1204242 1 1 1 1 2 1 1 1 1 2
1204898 6 1 1 1 2 1 3 1 1 2
1206841 10 5 6 10 6 10 7 7 10 4
1208301 1 2 3 1 2 1 3 1 1 2
1210963 10 10 10 8 6 8 7 10 1 4
1212422 4 1 1 1 2 1 3 1 1 2
1216947 1 1 1 1 2 1 3 1 1 2
1218741 10 10 9 3 7 5 3 5 1 4
1219525 8 10 10 10 5 10 8 10 6 4
1221863 10 10 10 10 7 10 7 10 4 4
1223967 6 1 3 1 2 1 3 1 1 2
1225799 10 6 4 3 10 10 9 10 1 4
1226612 7 5 6 3 3 8 7 4 1 4
1227244 1 1 1 1 2 1 2 1 1 2
1228152 8 9 9 5 3 5 7 7 1 4
1228311 1 1 1 1 1 1 3 1 1 2
1231387 6 8 7 5 6 8 8 9 2 4
1277018 2 1 1 1 2 1 3 1 1 2
1287775 5 1 1 2 2 2 3 1 1 2
169356 3 1 1 1 2 ? 3 1 1 2
183913 1 2 2 1 2 1 1 1 1 2
1182404 3 1 1 1 2 1 2 1 1 2
263538 5 10 10 6 10 10 10 6 5 4
314428 7 9 4 10 10 3 5 3 3 4
1182404 5 1 4 1 2 1 3 2 1 2
320675 3 3 5 2 3 10 7 1 1 4
432809 3 1 3 1 2 ? 2 1 1 2
434518 3 1 1 1 2 1 2 1 1 2
452264 1 1 1 1 2 1 2 1 1 2
476903 10 5 7 3 3 7 3 3 8 4
486283 3 1 1 1 2 1 3 1 1 2
486662 2 1 1 2 2 1 3 1 1 2
488173 1 4 3 10 4 10 5 6 1 4
543558 6 1 3 1 4 5 5 10 1 4
561477 1 1 1 1 2 1 3 1 1 2
606722 5 5 7 8 6 10 7 4 1 4
635844 8 4 10 5 4 4 7 10 1 4
636130 1 1 1 1 2 1 3 1 1 2
646904 1 1 1 1 2 1 3 1 1 2
653777 8 3 4 9 3 10 3 3 1 4
659642 10 8 4 4 4 10 3 10 4 4
667204 7 8 7 6 4 3 8 8 4 4
673637 3 1 1 1 2 5 5 1 1 2
684955 2 1 1 1 3 1 2 1 1 2
691628 8 6 4 10 10 1 3 5 1 4
706426 5 5 5 2 5 10 4 3 1 4
709287 6 8 7 8 6 8 8 9 1 4
733639 3 1 1 1 2 ? 3 1 1 2
733823 5 4 6 10 2 10 4 1 1 4
760001 8 10 3 2 6 4 3 10 1 4
810104 1 1 1 1 2 1 3 1 1 2
814265 2 1 1 1 2 1 1 1 1 2
831268 1 1 1 1 1 1 1 3 1 2
832226 3 4 4 10 5 1 3 3 1 4
837082 2 1 1 1 2 1 3 1 1 2
857774 4 1 1 1 3 1 2 2 1 2
859164 5 3 3 1 3 3 3 3 3 4
866325 8 10 5 3 8 4 4 10 3 4
877943 3 10 3 10 6 10 5 1 4 4
888523 4 4 4 2 2 3 2 1 1 2
896404 2 1 1 1 2 1 3 1 1 2
160296 5 8 8 10 5 10 8 10 3 4
493452 4 1 2 1 2 1 2 1 1 2
521441 5 1 1 2 2 1 2 1 1 2
1026122 2 1 1 1 2 1 1 1 1 2
1080233 7 6 6 3 2 10 7 1 1 4
1116715 5 1 1 1 3 2 2 2 1 2
1211265 3 10 8 7 6 9 9 3 8 4
1236837 2 3 2 2 2 2 3 1 1 2
1237674 3 1 2 1 2 1 2 1 1 2
1238464 1 1 1 1 1 ? 2 1 1 2
1239967 1 1 1 1 2 1 2 1 1 2
1253505 2 3 1 1 5 1 1 1 1 2
1257938 3 1 1 1 2 1 1 1 1 2
1276091 2 1 1 1 2 1 2 1 1 2
1277629 5 1 1 1 2 1 2 2 1 2
677910 5 2 2 4 2 4 1 1 1 2
827627 2 1 1 1 2 1 1 1 1 2
1201870 4 1 1 3 1 1 2 1 1 2
1238410 2 3 1 1 3 1 1 1 1 2
1267898 5 1 3 1 2 1 1 1 1 2
1268313 5 1 1 3 2 1 1 1 1 2
1268804 3 1 1 1 2 5 1 1 1 2
1302428 5 3 2 4 2 1 1 1 1 2
1224565 6 1 1 1 2 1 3 1 1 2
1238186 4 1 1 1 2 1 2 1 1 2
1253917 4 1 1 2 2 1 2 1 1 2
1277268 3 3 1 1 2 1 1 1 1 2
1295508 1 1 1 1 2 4 1 1 1 2
1298360 1 1 1 1 2 1 1 1 1 2
1306282 6 6 7 10 3 10 8 10 2 4
1320077 1 1 1 1 1 1 2 1 1 2
369565 4 1 1 1 3 1 1 1 1 2
412300 10 4 5 4 3 5 7 3 1 4
769612 3 1 1 2 2 1 1 1 1 2
8233704 4 1 1 1 1 1 2 1 1 2
837480 7 4 4 3 4 10 6 9 1 4
869828 1 1 1 1 1 1 3 1 1 2
1135090 4 1 1 1 2 1 2 1 1 2
1145420 6 1 1 1 2 1 2 1 1 2
1184586 4 1 1 1 2 1 2 1 1 2
1197527 5 1 1 1 2 1 2 1 1 2
1240603 2 1 1 1 1 1 1 1 1 2
1240603 3 1 1 1 1 1 1 1 1 2
1241035 7 8 3 7 4 5 7 8 2 4
1299924 3 2 2 2 2 1 4 2 1 2
1313982 4 3 1 1 2 1 4 8 1 2
1343374 10 10 8 10 6 5 10 3 1 4
142932 7 6 10 5 3 10 9 10 2 4
183936 3 1 1 1 2 1 2 1 1 2
385103 5 1 2 1 2 1 3 1 1 2
824249 1 1 1 1 2 1 3 1 1 2
1107684 6 10 5 5 4 10 6 10 1 4
1239420 1 1 1 1 2 1 1 1 1 2
1295529 2 5 7 6 4 10 7 6 1 4
1325309 4 1 2 1 2 1 2 1 1 2
1333063 5 1 3 1 2 1 3 1 1 2
557583 5 10 10 10 10 10 10 1 1 4
803531 5 10 10 10 5 2 8 5 1 4
822829 8 10 10 10 6 10 10 10 10 4
1016634 2 3 1 1 2 1 2 1 1 2
1057067 1 1 1 1 1 ? 1 1 1 2
1174009 5 1 1 2 1 1 2 1 1 2
1183596 3 1 3 1 3 4 1 1 1 2
1190546 2 1 1 1 2 5 1 1 1 2
1225382 6 2 3 1 2 1 1 1 1 2
1253955 8 7 4 4 5 3 5 10 1 4
1268952 10 10 7 8 7 1 10 10 3 4
1277792 4 1 1 1 2 1 1 1 1 2
1285722 4 1 1 3 2 1 1 1 1 2
1299596 2 1 1 1 2 1 1 1 1 2
1315807 5 10 10 10 10 2 10 10 10 4
1319609 3 1 1 2 3 4 1 1 1 2
1323477 1 2 1 3 2 1 2 1 1 2
1324572 5 1 1 1 2 1 2 2 1 2
1324681 4 1 1 1 2 1 2 1 1 2
1325159 3 1 1 1 2 1 3 1 1 2
1326892 3 1 1 1 2 1 2 1 1 2
1348851 3 1 1 1 2 1 3 1 1 2
1350423 5 10 10 8 5 5 7 10 1 4
1353092 3 2 1 2 2 1 3 1 1 2
1354840 5 3 2 1 3 1 1 1 1 2
1368882 2 1 1 1 2 1 1 1 1 2
466906 1 1 1 1 2 1 1 1 1 2
466906 1 1 1 1 2 1 1 1 1 2
534555 1 1 1 1 2 1 1 1 1 2
566346 3 1 1 1 2 1 2 3 1 2
654546 1 1 1 3 2 1 1 1 1 2
763235 3 1 1 1 2 1 2 1 2 2
841769 2 1 1 1 2 1 1 1 1 2
897471 4 8 8 5 4 5 10 4 1 4
