0.589385
0.603306
0.590973
0.643266
0.622191
0.63649
0.596844
0.587983
0.587744
0.586592
0.643357
0.598303
0.633377
0.629526
0.664296
0.635488
0.573003
0.606993
0.567385
0.625175
0.613181
0.612022
0.643551
0.655989
0.621024
0.595862
0.624828
0.608204
0.607595
0.539886
0.575362
0.619505
0.651475
0.625526
0.583562
0.55814
0.611898
0.634349
0.655647
0.564723
0.603352
0.619382
0.591033
0.596264
0.588556
0.617284
0.633001
0.597279
0.632249
0.608819
0.651558
0.582865
0.633427
0.639551
0.654545
0.609418
0.606993
0.618715
0.659292
0.59673
0.637978
0.623816
0.606557
0.605891
0.603306
0.532414
0.59543
0.606103
0.613128
0.613603
0.630882
0.607735
0.599721
0.632312
0.571019
0.653521
0.609655
0.628205
0.632293
0.636111
0.633566
0.579856
0.600267
0.597811
0.604716
0.588643
0.620491
0.635846
0.629734
0.608812
0.584379
0.620979
0.617284
0.612903
0.649073
0.610442
0.640219
0.629526
0.597983
0.635862
