1016277 6 8 8 1 3 4 3 7 1 2
1017023 4 1 1 3 2 1 3 1 1 2
1017122 8 10 10 8 7 10 9 7 1 4
1033078 2 1 1 1 2 1 1 1 5 2
1035283 1 1 1 1 1 1 3 1 1 2
1041801 5 3 3 3 2 3 4 4 1 4
1047630 7 4 6 4 6 1 4 3 1 4
1054593 10 5 5 3 6 7 7 10 1 4
1056784 3 1 1 1 2 1 2 1 1 2
1057013 8 4 5 1 2 ? 7 3 1 4
1059552 1 1 1 1 2 1 3 1 1 2
1066979 5 1 1 1 2 1 2 1 1 2
1070935 3 1 1 1 1 1 2 1 1 2
1071760 2 1 1 1 2 1 3 1 1 2
1072179 10 7 7 3 8 5 7 4 3 4
1080185 10 10 10 8 6 1 8 9 1 4
1081791 6 2 1 1 1 1 7 1 1 2
1096800 6 6 6 9 6 ? 7 8 1 2
1106095 4 1 1 3 2 1 3 1 1 2
1108370 9 5 8 1 2 3 2 1 5 4
1110503 5 5 5 8 10 8 7 3 7 4
1110524 10 5 5 6 8 8 7 1 1 4
1111249 10 6 6 3 4 5 3 6 1 4
1112209 8 10 10 1 3 6 3 9 1 4
1115293 1 1 1 1 2 2 2 1 1 2
1126417 10 6 4 1 3 4 3 2 3 4
1132347 1 1 4 1 2 1 2 1 1 2
1137156 2 2 2 1 1 1 7 1 1 2
1148873 3 6 6 6 5 10 6 8 3 4
1158247 1 1 1 1 2 1 2 1 1 2
1165926 9 6 9 2 10 6 2 9 10 4
1166630 7 5 6 10 5 10 7 9 4 4
1170420 1 6 8 10 8 10 5 7 1 4
1171795 1 3 1 2 2 2 5 3 2 2
1173509 4 5 5 10 4 10 7 5 8 4
1173681 3 2 1 1 2 2 3 1 1 2
1174057 4 2 1 1 2 2 3 1 1 2
1174428 5 3 5 1 8 10 5 3 1 4
1175937 5 4 6 7 9 7 8 10 1 4
1177027 3 1 1 1 2 1 3 1 1 2
1177512 1 1 1 1 10 1 1 1 1 2
1180194 5 10 8 10 8 10 3 6 3 4
1181356 5 1 1 1 2 2 3 3 1 2
1182404 4 1 1 1 2 1 2 1 1 2
1183240 4 1 2 1 2 1 2 1 1 2
1183246 1 1 1 1 1 ? 2 1 1 2
1183516 3 1 1 1 2 1 1 1 1 2
1183911 2 1 1 1 2 1 1 1 1 2
1185609 3 4 5 2 6 8 4 1 1 4
1187457 3 1 1 3 8 1 5 8 1 2
1188472 1 1 1 1 1 1 3 1 1 2
1190485 1 1 1 1 2 1 1 1 1 2
1193091 1 2 2 1 2 1 2 1 1 2
1193210 2 1 1 1 2 1 3 1 1 2
1196295 9 9 10 3 6 10 7 10 6 4
1196915 10 7 7 4 5 10 5 7 2 4
1197440 1 1 1 2 1 3 1 1 7 2
1197510 5 1 1 1 2 ? 3 1 1 2
1198641 3 1 1 1 2 1 3 1 1 2
1199983 1 1 1 1 2 1 3 1 1 2
1200892 8 6 5 4 3 10 6 1 1 4
1200952 5 8 7 7 10 10 5 7 1 4
1201834 2 1 1 1 2 1 3 1 1 2
1204898 6 1 1 1 2 1 3 1 1 2
1205579 8 7 6 4 4 10 5 1 1 4
1206841 10 5 6 10 6 10 7 7 10 4
1212232 5 1 1 1 2 1 2 1 1 2
1212422 4 1 1 1 2 1 3 1 1 2
1213375 8 4 4 5 4 7 7 8 2 2
1213383 5 1 1 4 2 1 3 1 1 2
1214092 1 1 1 1 2 1 1 1 1 2
1217051 5 1 1 1 2 1 3 1 1 2
1218105 5 10 10 9 6 10 7 10 5 4
1219406 5 1 1 1 1 1 3 1 1 2
1219859 8 10 8 8 4 8 7 7 1 4
1220330 1 1 1 1 2 1 3 1 1 2
1223426 1 1 1 1 2 1 3 1 1 2
1224329 1 1 1 2 2 1 3 1 1 2
1232225 10 4 5 5 5 10 4 1 1 4
1241232 3 1 4 1 2 ? 3 1 1 2
1241679 9 8 8 5 6 2 4 10 4 4
1285531 1 1 1 1 2 1 3 1 1 2
1287775 5 1 1 2 2 2 3 1 1 2
169356 3 1 1 1 2 ? 3 1 1 2
1116116 9 10 10 1 10 8 3 3 1 4
1182404 5 1 4 1 2 1 3 2 1 2
324427 10 8 8 2 3 4 8 7 8 4
428903 7 2 4 1 3 4 3 3 1 4
431495 3 1 1 1 2 1 3 2 1 2
432809 3 1 3 1 2 ? 2 1 1 2
452264 1 1 1 1 2 1 2 1 1 2
456282 1 1 1 1 2 1 3 1 1 2
508234 7 4 5 10 2 10 3 8 2 4
529329 10 10 10 10 10 10 4 10 10 4
543558 6 1 3 1 4 5 5 10 1 4
606722 5 5 7 8 6 10 7 4 1 4
635844 8 4 10 5 4 4 7 10 1 4
636130 1 1 1 1 2 1 3 1 1 2
640744 10 10 10 7 9 10 7 10 10 4
666942 1 1 1 1 2 1 3 1 1 2
673637 3 1 1 1 2 5 5 1 1 2
688033 1 1 1 1 2 1 1 1 1 2
704097 1 1 1 1 1 1 2 1 1 2
733639 3 1 1 1 2 1 3 1 1 2
740492 1 1 1 1 2 1 3 1 1 2
756136 1 1 1 1 2 1 2 1 1 2
76389 10 4 7 2 2 8 6 1 1 4
764974 5 1 1 1 2 1 3 1 2 2
792744 1 1 1 1 2 1 1 1 1 2
704097 1 1 1 1 1 1 2 1 1 2
806423 8 5 5 5 2 10 4 3 1 4
810104 1 1 1 1 2 1 3 1 1 2
814265 2 1 1 1 2 1 1 1 1 2
814911 1 1 1 1 2 1 1 1 1 2
822829 7 6 4 8 10 10 9 5 3 4
850831 2 7 10 10 7 10 4 9 4 4
857774 4 1 1 1 3 1 2 2 1 2
859164 5 3 3 1 3 3 3 3 3 4
95719 6 10 10 10 8 10 7 10 7 4
342245 1 1 3 1 2 1 1 1 1 2
493452 4 1 2 1 2 1 2 1 1 2
636437 1 1 1 1 2 1 1 1 1 2
846423 10 6 3 6 4 10 7 8 4 4
1026122 2 1 1 1 2 1 1 1 1 2
1080233 7 6 6 3 2 10 7 1 1 4
1151734 10 8 7 4 3 10 7 9 1 4
1176187 3 1 1 1 2 1 3 1 1 2
1206314 1 2 3 1 2 1 1 1 1 2
1213784 3 1 1 1 2 1 1 1 1 2
1223543 1 2 1 3 2 1 1 2 1 2
1236837 2 3 2 2 2 2 3 1 1 2
1237674 3 1 2 1 2 1 2 1 1 2
1238021 1 1 1 1 2 1 2 1 1 2
1238633 10 10 10 6 8 4 8 5 1 4
1238948 8 5 6 2 3 10 6 6 1 4
1257938 3 1 1 1 2 1 1 1 1 2
1258556 5 3 6 1 2 1 1 1 1 2
1266154 8 7 8 2 4 2 5 10 1 4
1293439 6 9 7 5 5 8 4 2 1 2
1295186 10 10 10 1 6 1 2 8 1 4
566509 5 1 1 1 2 1 1 1 1 2
677910 5 2 2 4 2 4 1 1 1 2
1193544 5 7 9 8 6 10 8 10 1 4
1230994 4 5 5 8 6 10 10 7 1 4
1257470 10 6 5 8 5 10 8 6 1 4
1266124 5 1 2 1 2 1 1 1 1 2
1296572 10 9 8 7 6 4 7 10 3 4
1298416 10 6 6 2 4 10 9 7 1 4
1105524 4 1 1 1 2 1 1 1 1 2
1211594 3 1 1 1 1 1 2 1 1 2
1277145 5 1 1 1 2 1 1 1 1 2
1296593 5 2 1 1 2 1 1 1 1 2
1142706 5 10 10 10 6 10 6 5 2 4
1155967 5 1 2 10 4 5 2 1 1 2
1253917 4 1 1 2 2 1 2 1 1 2
1265899 4 1 1 1 2 1 3 1 1 2
1320304 3 1 2 2 2 1 1 1 1 2
333093 1 1 1 1 3 1 1 1 1 2
412300 10 4 5 4 3 5 7 3 1 4
749653 3 1 1 1 2 1 2 1 1 2
807657 6 1 3 2 2 1 1 1 1 2
8233704 4 1 1 1 1 1 2 1 1 2
837480 7 4 4 3 4 10 6 9 1 4
1043068 3 1 1 1 2 1 2 1 1 2
1113061 5 1 1 1 2 1 3 1 1 2
1145420 6 1 1 1 2 1 2 1 1 2
1158157 5 1 1 1 2 2 2 1 1 2
1184586 4 1 1 1 2 1 2 1 1 2
1222464 6 10 10 10 4 10 7 10 1 4
1240603 2 1 1 1 1 1 1 1 1 2
1241035 7 8 3 7 4 5 7 8 2 4
1287971 3 1 1 1 2 1 2 1 1 2
1299924 3 2 2 2 2 1 4 2 1 2
1321348 2 1 1 1 2 1 2 1 1 2
1321931 5 1 1 1 2 1 2 1 1 2
1321942 5 1 1 1 2 1 3 1 1 2
1343068 8 4 4 1 6 10 2 5 2 4
142932 7 6 10 5 3 10 9 10 2 4
183936 3 1 1 1 2 1 2 1 1 2
871549 5 1 2 1 2 1 2 1 1 2
878358 5 7 10 6 5 10 7 5 1 4
1295529 2 5 7 6 4 10 7 6 1 4
1315506 4 8 6 3 4 10 7 1 1 4
1320141 5 1 1 1 2 1 2 1 1 2
1333495 3 1 1 1 2 1 2 1 1 2
1344449 1 1 1 1 1 1 2 1 1 2
1352663 5 4 6 8 4 1 8 10 1 4
352431 10 5 10 3 5 8 7 8 3 4
636375 5 1 1 1 2 1 1 1 1 2
736150 10 4 3 10 3 10 7 1 2 4
822829 8 10 10 10 6 10 10 10 10 4
1057067 1 1 1 1 1 ? 1 1 1 2
1061990 4 1 1 1 2 1 2 1 1 2
1083817 3 1 1 1 2 1 2 1 1 2
1096352 6 3 3 3 3 2 6 1 1 2
1149548 1 1 1 1 2 1 1 1 1 2
1174009 5 1 1 2 1 1 2 1 1 2
1183596 3 1 3 1 3 4 1 1 1 2
1275807 4 2 4 3 2 2 2 1 1 2
1277792 4 1 1 1 2 1 1 1 1 2
1290203 3 1 1 1 2 1 2 1 1 2
1299596 2 1 1 1 2 1 1 1 1 2
1318671 3 1 1 1 2 1 2 1 1 2
1324572 5 1 1 1 2 1 2 2 1 2
1333877 5 4 5 1 8 1 3 6 1 2
1334015 7 8 8 7 3 10 7 2 3 4
1334667 1 1 1 1 2 1 1 1 1 2
1339781 4 1 1 1 2 1 3 1 1 2
1354840 2 1 1 1 2 1 3 1 1 2
1368267 5 1 1 1 2 1 1 1 1 2
1368273 1 1 1 1 2 1 1 1 1 2
1368882 2 1 1 1 2 1 1 1 1 2
466906 1 1 1 1 2 1 1 1 1 2
776715 3 1 1 1 3 2 1 1 1 2
897471 4 8 6 4 3 4 10 6 1 4
