1002945 5 4 4 5 7 10 3 2 1 2
1016277 6 8 8 1 3 4 3 7 1 2
1017122 8 10 10 8 7 10 9 7 1 4
1033078 2 1 1 1 2 1 1 1 5 2
1035283 1 1 1 1 1 1 3 1 1 2
1036172 2 1 1 1 2 1 2 1 1 2
1043999 1 1 1 1 2 3 3 1 1 2
1044572 8 7 5 10 7 9 5 5 4 4
1054590 7 3 2 10 5 10 5 4 4 4
1065726 5 2 3 4 2 7 3 6 1 4
1066373 3 2 1 1 1 1 2 1 1 2
1066979 5 1 1 1 2 1 2 1 1 2
1070935 1 1 3 1 2 1 1 1 1 2
1075123 3 1 2 1 2 1 2 1 1 2
1084584 5 4 4 9 2 10 5 6 1 4
1096800 6 6 6 9 6 ? 7 8 1 2
1099510 10 4 3 1 3 3 6 5 2 4
1103608 10 10 10 4 8 1 8 10 1 4
1103722 1 1 1 1 2 1 2 1 2 2
1110102 10 3 6 2 3 5 4 10 2 4
1111249 10 6 6 3 4 5 3 6 1 4
1112209 8 10 10 1 3 6 3 9 1 4
1113906 9 5 5 2 2 2 5 1 1 4
1115293 1 1 1 1 2 2 2 1 1 2
1116132 6 3 4 1 5 2 3 9 1 4
1116192 1 1 1 1 2 1 2 1 1 2
1117152 4 1 1 1 2 1 3 1 1 2
1118039 5 3 4 1 8 10 4 9 1 4
1120559 8 3 8 3 4 9 8 9 8 4
1124651 1 3 3 2 2 1 7 2 1 2
1132347 1 1 4 1 2 1 2 1 1 2
1143978 4 1 1 2 2 1 2 1 1 2
1143978 5 2 1 1 2 1 3 1 1 2
1147044 3 1 1 1 2 2 7 1 1 2
1148278 3 3 6 4 5 8 4 4 1 4
1152331 4 1 1 1 2 1 3 1 1 2
1165926 9 6 9 2 10 6 2 9 10 4
1169049 7 3 4 4 3 3 3 2 7 4
1170419 10 10 10 8 2 10 4 1 1 4
1170420 1 6 8 10 8 10 5 7 1 4
1172152 10 3 3 10 2 10 7 3 3 4
1173216 10 10 10 3 10 8 8 1 1 4
1174428 5 3 5 1 8 10 5 3 1 4
1176406 1 1 1 1 2 1 2 1 1 2
1176881 7 5 3 7 4 10 7 5 5 4
1177027 3 1 1 1 2 1 3 1 1 2
1180194 5 10 8 10 8 10 3 6 3 4
1180831 3 1 1 1 3 1 2 1 1 2
1183516 3 1 1 1 2 1 1 1 1 2
1183911 2 1 1 1 2 1 1 1 1 2
1187805 8 8 7 4 10 10 7 8 7 4
1190485 1 1 1 1 2 1 1 1 1 2
1197440 1 1 1 2 1 3 1 1 7 2
1197979 4 1 1 1 2 2 3 2 1 2
1198641 3 1 1 1 2 1 3 1 1 2
1199219 1 1 1 2 1 1 1 1 1 2
1201936 5 10 10 3 8 1 5 10 3 4
1204898 6 1 1 1 2 1 3 1 1 2
1206841 10 5 6 10 6 10 7 7 10 4
1208301 1 2 3 1 2 1 3 1 1 2
1212251 1 1 1 1 2 1 3 1 1 2
1216947 1 1 1 1 2 1 3 1 1 2
1218741 10 10 9 3 7 5 3 5 1 4
1218860 1 1 1 1 1 1 3 1 1 2
1218860 1 1 1 1 1 1 3 1 1 2
1219406 5 1 1 1 1 1 3 1 1 2
1227244 1 1 1 1 2 1 2 1 1 2
1230688 7 4 7 4 3 7 7 6 1 4
1232225 10 4 5 5 5 10 4 1 1 4
1241232 3 1 4 1 2 ? 3 1 1 2
1241559 10 8 8 2 8 10 4 8 10 4
1241679 9 8 8 5 6 2 4 10 4 4
1242364 8 10 10 8 6 9 3 10 10 4
128059 1 1 1 1 2 5 5 1 1 2
1285531 1 1 1 1 2 1 3 1 1 2
144888 8 10 10 8 5 10 7 8 1 4
167528 4 1 1 1 2 1 3 6 1 2
169356 3 1 1 1 2 ? 3 1 1 2
191250 10 4 4 10 2 10 5 3 3 4
1116116 9 10 10 1 10 8 3 3 1 4
1182404 3 1 1 1 2 1 2 1 1 2
1198641 3 1 1 1 2 1 3 1 1 2
242970 5 7 7 1 5 8 3 4 1 2
385103 1 1 1 1 2 1 3 1 1 2
390840 8 4 7 1 3 10 3 9 2 4
428903 7 2 4 1 3 4 3 3 1 4
431495 3 1 1 1 2 1 3 2 1 2
432809 3 1 3 1 2 ? 2 1 1 2
434518 3 1 1 1 2 1 2 1 1 2
452264 1 1 1 1 2 1 2 1 1 2
492268 10 4 6 1 2 10 5 3 1 4
529329 10 10 10 10 10 10 4 10 10 4
535331 3 1 1 1 3 1 2 1 1 2
601265 10 4 4 6 2 10 2 3 1 4
616240 5 3 4 3 4 5 4 7 1 2
61634 5 4 3 1 2 ? 2 3 1 2
625201 8 2 1 1 5 1 1 1 1 2
63375 9 1 2 6 4 10 7 7 2 4
659642 10 8 4 4 4 10 3 10 4 4
666090 1 1 1 1 2 1 3 1 1 2
684955 2 1 1 1 3 1 2 1 1 2
733639 3 1 1 1 2 1 3 1 1 2
743348 3 2 2 1 2 1 2 3 1 2
756136 1 1 1 1 2 1 2 1 1 2
760239 10 4 6 4 5 10 7 1 1 4
764974 5 1 1 1 2 1 3 1 2 2
770066 5 2 2 2 2 1 2 2 1 2
785208 5 4 6 6 4 10 4 3 1 4
792744 1 1 1 1 2 1 1 1 1 2
797327 6 5 5 8 4 10 3 4 1 4
810104 1 1 1 1 2 1 3 1 1 2
814265 2 1 1 1 2 1 1 1 1 2
814911 1 1 1 1 2 1 1 1 1 2
831268 1 1 1 1 1 1 1 3 1 2
832226 3 4 4 10 5 1 3 3 1 4
832567 4 2 3 5 3 8 7 6 1 4
837082 2 1 1 1 2 1 3 1 1 2
855524 1 1 1 1 2 1 2 1 1 2
857774 4 1 1 1 3 1 2 2 1 2
873549 10 3 5 4 3 7 3 5 3 4
95719 6 10 10 10 8 10 7 10 7 4
521441 5 1 1 2 2 1 2 1 1 2
636437 1 1 1 1 2 1 1 1 1 2
1022257 2 1 1 1 2 1 1 1 1 2
1071084 3 3 2 2 3 1 1 2 3 2
1116715 5 1 1 1 3 2 2 2 1 2
1156017 3 1 1 1 2 1 2 1 1 2
1158247 1 1 1 1 1 1 1 1 1 2
1196475 3 2 1 1 2 1 2 2 1 2
1206314 1 2 3 1 2 1 1 1 1 2
1223306 3 1 1 1 2 4 1 1 1 2
1223543 1 2 1 3 2 1 1 2 1 2
1236837 2 3 2 2 2 2 3 1 1 2
1238633 10 10 10 6 8 4 8 5 1 4
1239232 3 3 2 6 3 3 3 5 1 2
1239967 1 1 1 1 2 1 2 1 1 2
1253505 2 3 1 1 5 1 1 1 1 2
1255384 3 2 2 3 2 3 3 1 1 2
1257815 5 1 3 1 2 1 2 1 1 2
1276091 2 1 1 1 2 1 2 1 1 2
1277629 5 1 1 1 2 1 2 2 1 2
1293439 3 2 2 3 2 1 1 1 1 2
527337 4 1 1 1 2 1 1 1 1 2
608157 10 4 3 10 4 10 10 1 1 4
780555 5 1 1 6 3 1 2 1 1 2
827627 2 1 1 1 2 1 1 1 1 2
1058849 5 1 1 1 2 1 1 1 1 2
1227081 3 1 1 3 2 1 1 1 1 2
1238410 2 3 1 1 3 1 1 1 1 2
1246562 10 2 2 1 2 6 1 1 2 4
1293966 4 1 1 1 2 1 1 1 1 2
1296263 4 1 1 1 2 1 1 1 1 2
1301945 5 1 1 1 1 1 1 1 1 2
1302428 5 3 2 4 2 1 1 1 1 2
787451 5 1 2 1 2 1 1 1 1 2
1076352 3 6 4 10 3 3 3 4 1 4
1084139 6 3 2 1 3 4 4 1 1 4
1115293 1 1 1 1 2 1 1 1 1 2
1142706 5 10 10 10 6 10 6 5 2 4
1155967 5 1 2 10 4 5 2 1 1 2
1182404 4 2 1 1 2 1 1 1 1 2
1217952 4 1 1 1 2 1 2 1 1 2
1298360 1 1 1 1 2 1 1 1 1 2
1306282 6 6 7 10 3 10 8 10 2 4
1320304 3 1 2 2 2 1 1 1 1 2
369565 4 1 1 1 3 1 1 1 1 2
798429 4 1 1 1 2 1 3 1 1 2
869828 1 1 1 1 1 1 3 1 1 2
1113061 5 1 1 1 2 1 3 1 1 2
1184586 4 1 1 1 2 1 2 1 1 2
1240603 2 1 1 1 1 1 1 1 1 2
1240603 3 1 1 1 1 1 1 1 1 2
1241035 7 8 3 7 4 5 7 8 2 4
1287971 3 1 1 1 2 1 2 1 1 2
1289391 1 1 1 1 2 1 3 1 1 2
1299924 3 2 2 2 2 1 4 2 1 2
1321321 5 1 1 3 2 1 1 1 1 2
1321931 5 1 1 1 2 1 2 1 1 2
1321942 5 1 1 1 2 1 3 1 1 2
1333104 3 1 2 1 2 1 3 1 1 2
1334071 4 1 1 1 2 3 2 1 1 2
183936 3 1 1 1 2 1 2 1 1 2
324382 1 1 1 1 2 1 2 1 1 2
1107684 6 10 5 5 4 10 6 10 1 4
1254538 8 10 10 10 6 10 10 10 1 4
1294261 4 10 8 5 4 1 10 1 1 4
1298484 10 3 4 5 3 10 4 1 1 4
1334659 5 2 4 1 1 1 1 1 1 2
188336 5 3 2 8 5 10 8 1 2 4
352431 10 5 10 3 5 8 7 8 3 4
557583 5 10 10 10 10 10 10 1 1 4
803531 5 10 10 10 5 2 8 5 1 4
822829 8 10 10 10 6 10 10 10 10 4
1016634 2 3 1 1 2 1 2 1 1 2
1041043 4 1 3 1 2 1 2 1 1 2
1057067 1 1 1 1 1 ? 1 1 1 2
1061990 4 1 1 1 2 1 2 1 1 2
1073836 5 1 1 1 2 1 2 1 1 2
1183596 3 1 3 1 3 4 1 1 1 2
1235807 5 1 1 1 2 1 2 1 1 2
1260659 3 1 4 1 2 1 1 1 1 2
1268952 10 10 7 8 7 1 10 10 3 4
1277792 4 1 1 1 2 1 1 1 1 2
1299596 2 1 1 1 2 1 1 1 1 2
1311108 1 1 1 3 2 1 1 1 1 2
1315807 5 10 10 10 10 2 10 10 10 4
1319609 3 1 1 2 3 4 1 1 1 2
1324572 5 1 1 1 2 1 2 2 1 2
1354840 5 3 2 1 3 1 1 1 1 2
1365328 1 1 2 1 2 1 2 1 1 2
1368267 5 1 1 1 2 1 1 1 1 2
1368882 2 1 1 1 2 1 1 1 1 2
1371026 5 10 10 10 4 10 5 6 3 4
1371920 5 1 1 1 2 1 3 2 1 2
534555 1 1 1 1 2 1 1 1 1 2
566346 3 1 1 1 2 1 2 3 1 2
654546 1 1 1 3 2 1 1 1 1 2
776715 3 1 1 1 3 2 1 1 1 2
