1002945 5 4 4 5 7 10 3 2 1 2
1017023 4 1 1 3 2 1 3 1 1 2
1018561 2 1 2 1 2 1 3 1 1 2
1035283 1 1 1 1 1 1 3 1 1 2
1043999 1 1 1 1 2 3 3 1 1 2
1050670 10 7 7 6 4 10 4 1 2 4
1056784 3 1 1 1 2 1 2 1 1 2
1057013 8 4 5 1 2 ? 7 3 1 4
1065726 5 2 3 4 2 7 3 6 1 4
1066979 5 1 1 1 2 1 2 1 1 2
1067444 2 1 1 1 2 1 2 1 1 2
1070935 1 1 3 1 2 1 1 1 1 2
1070935 3 1 1 1 1 1 2 1 1 2
1072179 10 7 7 3 8 5 7 4 3 4
1075123 3 1 2 1 2 1 2 1 1 2
1103608 10 10 10 4 8 1 8 10 1 4
1103722 1 1 1 1 2 1 2 1 2 2
1105257 3 7 7 4 4 9 4 8 1 4
1108370 9 5 8 1 2 3 2 1 5 4
1113483 5 2 3 1 6 10 5 1 1 4
1113906 9 5 5 2 2 2 5 1 1 4
1115282 5 3 5 5 3 3 4 10 1 4
1123061 6 10 2 8 10 2 7 8 10 4
1133136 3 1 1 1 2 3 3 1 1 2
1136142 2 1 1 1 3 1 2 1 1 2
1143978 4 1 1 2 2 1 2 1 1 2
1147044 3 1 1 1 2 2 7 1 1 2
1147699 3 5 7 8 8 9 7 10 7 4
1148873 3 6 6 6 5 10 6 8 3 4
1155546 2 1 1 2 3 1 2 1 1 2
1158247 1 1 1 1 2 1 2 1 1 2
1165297 2 1 1 2 2 1 1 1 1 2
1165926 9 6 9 2 10 6 2 9 10 4
1166654 10 3 5 1 10 5 3 10 2 4
1167439 2 3 4 4 2 5 2 5 1 4
1168736 10 10 10 10 10 1 8 8 8 4
1170419 10 10 10 8 2 10 4 1 1 4
1171710 1 1 1 1 2 1 2 3 1 2
1173216 10 10 10 3 10 8 8 1 1 4
1173235 3 3 2 1 2 3 3 1 1 2
1173347 1 1 1 1 2 5 1 1 1 2
1173509 4 5 5 10 4 10 7 5 8 4
1174057 4 2 1 1 2 2 3 1 1 2
1174428 5 3 5 1 8 10 5 3 1 4
1175937 5 4 6 7 9 7 8 10 1 4
1176406 1 1 1 1 2 1 2 1 1 2
1177027 3 1 1 1 2 1 3 1 1 2
1185610 1 1 1 1 3 2 2 1 1 2
1187457 3 1 1 3 8 1 5 8 1 2
1187805 8 8 7 4 10 10 7 8 7 4
1190394 4 1 1 1 2 3 1 1 1 2
1190485 1 1 1 1 2 1 1 1 1 2
1196915 10 7 7 4 5 10 5 7 2 4
1197080 4 1 1 1 2 1 3 2 1 2
1197270 3 1 1 1 2 1 3 1 1 2
1197510 5 1 1 1 2 ? 3 1 1 2
1199219 1 1 1 2 1 1 1 1 1 2
1199983 1 1 1 1 2 1 3 1 1 2
1200772 1 1 1 1 2 1 2 1 1 2
1200952 5 8 7 7 10 10 5 7 1 4
1204242 1 1 1 1 2 1 1 1 1 2
1204898 6 1 1 1 2 1 3 1 1 2
1206695 1 5 8 6 5 8 7 10 1 4
1207986 5 8 4 10 5 8 9 10 1 4
1211202 7 5 10 10 10 10 4 10 3 4
1212251 1 1 1 1 2 1 3 1 1 2
1214092 1 1 1 1 2 1 1 1 1 2
1214556 3 1 1 1 2 1 2 1 1 2
1214966 9 7 7 5 5 10 7 8 3 4
1216694 10 8 8 4 10 10 8 1 1 4
1218860 1 1 1 1 1 1 3 1 1 2
1219525 8 10 10 10 5 10 8 10 6 4
1219859 8 10 8 8 4 8 7 7 1 4
1227244 1 1 1 1 2 1 2 1 1 2
1228152 8 9 9 5 3 5 7 7 1 4
1228311 1 1 1 1 1 1 3 1 1 2
1231387 6 8 7 5 6 8 8 9 2 4
1242364 8 10 10 8 6 9 3 10 10 4
1243256 10 4 3 2 3 10 5 3 2 4
1270479 5 1 3 3 2 2 2 3 1 2
128059 1 1 1 1 2 5 5 1 1 2
1285531 1 1 1 1 2 1 3 1 1 2
144888 8 10 10 8 5 10 7 8 1 4
183913 1 2 2 1 2 1 1 1 1 2
191250 10 4 4 10 2 10 5 3 3 4
1100524 6 10 10 2 8 10 7 3 3 4
1116116 9 10 10 1 10 8 3 3 1 4
1168736 5 6 6 2 4 10 3 6 1 4
1182404 3 1 1 1 2 1 2 1 1 2
1198641 3 1 1 1 2 1 3 1 1 2
255644 10 5 8 10 3 10 5 1 3 4
263538 5 10 10 6 10 10 10 6 5 4
1182404 5 1 4 1 2 1 3 2 1 2
411453 5 1 1 1 2 1 3 1 1 2
456282 1 1 1 1 2 1 3 1 1 2
492268 10 4 6 1 2 10 5 3 1 4
527363 8 10 10 10 8 10 10 7 3 4
535331 3 1 1 1 3 1 2 1 1 2
601265 10 4 4 6 2 10 2 3 1 4
625201 8 2 1 1 5 1 1 1 1 2
684955 2 1 1 1 3 1 2 1 1 2
688033 1 1 1 1 2 1 1 1 1 2
693702 1 1 1 1 2 1 1 1 1 2
709287 6 8 7 8 6 8 8 9 1 4
743348 3 2 2 1 2 1 2 3 1 2
785208 5 4 6 6 4 10 4 3 1 4
792744 1 1 1 1 2 1 1 1 1 2
797327 6 5 5 8 4 10 3 4 1 4
704097 1 1 1 1 1 1 2 1 1 2
810104 1 1 1 1 2 1 3 1 1 2
814265 2 1 1 1 2 1 1 1 1 2
832226 3 4 4 10 5 1 3 3 1 4
832567 4 2 3 5 3 8 7 6 1 4
836433 5 1 1 3 2 1 1 1 1 2
846832 3 4 5 3 7 3 4 6 1 2
855524 1 1 1 1 2 1 2 1 1 2
873549 10 3 5 4 3 7 3 5 3 4
888169 3 2 2 1 4 3 2 1 1 2
888523 4 4 4 2 2 3 2 1 1 2
897172 2 1 1 1 2 1 2 1 1 2
805448 1 1 1 1 2 1 1 1 1 2
1080233 7 6 6 3 2 10 7 1 1 4
1114570 5 3 3 2 3 1 3 1 1 2
1156017 3 1 1 1 2 1 2 1 1 2
1158247 1 1 1 1 1 1 1 1 1 2
1168278 3 1 1 1 2 1 2 1 1 2
1176187 3 1 1 1 2 1 3 1 1 2
1223543 1 2 1 3 2 1 1 2 1 2
1237674 3 1 2 1 2 1 2 1 1 2
1238021 1 1 1 1 2 1 2 1 1 2
1240337 5 2 2 2 2 2 3 2 2 2
1253505 2 3 1 1 5 1 1 1 1 2
1257648 4 3 3 1 2 1 3 3 1 2
1257815 5 1 3 1 2 1 2 1 1 2
1258556 5 3 6 1 2 1 1 1 1 2
566509 5 1 1 1 2 1 1 1 1 2
1182404 1 1 1 1 1 1 1 1 1 2
1202253 5 1 1 1 2 1 1 1 1 2
1227081 3 1 1 3 2 1 1 1 1 2
1246562 10 2 2 1 2 6 1 1 2 4
1267898 5 1 3 1 2 1 1 1 1 2
1268313 5 1 1 3 2 1 1 1 1 2
1298416 10 6 6 2 4 10 9 7 1 4
1299596 6 6 6 5 4 10 7 6 2 4
1277145 5 1 1 1 2 1 1 1 1 2
1296263 4 1 1 1 2 1 1 1 1 2
1301945 5 1 1 1 1 1 1 1 1 2
1318169 9 10 10 10 10 5 10 10 10 4
1084139 6 3 2 1 3 4 4 1 1 4
1142706 5 10 10 10 6 10 6 5 2 4
1182404 4 2 1 1 2 1 1 1 1 2
1253917 4 1 1 2 2 1 2 1 1 2
1268766 1 1 1 1 2 1 1 1 1 2
1295508 1 1 1 1 2 4 1 1 1 2
1298360 1 1 1 1 2 1 1 1 1 2
1299924 5 1 1 1 2 1 2 1 1 2
1306282 6 6 7 10 3 10 8 10 2 4
1313325 4 10 4 7 3 10 9 10 1 4
1320304 3 1 2 2 2 1 1 1 1 2
1330439 4 7 8 3 4 10 9 1 1 4
369565 4 1 1 1 3 1 1 1 1 2
672113 7 5 6 10 4 10 5 3 1 4
749653 3 1 1 1 2 1 2 1 1 2
798429 4 1 1 1 2 1 3 1 1 2
8233704 4 1 1 1 1 1 2 1 1 2
1145420 6 1 1 1 2 1 2 1 1 2
1174841 5 3 1 1 2 1 1 1 1 2
1186936 2 1 3 2 2 1 2 1 1 2
1222464 6 10 10 10 4 10 7 10 1 4
1241035 7 8 3 7 4 5 7 8 2 4
1289391 1 1 1 1 2 1 3 1 1 2
1299924 3 2 2 2 2 1 4 2 1 2
1321264 5 2 2 2 1 1 2 1 1 2
1321931 5 1 1 1 2 1 2 1 1 2
1321942 5 1 1 1 2 1 3 1 1 2
1328331 1 1 1 1 2 1 3 1 1 2
1334071 4 1 1 1 2 3 2 1 1 2
324382 1 1 1 1 2 1 2 1 1 2
695091 1 1 1 1 2 1 2 1 1 2
695219 1 1 1 1 2 1 2 1 1 2
1115762 3 1 1 1 2 1 1 1 1 2
1239420 1 1 1 1 2 1 1 1 1 2
1294261 4 10 8 5 4 1 10 1 1 4
1298484 10 3 4 5 3 10 4 1 1 4
1311875 5 1 2 1 2 1 1 1 1 2
1315506 4 8 6 3 4 10 7 1 1 4
1325309 4 1 2 1 2 1 2 1 1 2
1333063 5 1 3 1 2 1 3 1 1 2
1352663 5 4 6 8 4 1 8 10 1 4
736150 10 4 3 10 3 10 7 1 2 4
1073836 5 1 1 1 2 1 2 1 1 2
1083817 3 1 1 1 2 1 2 1 1 2
1190546 2 1 1 1 2 5 1 1 1 2
1213273 2 1 1 1 2 1 1 1 1 2
1225382 6 2 3 1 2 1 1 1 1 2
1235807 5 1 1 1 2 1 2 1 1 2
1257366 3 1 1 1 2 1 1 1 1 2
1294413 1 1 1 1 2 1 1 1 1 2
1299596 2 1 1 1 2 1 1 1 1 2
1303489 3 1 1 1 2 1 2 1 1 2
1311108 1 1 1 3 2 1 1 1 1 2
1323477 1 2 1 3 2 1 2 1 1 2
1339781 1 1 1 1 2 1 2 1 1 2
1339781 4 1 1 1 2 1 3 1 1 2
13454352 1 1 3 1 2 1 2 1 1 2
1347943 5 2 2 2 2 1 1 1 2 2
1350319 5 7 4 1 6 1 7 10 3 4
1365328 1 1 2 1 2 1 2 1 1 2
1371026 5 10 10 10 4 10 5 6 3 4
566346 3 1 1 1 2 1 2 3 1 2
695091 5 10 10 5 4 5 4 4 1 4
714039 3 1 1 1 2 1 1 1 1 2
841769 2 1 1 1 2 1 1 1 1 2
