389.8729777095 0.1500983157 0.0977384381 118.6258142706 2475.557077623 20.8686203154 49.7571487427 107.6861641614 429.3857878604 0
275.6773933601 0.15393804 0.1877974275 91.5278933393 1756.2348373883 19.1879739969 39.3051834106 82.6586821528 331.5883016673 0
390 0.3583160954 0.2038544566 245.6861030662 10055.83687254 40.929612001 70.3247833252 236.4901696665 477.5483599605 0
269.4959462918 0.2075196481 0.0383972435 80.4110854818 1963.6052480989 24.4195838961 44.7401542664 66.8383093174 329.0906470766 0
300 0.1900663555 0.1668534765 97.1081295111 3039.5613030204 31.3007913789 51.3539733887 82.4181920286 387.0782275399 0
196.856714179 0.0200712864 0.0907571211 28.5931261347 82.0588885292 2.8698816682 7.9687833786 27.6615159531 200.7493364347 1
259.8851450408 0.0706858347 0.006981317 58.243807276 465.0872650386 7.9851796575 17.5068378448 56.3402407903 267.5174460284 1
195 0.1391027414 0.20525072 37.4621956231 328.384051619 8.7657449372 35.0238265991 13.2946502587 232.5876276733 2
250 0.0471238898 0.013962634 70.9070400207 224.1457873421 3.1611217628 9.1021757126 70.320400449 232.2776288185 2
339.5085476096 0.0453785606 0.0300196631 88.6298094262 331.0803904377 3.7355421678 19.8255805969 87.6211804354 307.7931936632 2
481.4671493322 0.0785398163 0.0160570291 79.0591615565 1154.3382385593 14.6009420772 33.9291305542 71.408439192 501.8933575844 2
121 0.1741838593 0.0907571211 24.4371804081 144.4665132032 5.911750488 22.0210800171 10.5947082078 141.7661848939 2
196.3648643227 0.1829105056 0.142418867 54.583080277 843.2625274855 15.4491560976 34.1494140625 42.5808653465 239.944072785 2
260.2775210255 0.0790634151 0.0328121899 58.8176114077 277.2590342852 4.7138778276 17.8686695099 56.0376840227 248.6234122408 2
544.6543494729 0.0637045177 0.0020943951 100.7880802493 1189.290233286 11.7999095761 29.4122219086 96.5801499813 553.3582098767 2
327 0.1410226036 0.0844739358 76.2128681277 1664.6740761276 21.8424278868 43.2216911316 62.7717028567 379.261838625 2
470.5164201366 0.1274090354 0.0663225116 150.2240222783 2657.9103674885 17.6929783079 47.5606307983 142.4964679752 491.4724884651 3
223 0.1240929098 0.0795870139 33.0963349781 197.0125405291 5.9526996164 30.4548740387 12.9563896614 252.4833478365 3
152 0.1658062789 0.2275909345 34.2195504039 94.354327958 2.7573222571 31.2792778015 13.8774777297 180.6095533186 3
303 0.0633554518 0.0397935069 22.5678927048 102.5003089897 4.5418644235 21.8308410645 5.7205006289 321.646837362 3
250 0.0870919297 0.0928515162 29.6375102856 180.7612437575 6.0990697942 26.1420974731 13.9632632319 280.1229064263 3
197 0.1326450232 0.0740019603 33.4606529676 409.6471412714 12.2426523376 26.9928073883 19.7738131904 231.7837876143 3
178 0.1495747169 0.0991347015 40.2906209757 474.4046992996 11.7745690637 25.9208278656 30.8454992657 209.1807379131 3
185 0.1497492498 0.0851720675 39.8914092245 361.747980316 9.0683178997 26.8607616425 29.4927795403 210.1787188199 3
103 0.1581268302 0.2918190509 23.754811344 78.2584737249 3.2944262361 22.3236026764 8.1208260291 124.9785610053 3
649.3693973479 0.1075122819 0.0188495559 207.1116914337 3344.432677502 16.1479666085 50.5474700928 200.848714465 623.9088141112 4
1496.7360544463 0.1038470905 0.0823795407 640.2759503982 11071.9977976663 17.292540491 108.2869186401 631.052482108 1178.274277509 4
1535.8507395877 0.0884881931 0.0041887902 637.3496743714 10814.0501683075 16.9672169033 96.6103973389 632.1651151578 1197.7621500369 4
1800 0.0919788516 0.20525072 362.8633212991 15021.5538883288 41.397278277 217.8339691162 290.2036402901 1893.6637123933 5
2400 0.0841248699 0.2206096175 596.0419555114 37939.2555708483 63.6519882871 261.3481750488 535.6894085687 2447.7723534764 5
1600 0.0719075652 -0.0663225116 436.9436030304 12655.342134564 28.9633308436 103.7327041626 432.1297489466 1475.3715337125 5
2300 0.0450294947 0.1368338134 185.4460437168 5086.2924971704 27.4273443382 178.6917419434 49.593290224 2480.592151132 5
2600 0.069987703 0.0488692191 745.4743691927 39845.7736975332 53.4502262508 154.1226043701 729.3683950429 2545.4197444546 5
