1000025 5 1 1 1 2 1 3 1 1 2
1016277 6 8 8 1 3 4 3 7 1 2
1017023 4 1 1 3 2 1 3 1 1 2
1018561 2 1 2 1 2 1 3 1 1 2
1041801 5 3 3 3 2 3 4 4 1 4
1047630 7 4 6 4 6 1 4 3 1 4
1050670 10 7 7 6 4 10 4 1 2 4
1054590 7 3 2 10 5 10 5 4 4 4
1056784 3 1 1 1 2 1 2 1 1 2
1070935 1 1 3 1 2 1 1 1 1 2
1074610 2 1 1 2 2 1 3 1 1 2
1080185 10 10 10 8 6 1 8 9 1 4
1084584 5 4 4 9 2 10 5 6 1 4
1099510 10 4 3 1 3 3 6 5 2 4
1102573 5 6 5 6 10 1 3 1 1 4
1103608 10 10 10 4 8 1 8 10 1 4
1110503 5 5 5 8 10 8 7 3 7 4
1112209 8 10 10 1 3 6 3 9 1 4
1113483 5 2 3 1 6 10 5 1 1 4
1113906 9 5 5 2 2 2 5 1 1 4
1115282 5 3 5 5 3 3 4 10 1 4
1116192 1 1 1 1 2 1 2 1 1 2
1121732 1 1 1 1 2 1 3 2 1 2
1126417 10 6 4 1 3 4 3 2 3 4
1131294 1 1 2 1 2 2 4 2 1 2
1147044 3 1 1 1 2 2 7 1 1 2
1147699 3 5 7 8 8 9 7 10 7 4
1148873 3 6 6 6 5 10 6 8 3 4
1156948 3 1 1 2 2 1 1 1 1 2
1160476 2 1 1 1 2 1 3 1 1 2
1164066 1 1 1 1 2 1 3 1 1 2
1165297 2 1 1 2 2 1 1 1 1 2
1165790 5 1 1 1 2 1 3 1 1 2
1165926 9 6 9 2 10 6 2 9 10 4
1167439 2 3 4 4 2 5 2 5 1 4
1168359 8 2 3 1 6 3 7 1 1 4
1170420 1 6 8 10 8 10 5 7 1 4
1171710 6 5 4 4 3 9 7 8 3 4
1173235 3 3 2 1 2 3 3 1 1 2
1173509 4 5 5 10 4 10 7 5 8 4
1176881 7 5 3 7 4 10 7 5 5 4
1177027 3 1 1 1 2 1 3 1 1 2
1179818 2 1 1 1 2 1 3 1 1 2
1180523 3 1 1 1 2 1 2 2 1 2
1180831 3 1 1 1 3 1 2 1 1 2
1182410 3 1 1 1 2 1 1 1 1 2
1183240 4 1 2 1 2 1 2 1 1 2
1183911 2 1 1 1 2 1 1 1 1 2
1184184 1 1 1 1 2 5 1 1 1 2
1184241 2 1 1 1 2 1 2 1 1 2
1187805 8 8 7 4 10 10 7 8 7 4
1189266 7 2 4 1 6 10 5 4 3 4
1189286 10 10 8 6 4 5 8 10 1 4
1190394 4 1 1 1 2 3 1 1 1 2
1193210 2 1 1 1 2 1 3 1 1 2
1196915 10 7 7 4 5 10 5 7 2 4
1197979 4 1 1 1 2 2 3 2 1 2
1200892 8 6 5 4 3 10 6 1 1 4
1200952 5 8 7 7 10 10 5 7 1 4
1201936 5 10 10 3 8 1 5 10 3 4
1206841 10 5 6 10 6 10 7 7 10 4
1207986 5 8 4 10 5 8 9 10 1 4
1212422 4 1 1 1 2 1 3 1 1 2
1213375 8 4 4 5 4 7 7 8 2 2
1213383 5 1 1 4 2 1 3 1 1 2
1216947 1 1 1 1 2 1 3 1 1 2
1217264 1 1 1 1 2 1 3 1 1 2
1218741 10 10 9 3 7 5 3 5 1 4
1219406 5 1 1 1 1 1 3 1 1 2
1219859 8 10 8 8 4 8 7 7 1 4
1221863 10 10 10 10 7 10 7 10 4 4
1224329 1 1 1 2 2 1 3 1 1 2
1226612 7 5 6 3 3 8 7 4 1 4
1228311 1 1 1 1 1 1 3 1 1 2
1230688 7 4 7 4 3 7 7 6 1 4
1241232 3 1 4 1 2 ? 3 1 1 2
1242364 8 10 10 8 6 9 3 10 10 4
1287775 5 1 1 2 2 2 3 1 1 2
144888 8 10 10 8 5 10 7 8 1 4
145447 8 4 4 1 2 9 3 3 1 4
167528 4 1 1 1 2 1 3 6 1 2
191250 10 4 4 10 2 10 5 3 3 4
1116116 9 10 10 1 10 8 3 3 1 4
1182404 3 1 1 1 2 1 1 1 1 2
1198641 3 1 1 1 2 1 3 1 1 2
314428 7 9 4 10 10 3 5 3 3 4
1182404 5 1 4 1 2 1 3 2 1 2
411453 5 1 1 1 2 1 3 1 1 2
431495 3 1 1 1 2 1 3 2 1 2
452264 1 1 1 1 2 1 2 1 1 2
535331 3 1 1 1 3 1 2 1 1 2
543558 6 1 3 1 4 5 5 10 1 4
560680 1 1 1 1 2 1 1 1 1 2
601265 10 4 4 6 2 10 2 3 1 4
63375 9 1 2 6 4 10 7 7 2 4
646904 1 1 1 1 2 1 3 1 1 2
659642 10 8 4 4 4 10 3 10 4 4
684955 2 1 1 1 3 1 2 1 1 2
693702 1 1 1 1 2 1 1 1 1 2
721482 4 4 4 4 6 5 7 3 1 2
733823 5 4 6 10 2 10 4 1 1 4
752904 10 1 1 1 2 10 5 4 1 4
756136 1 1 1 1 2 1 2 1 1 2
760239 10 4 6 4 5 10 7 1 1 4
785208 5 4 6 6 4 10 4 3 1 4
704097 1 1 1 1 1 1 2 1 1 2
809912 10 3 3 1 2 10 7 6 1 4
822829 7 6 4 8 10 10 9 5 3 4
826923 1 1 1 1 2 1 1 1 1 2
831268 1 1 1 1 1 1 1 3 1 2
832226 3 4 4 10 5 1 3 3 1 4
850831 2 7 10 10 7 10 4 9 4 4
859164 5 3 3 1 3 3 3 3 3 4
888169 3 2 2 1 4 3 2 1 1 2
95719 6 10 10 10 8 10 7 10 7 4
342245 1 1 3 1 2 1 1 1 1 2
428598 1 1 3 1 1 1 2 1 1 2
493452 4 1 2 1 2 1 2 1 1 2
560680 3 1 2 1 2 1 2 1 1 2
640712 1 1 1 1 2 1 2 1 1 2
654244 1 1 1 1 1 1 2 1 1 2
657753 3 1 1 4 3 1 2 2 1 2
1022257 2 1 1 1 2 1 1 1 1 2
1026122 2 1 1 1 2 1 1 1 1 2
1080233 7 6 6 3 2 10 7 1 1 4
1114570 2 1 1 1 2 1 2 2 1 2
1196263 4 1 1 1 2 1 1 1 1 2
1211265 3 10 8 7 6 9 9 3 8 4
1223543 1 2 1 3 2 1 1 2 1 2
1237674 3 1 2 1 2 1 2 1 1 2
1238464 1 1 1 1 1 ? 2 1 1 2
1239347 8 7 8 5 10 10 7 2 1 4
1257200 10 10 10 7 10 10 8 2 1 4
1257648 4 3 3 1 2 1 3 3 1 2
1276091 1 3 1 1 2 1 2 2 1 2
1293439 6 9 7 5 5 8 4 2 1 2
608157 10 4 3 10 4 10 10 1 1 4
734111 1 1 1 3 2 3 1 1 1 2
780555 5 1 1 6 3 1 2 1 1 2
1193544 5 7 9 8 6 10 8 10 1 4
1201870 4 1 1 3 1 1 2 1 1 2
1230994 4 5 5 8 6 10 10 7 1 4
1298416 10 6 6 2 4 10 9 7 1 4
1238777 6 1 1 3 2 1 1 1 1 2
1277145 5 1 1 1 2 1 1 1 1 2
1296593 5 2 1 1 2 1 1 1 1 2
1299161 4 8 7 10 4 10 7 5 1 4
1302428 5 3 2 4 2 1 1 1 1 2
1002025 1 1 1 3 1 3 1 1 1 2
1119189 5 8 9 4 3 10 7 1 1 4
1133991 4 1 1 1 1 1 2 1 1 2
1142706 5 10 10 10 6 10 6 5 2 4
1155967 5 1 2 10 4 5 2 1 1 2
1181567 1 1 1 1 1 1 1 1 1 2
1224565 6 1 1 1 2 1 3 1 1 2
1277268 3 3 1 1 2 1 1 1 1 2
1313325 4 10 4 7 3 10 9 10 1 4
1330439 4 7 8 3 4 10 9 1 1 4
412300 10 4 5 4 3 5 7 3 1 4
749653 3 1 1 1 2 1 2 1 1 2
798429 4 1 1 1 2 1 3 1 1 2
837480 7 4 4 3 4 10 6 9 1 4
1056171 2 1 1 1 2 1 2 1 1 2
1113061 5 1 1 1 2 1 3 1 1 2
1171578 3 1 1 1 2 1 1 1 1 2
1241035 7 8 3 7 4 5 7 8 2 4
1289391 1 1 1 1 2 1 3 1 1 2
1306339 4 4 2 1 2 5 2 1 2 2
1321264 5 2 2 2 1 1 2 1 1 2
1321942 5 1 1 1 2 1 3 1 1 2
1331405 4 1 1 1 2 1 3 2 1 2
1343068 8 4 4 1 6 10 2 5 2 4
142932 7 6 10 5 3 10 9 10 2 4
183936 3 1 1 1 2 1 2 1 1 2
695091 1 1 1 1 2 1 2 1 1 2
695219 1 1 1 1 2 1 2 1 1 2
871549 5 1 2 1 2 1 2 1 1 2
878358 5 7 10 6 5 10 7 5 1 4
1115762 3 1 1 1 2 1 1 1 1 2
1254538 8 10 10 10 6 10 10 10 1 4
1268275 9 8 8 9 6 3 4 1 1 4
1294261 4 10 8 5 4 1 10 1 1 4
1298484 10 3 4 5 3 10 4 1 1 4
1311875 5 1 2 1 2 1 1 1 1 2
1315506 4 8 6 3 4 10 7 1 1 4
1325309 4 1 2 1 2 1 2 1 1 2
1333063 5 1 3 1 2 1 3 1 1 2
1333495 3 1 1 1 2 1 2 1 1 2
1334659 5 2 4 1 1 1 1 1 1 2
1344449 1 1 1 1 1 1 2 1 1 2
1350568 4 1 1 1 2 1 2 1 1 2
411453 1 1 1 1 2 1 1 1 1 2
1016634 2 3 1 1 2 1 2 1 1 2
1031608 2 1 1 1 1 1 2 1 1 2
1042252 3 1 1 1 2 1 2 1 1 2
1061990 4 1 1 1 2 1 2 1 1 2
1083817 3 1 1 1 2 1 2 1 1 2
1096352 6 3 3 3 3 2 6 1 1 2
1149548 1 1 1 1 2 1 1 1 1 2
1190386 4 6 6 5 7 6 7 7 3 4
1213273 2 1 1 1 2 1 1 1 1 2
1218982 4 1 1 1 2 1 1 1 1 2
1260659 3 1 4 1 2 1 1 1 1 2
1275807 4 2 4 3 2 2 2 1 1 2
1290203 3 1 1 1 2 1 2 1 1 2
1311108 1 1 1 3 2 1 1 1 1 2
1315807 5 10 10 10 10 2 10 10 10 4
1323477 1 2 1 3 2 1 2 1 1 2
1324572 5 1 1 1 2 1 2 2 1 2
1334015 7 8 8 7 3 10 7 2 3 4
1334667 1 1 1 1 2 1 1 1 1 2
1339781 4 1 1 1 2 1 3 1 1 2
1345593 3 1 1 3 2 1 2 1 1 2
1348851 3 1 1 1 2 1 3 1 1 2
1350423 5 10 10 8 5 5 7 10 1 4
1354840 2 1 1 1 2 1 3 1 1 2
1355260 1 1 1 1 2 1 2 1 1 2
1365328 1 1 2 1 2 1 2 1 1 2
1369821 10 10 10 10 5 10 10 10 7 4
1371920 5 1 1 1 2 1 3 2 1 2
534555 1 1 1 1 2 1 1 1 1 2
695091 5 10 10 5 4 5 4 4 1 4
714039 3 1 1 1 2 1 1 1 1 2
776715 3 1 1 1 3 2 1 1 1 2
888820 5 10 10 3 7 3 8 10 2 4
897471 4 8 6 4 3 4 10 6 1 4
