0.647059
0.678862
0.659878
0.651992
0.661258
0.652807
0.644958
0.645923
0.659664
0.656315
0.649299
0.664634
0.657201
0.663136
0.661191
0.653101
0.658252
0.662675
0.645621
0.666667
0.642424
0.661734
0.683128
0.653608
0.659708
0.650526
0.653772
0.653595
0.640244
0.659878
0.679834
0.640496
0.657201
0.655804
0.662055
0.660297
0.649378
0.656965
0.657084
0.647182
0.646365
0.639752
0.646341
0.654545
0.652263
0.659919
0.644309
0.663347
0.664
0.65032
0.646341
0.679487
0.660819
0.640316
0.64
0.66736
0.665306
0.659229
0.641237
0.63125
0.635052
0.656627
0.658996
0.649194
0.661123
0.663984
0.65762
0.6625
0.663327
0.644491
0.640756
0.651639
0.648649
0.658487
0.655804
0.641822
0.656504
0.66453
0.647917
0.639175
0.652263
0.65444
0.658683
0.650826
0.649378
0.646707
0.639309
0.654762
0.654244
0.669307
0.640257
0.658537
0.672165
0.640657
0.653101
0.666667
0.66
0.680171
0.664646
0.674603
