1629739610 
1629739616 
1629739621 
1629739626 
1629739631 
1629739636 
1629739641 
1629739646 
1629739651 
1629739656 
1629739661 
1629739666 
1629739671 
1629739676 
1629739681 
1629739686 
1629739691 
1629739696 
1629739701 
1629739706 
1629739711 
1629739716 
1629739721 
1629739726 
1629739731 
1629739736 
1629739741 
1629739746 
1629739751 
1629739756 
1629739761 
1629739766 
1629739771 
1629739776 
1629739781 
1629739786 
1629739791 
1629739796 
1629739801 
1629739806 
1629739811 
1629739816 
1629739821 
1629739826 
1629739831 
1629739836 
1629739841 
1629739846 
1629739851 
1629739856 
1629739861 
1629739866 
1629739871 
1629739876 
1629739881 
1629739886 
1629739891 
1629739896 
1629739901 
1629739906 
1629739911 
1629739916 
1629739921 
1629739926 
1629739931 
1629739936 
1629739941 
1629739946 
1629739951 
1629739956 
1629739961 
1629739966 
1629739971 
1629739976 
1629739981 
1629739986 
1629739991 
1629739996 
1629740001 
1629740006 
1629740011 
1629740016 
1629740021 
1629740026 
1629740031 
1629740036 
1629740041 
1629740046 
1629740051 
1629740056 
1629740061 
1629740066 
1629740071 
1629740076 
1629740081 
1629740086 
1629740091 
1629740096 
1629740101 
1629740106 
