0.635417
0.683168
0.990654
0.87156
0.905172
0.990385
0.881818
1
1
0.981818
0.933333
0.895238
1
0.672727
1
0.862385
0.962963
0.927083
0.663462
1
0.952381
0.837607
0.915888
1
0.960396
1
1
0.666667
1
1
0.909091
1
1
1
0.64486
0.990476
1
1
1
1
0.648649
1
1
1
1
1
0.990909
0.990476
0.641509
0.633663
0.877358
0.898876
1
1
0.663793
1
0.959596
1
0.836364
0.589286
1
0.910891
1
0.64486
0.640777
1
0.625
0.891089
0.968421
0.932692
0.893617
0.940594
1
0.96
0.89
0.919192
0.99
0.876106
1
0.96875
1
0.831858
0.990291
1
0.954545
1
1
1
0.616162
0.990476
1
0.963964
1
0.945455
0.953704
1
0.642857
0.648148
0.903846
0.66
