1016277 6 8 8 1 3 4 3 7 1 2
1033078 2 1 1 1 2 1 1 1 5 2
1033078 4 2 1 1 2 1 2 1 1 2
1035283 1 1 1 1 1 1 3 1 1 2
1043999 1 1 1 1 2 3 3 1 1 2
1048672 4 1 1 1 2 1 2 1 1 2
1065726 5 2 3 4 2 7 3 6 1 4
1067444 2 1 1 1 2 1 2 1 1 2
1074610 2 1 1 2 2 1 3 1 1 2
1084584 5 4 4 9 2 10 5 6 1 4
1091262 2 5 3 3 6 7 7 5 1 4
1099510 10 4 3 1 3 3 6 5 2 4
1105524 1 1 1 1 2 1 2 1 1 2
1106829 7 8 7 2 4 8 3 8 2 4
1110102 10 3 6 2 3 5 4 10 2 4
1113038 8 2 4 1 5 1 5 4 4 4
1113483 5 2 3 1 6 10 5 1 1 4
1115282 5 3 5 5 3 3 4 10 1 4
1120559 8 3 8 3 4 9 8 9 8 4
1121732 1 1 1 1 2 1 3 2 1 2
1121919 5 1 3 1 2 1 2 1 1 2
1123061 6 10 2 8 10 2 7 8 10 4
1125035 9 4 5 10 6 10 4 8 1 4
1126417 10 6 4 1 3 4 3 2 3 4
1131294 1 1 2 1 2 2 4 2 1 2
1132347 1 1 4 1 2 1 2 1 1 2
1133041 5 3 1 2 2 1 2 1 1 2
1137156 2 2 2 1 1 1 7 1 1 2
1147044 3 1 1 1 2 2 7 1 1 2
1147748 5 10 6 1 10 4 4 10 10 4
1157734 4 1 1 1 2 1 3 1 1 2
1160476 2 1 1 1 2 1 3 1 1 2
1165297 2 1 1 2 2 1 1 1 1 2
1166630 7 5 6 10 5 10 7 9 4 4
1167439 2 3 4 4 2 5 2 5 1 4
1168359 8 2 3 1 6 3 7 1 1 4
1173216 10 10 10 3 10 8 8 1 1 4
1173681 3 2 1 1 2 2 3 1 1 2
1174057 4 2 1 1 2 2 3 1 1 2
1176881 7 5 3 7 4 10 7 5 5 4
1177512 1 1 1 1 10 1 1 1 1 2
1179818 2 1 1 1 2 1 3 1 1 2
1180523 3 1 1 1 2 1 2 2 1 2
1182410 3 1 1 1 2 1 1 1 1 2
1184184 1 1 1 1 2 5 1 1 1 2
1184241 2 1 1 1 2 1 2 1 1 2
1185609 3 4 5 2 6 8 4 1 1 4
1188472 1 1 1 1 1 1 3 1 1 2
1190394 4 1 1 1 2 3 1 1 1 2
1193210 2 1 1 1 2 1 3 1 1 2
1193683 1 1 2 1 3 ? 1 1 1 2
1197440 1 1 1 2 1 3 1 1 7 2
1197993 5 6 7 8 8 10 3 10 3 4
1199731 3 1 1 1 2 1 1 1 1 2
1200772 1 1 1 1 2 1 2 1 1 2
1200847 6 10 10 10 8 10 10 10 7 4
1200952 5 8 7 7 10 10 5 7 1 4
1205579 8 7 6 4 4 10 5 1 1 4
1206841 10 5 6 10 6 10 7 7 10 4
1207986 5 8 4 10 5 8 9 10 1 4
1210963 10 10 10 8 6 8 7 10 1 4
1212232 5 1 1 1 2 1 2 1 1 2
1212422 3 1 1 1 2 1 3 1 1 2
1212422 4 1 1 1 2 1 3 1 1 2
1213375 8 4 4 5 4 7 7 8 2 2
1214556 3 1 1 1 2 1 2 1 1 2
1216694 10 8 8 4 10 10 8 1 1 4
1218860 1 1 1 1 1 1 3 1 1 2
1219406 5 1 1 1 1 1 3 1 1 2
1222936 8 7 8 7 5 5 5 10 2 4
1223793 6 10 7 7 6 4 8 10 2 4
1224329 1 1 1 2 2 1 3 1 1 2
1226012 4 1 1 3 1 5 2 1 1 4
1226612 7 5 6 3 3 8 7 4 1 4
1227210 10 5 5 6 3 10 7 9 2 4
1227481 10 5 7 4 4 10 8 9 1 4
1228152 8 9 9 5 3 5 7 7 1 4
1228311 1 1 1 1 1 1 3 1 1 2
1231706 8 4 6 3 3 1 4 3 1 2
1236043 3 3 2 1 3 1 3 6 1 2
1241559 10 8 8 2 8 10 4 8 10 4
1241679 9 8 8 5 6 2 4 10 4 4
1276091 3 1 1 3 1 1 3 1 1 2
1277018 2 1 1 1 2 1 3 1 1 2
128059 1 1 1 1 2 5 5 1 1 2
1287775 5 1 1 2 2 2 3 1 1 2
144888 8 10 10 8 5 10 7 8 1 4
145447 8 4 4 1 2 9 3 3 1 4
1182404 3 1 1 1 2 1 2 1 1 2
263538 5 10 10 6 10 10 10 6 5 4
274137 8 8 9 4 5 10 7 8 1 4
314428 7 9 4 10 10 3 5 3 3 4
1182404 5 1 4 1 2 1 3 2 1 2
411453 5 1 1 1 2 1 3 1 1 2
320675 3 3 5 2 3 10 7 1 1 4
428903 7 2 4 1 3 4 3 3 1 4
431495 3 1 1 1 2 1 3 2 1 2
432809 3 1 3 1 2 ? 2 1 1 2
434518 3 1 1 1 2 1 2 1 1 2
508234 7 4 5 10 2 10 3 8 2 4
563649 8 8 8 1 2 ? 6 10 1 4
606722 5 5 7 8 6 10 7 4 1 4
616240 5 3 4 3 4 5 4 7 1 2
63375 9 1 2 6 4 10 7 7 2 4
635844 8 4 10 5 4 4 7 10 1 4
666942 1 1 1 1 2 1 3 1 1 2
673637 3 1 1 1 2 5 5 1 1 2
688033 1 1 1 1 2 1 1 1 1 2
718641 1 1 1 1 5 1 3 1 1 2
730881 7 6 3 2 5 10 7 4 6 4
733823 5 4 6 10 2 10 4 1 1 4
743348 3 2 2 1 2 1 2 3 1 2
76389 10 4 7 2 2 8 6 1 1 4
704097 1 1 1 1 1 1 2 1 1 2
831268 1 1 1 1 1 1 1 3 1 2
832567 4 2 3 5 3 8 7 6 1 4
846832 3 4 5 3 7 3 4 6 1 2
850831 2 7 10 10 7 10 4 9 4 4
857774 4 1 1 1 3 1 2 2 1 2
859164 5 3 3 1 3 3 3 3 3 4
866325 8 10 5 3 8 4 4 10 3 4
888523 4 4 4 2 2 3 2 1 1 2
342245 1 1 3 1 2 1 1 1 1 2
428598 1 1 3 1 1 1 2 1 1 2
636437 1 1 1 1 2 1 1 1 1 2
640712 1 1 1 1 2 1 2 1 1 2
685977 5 3 4 1 4 1 3 1 1 2
846423 10 6 3 6 4 10 7 8 4 4
1151734 10 8 7 4 3 10 7 9 1 4
1196263 4 1 1 1 2 1 1 1 1 2
1196475 3 2 1 1 2 1 2 2 1 2
1234554 1 1 1 1 2 1 2 1 1 2
1238915 5 1 2 1 2 1 3 1 1 2
1239232 3 3 2 6 3 3 3 5 1 2
1255384 3 2 2 3 2 3 3 1 1 2
1257815 5 1 3 1 2 1 2 1 1 2
1258549 9 10 10 10 10 10 10 10 1 4
1258556 5 3 6 1 2 1 1 1 1 2
1276091 2 1 1 1 2 1 2 1 1 2
1276091 1 3 1 1 2 1 2 2 1 2
527337 4 1 1 1 2 1 1 1 1 2
566509 5 1 1 1 2 1 1 1 1 2
1182404 1 1 1 1 1 1 1 1 1 2
1246562 10 2 2 1 2 6 1 1 2 4
1257470 10 6 5 8 5 10 8 6 1 4
1268313 5 1 1 3 2 1 1 1 1 2
1276091 6 1 1 3 2 1 1 1 1 2
1299596 6 6 6 5 4 10 7 6 2 4
1211594 3 1 1 1 1 1 2 1 1 2
1296025 4 1 2 1 2 1 1 1 1 2
1296263 4 1 1 1 2 1 1 1 1 2
1296593 5 2 1 1 2 1 1 1 1 2
1299161 4 8 7 10 4 10 7 5 1 4
1301945 5 1 1 1 1 1 1 1 1 2
1318169 9 10 10 10 10 5 10 10 10 4
1002025 1 1 1 3 1 3 1 1 1 2
1070522 3 1 1 1 1 1 2 1 1 2
1076352 3 6 4 10 3 3 3 4 1 4
1217952 4 1 1 1 2 1 2 1 1 2
1224565 6 1 1 1 2 1 3 1 1 2
1238186 4 1 1 1 2 1 2 1 1 2
1265899 4 1 1 1 2 1 3 1 1 2
1277268 3 3 1 1 2 1 1 1 1 2
1295508 1 1 1 1 2 4 1 1 1 2
1299924 5 1 1 1 2 1 2 1 1 2
1299994 5 1 1 1 2 1 1 1 1 2
1304595 3 1 1 1 1 1 2 1 1 2
1306282 6 6 7 10 3 10 8 10 2 4
1313325 4 10 4 7 3 10 9 10 1 4
1320077 1 1 1 1 1 1 1 1 1 2
1320077 1 1 1 1 1 1 2 1 1 2
369565 4 1 1 1 3 1 1 1 1 2
672113 7 5 6 10 4 10 5 3 1 4
769612 4 1 1 1 2 1 1 1 1 2
798429 4 1 1 1 2 1 3 1 1 2
1116192 5 1 2 1 2 1 3 1 1 2
1135090 4 1 1 1 2 1 2 1 1 2
1184586 4 1 1 1 2 1 2 1 1 2
1186936 2 1 3 2 2 1 2 1 1 2
1240603 2 1 1 1 1 1 1 1 1 2
1287971 3 1 1 1 2 1 2 1 1 2
1299924 3 2 2 2 2 1 4 2 1 2
1306339 4 4 2 1 2 5 2 1 2 2
1313658 3 1 1 1 2 1 1 1 1 2
1321321 5 1 1 3 2 1 1 1 1 2
1321942 5 1 1 1 2 1 3 1 1 2
1343374 10 10 8 10 6 5 10 3 1 4
1344121 8 10 4 4 8 10 8 2 1 4
183936 3 1 1 1 2 1 2 1 1 2
385103 5 1 2 1 2 1 3 1 1 2
695091 1 1 1 1 2 1 2 1 1 2
824249 1 1 1 1 2 1 3 1 1 2
871549 5 1 2 1 2 1 2 1 1 2
878358 5 7 10 6 5 10 7 5 1 4
1217717 5 1 1 6 3 1 1 1 1 2
1239420 1 1 1 1 2 1 1 1 1 2
1315506 4 8 6 3 4 10 7 1 1 4
1320141 5 1 1 1 2 1 2 1 1 2
1350568 4 1 1 1 2 1 2 1 1 2
1352663 5 4 6 8 4 1 8 10 1 4
557583 5 10 10 10 10 10 10 1 1 4
736150 10 4 3 10 3 10 7 1 2 4
822829 8 10 10 10 6 10 10 10 10 4
1042252 3 1 1 1 2 1 2 1 1 2
1218982 4 1 1 1 2 1 1 1 1 2
1238777 1 1 1 1 2 1 1 1 1 2
1253955 8 7 4 4 5 3 5 10 1 4
1260659 3 1 4 1 2 1 1 1 1 2
1268952 10 10 7 8 7 1 10 10 3 4
1275807 4 2 4 3 2 2 2 1 1 2
1311033 1 2 2 1 2 1 1 1 1 2
1315807 5 10 10 10 10 2 10 10 10 4
1323477 1 2 1 3 2 1 2 1 1 2
1330361 5 1 1 1 2 1 2 1 1 2
1333877 5 4 5 1 8 1 3 6 1 2
1334015 7 8 8 7 3 10 7 2 3 4
1345593 3 1 1 3 2 1 2 1 1 2
1347943 5 2 2 2 2 1 1 1 2 2
1353092 3 2 1 2 2 1 3 1 1 2
1354840 5 3 2 1 3 1 1 1 1 2
1355260 1 1 1 1 2 1 2 1 1 2
1368267 5 1 1 1 2 1 1 1 1 2
1368882 2 1 1 1 2 1 1 1 1 2
1371920 5 1 1 1 2 1 3 2 1 2
654546 1 1 1 1 2 1 1 1 8 2
654546 1 1 1 3 2 1 1 1 1 2
763235 3 1 1 1 2 1 2 1 2 2
776715 3 1 1 1 3 2 1 1 1 2
841769 2 1 1 1 2 1 1 1 1 2
897471 4 8 6 4 3 4 10 6 1 4
