1002945 5 4 4 5 7 10 3 2 1 2
1016277 6 8 8 1 3 4 3 7 1 2
1017023 4 1 1 3 2 1 3 1 1 2
1035283 1 1 1 1 1 1 3 1 1 2
1043999 1 1 1 1 2 3 3 1 1 2
1047630 7 4 6 4 6 1 4 3 1 4
1050670 10 7 7 6 4 10 4 1 2 4
1057013 8 4 5 1 2 ? 7 3 1 4
1059552 1 1 1 1 2 1 3 1 1 2
1065726 5 2 3 4 2 7 3 6 1 4
1070935 1 1 3 1 2 1 1 1 1 2
1072179 10 7 7 3 8 5 7 4 3 4
1079304 2 1 1 1 2 1 2 1 1 2
1080185 10 10 10 8 6 1 8 9 1 4
1091262 2 5 3 3 6 7 7 5 1 4
1100524 6 10 10 2 8 10 7 3 3 4
1103608 10 10 10 4 8 1 8 10 1 4
1106095 4 1 1 3 2 1 3 1 1 2
1108370 9 5 8 1 2 3 2 1 5 4
1113906 9 5 5 2 2 2 5 1 1 4
1116116 9 10 10 1 10 8 3 3 1 4
1116132 6 3 4 1 5 2 3 9 1 4
1116998 10 4 2 1 3 2 4 3 10 4
1120559 8 3 8 3 4 9 8 9 8 4
1121732 1 1 1 1 2 1 3 2 1 2
1126417 10 6 4 1 3 4 3 2 3 4
1131294 1 1 2 1 2 2 4 2 1 2
1136142 2 1 1 1 3 1 2 1 1 2
1143978 5 2 1 1 2 1 3 1 1 2
1147748 5 10 6 1 10 4 4 10 10 4
1152331 4 1 1 1 2 1 3 1 1 2
1156948 3 1 1 2 2 1 1 1 1 2
1158247 1 1 1 1 2 1 2 1 1 2
1164066 1 1 1 1 2 1 3 1 1 2
1165297 2 1 1 2 2 1 1 1 1 2
1168359 8 2 3 1 6 3 7 1 1 4
1169049 7 3 4 4 3 3 3 2 7 4
1173347 1 1 1 1 2 5 1 1 1 2
1173681 3 2 1 1 2 2 3 1 1 2
1174057 1 1 2 2 2 1 3 1 1 2
1174131 10 10 10 2 10 10 5 3 3 4
1174428 5 3 5 1 8 10 5 3 1 4
1175937 5 4 6 7 9 7 8 10 1 4
1177512 1 1 1 1 10 1 1 1 1 2
1180523 3 1 1 1 2 1 2 2 1 2
1180831 3 1 1 1 3 1 2 1 1 2
1184184 1 1 1 1 2 5 1 1 1 2
1189286 10 10 8 6 4 5 8 10 1 4
1196915 10 7 7 4 5 10 5 7 2 4
1197080 4 1 1 1 2 1 3 2 1 2
1198128 10 8 10 10 6 1 3 1 10 4
1199219 1 1 1 2 1 1 1 1 1 2
1200847 6 10 10 10 8 10 10 10 7 4
1202125 4 1 1 1 2 1 3 1 1 2
1202812 5 3 3 3 6 10 3 1 1 4
1204242 1 1 1 1 2 1 1 1 1 2
1205138 5 8 8 8 5 10 7 8 1 4
1207986 5 8 4 10 5 8 9 10 1 4
1210963 10 10 10 8 6 8 7 10 1 4
1211202 7 5 10 10 10 10 4 10 3 4
1212251 1 1 1 1 2 1 3 1 1 2
1212422 4 1 1 1 2 1 3 1 1 2
1214092 1 1 1 1 2 1 1 1 1 2
1217264 1 1 1 1 2 1 3 1 1 2
1219525 8 10 10 10 5 10 8 10 6 4
1220330 1 1 1 1 2 1 3 1 1 2
1221863 10 10 10 10 7 10 7 10 4 4
1222047 10 10 10 10 3 10 10 6 1 4
1222936 8 7 8 7 5 5 5 10 2 4
1223282 1 1 1 1 2 1 2 1 1 2
1223426 1 1 1 1 2 1 3 1 1 2
1223967 6 1 3 1 2 1 3 1 1 2
1225799 10 6 4 3 10 10 9 10 1 4
1227210 10 5 5 6 3 10 7 9 2 4
1228311 1 1 1 1 1 1 3 1 1 2
1276091 3 1 1 3 1 1 3 1 1 2
1287775 5 1 1 2 2 2 3 1 1 2
145447 8 4 4 1 2 9 3 3 1 4
1116116 9 10 10 1 10 8 3 3 1 4
1182404 3 1 1 1 2 1 1 1 1 2
255644 10 5 8 10 3 10 5 1 3 4
1182404 5 1 4 1 2 1 3 2 1 2
1198641 10 10 6 3 3 10 4 3 2 4
428903 7 2 4 1 3 4 3 3 1 4
488173 1 4 3 10 4 10 5 6 1 4
560680 1 1 1 1 2 1 1 1 1 2
561477 1 1 1 1 2 1 3 1 1 2
601265 10 4 4 6 2 10 2 3 1 4
61634 5 4 3 1 2 ? 2 3 1 2
63375 9 1 2 6 4 10 7 7 2 4
659642 10 8 4 4 4 10 3 10 4 4
718641 1 1 1 1 5 1 3 1 1 2
733639 3 1 1 1 2 ? 3 1 1 2
760239 10 4 6 4 5 10 7 1 1 4
785208 5 4 6 6 4 10 4 3 1 4
785615 8 6 7 3 3 10 3 4 2 4
797327 6 5 5 8 4 10 3 4 1 4
704097 1 1 1 1 1 1 2 1 1 2
809912 10 3 3 1 2 10 7 6 1 4
810104 1 1 1 1 2 1 3 1 1 2
814265 2 1 1 1 2 1 1 1 1 2
836433 5 1 1 3 2 1 1 1 1 2
877291 6 10 10 10 10 10 8 10 10 4
877943 3 10 3 10 6 10 5 1 4 4
95719 6 10 10 10 8 10 7 10 7 4
492561 4 3 2 1 3 1 2 1 1 2
654244 1 1 1 1 1 1 2 1 1 2
685977 5 3 4 1 4 1 3 1 1 2
1022257 2 1 1 1 2 1 1 1 1 2
1114570 5 3 3 2 3 1 3 1 1 2
1114570 2 1 1 1 2 1 2 2 1 2
1116715 5 1 1 1 3 2 2 2 1 2
1156017 3 1 1 1 2 1 2 1 1 2
1168278 3 1 1 1 2 1 2 1 1 2
1196475 3 2 1 1 2 1 2 2 1 2
1206314 1 2 3 1 2 1 1 1 1 2
1213784 3 1 1 1 2 1 1 1 1 2
1223543 1 2 1 3 2 1 1 2 1 2
1231853 4 2 2 1 2 1 2 1 1 2
1234554 1 1 1 1 2 1 2 1 1 2
1238021 1 1 1 1 2 1 2 1 1 2
1240337 5 2 2 2 2 2 3 2 2 2
1257938 3 1 1 1 2 1 1 1 1 2
1266154 8 7 8 2 4 2 5 10 1 4
1272039 1 1 1 1 2 1 2 1 1 2
1277629 5 1 1 1 2 1 2 2 1 2
558538 4 1 3 3 2 1 1 1 1 2
734111 1 1 1 3 2 3 1 1 1 2
1058849 5 1 1 1 2 1 1 1 1 2
1201870 4 1 1 3 1 1 2 1 1 2
1227081 3 1 1 3 2 1 1 1 1 2
1230994 4 5 5 8 6 10 10 7 1 4
1267898 5 1 3 1 2 1 1 1 1 2
1268313 5 1 1 3 2 1 1 1 1 2
1181685 1 1 2 1 2 1 2 1 1 2
1277145 5 1 1 1 2 1 1 1 1 2
1296263 4 1 1 1 2 1 1 1 1 2
1296593 5 2 1 1 2 1 1 1 1 2
1299161 4 8 7 10 4 10 7 5 1 4
1301945 5 1 1 1 1 1 1 1 1 2
1318169 9 10 10 10 10 5 10 10 10 4
1002025 1 1 1 3 1 3 1 1 1 2
1076352 3 6 4 10 3 3 3 4 1 4
1182404 4 2 1 1 2 1 1 1 1 2
1217952 4 1 1 1 2 1 2 1 1 2
1224565 6 1 1 1 2 1 3 1 1 2
1265899 4 1 1 1 2 1 3 1 1 2
1277268 3 3 1 1 2 1 1 1 1 2
1286943 8 10 10 10 7 5 4 8 7 4
1298360 1 1 1 1 2 1 1 1 1 2
1313325 4 10 4 7 3 10 9 10 1 4
1330439 4 7 8 3 4 10 9 1 1 4
369565 4 1 1 1 3 1 1 1 1 2
769612 4 1 1 1 2 1 1 1 1 2
798429 4 1 1 1 2 1 3 1 1 2
8233704 4 1 1 1 1 1 2 1 1 2
837480 7 4 4 3 4 10 6 9 1 4
867392 4 2 2 1 2 1 2 1 1 2
869828 1 1 1 1 1 1 3 1 1 2
1043068 3 1 1 1 2 1 2 1 1 2
1061990 1 1 3 2 2 1 3 1 1 2
1116192 5 1 2 1 2 1 3 1 1 2
1171578 3 1 1 1 2 1 1 1 1 2
1174841 5 3 1 1 2 1 1 1 1 2
1321321 5 1 1 3 2 1 1 1 1 2
1321931 5 1 1 1 2 1 2 1 1 2
1321942 5 1 1 1 2 1 3 1 1 2
1328755 3 1 1 1 2 1 2 1 1 2
1331405 4 1 1 1 2 1 3 2 1 2
1333104 3 1 2 1 2 1 3 1 1 2
324382 1 1 1 1 2 1 2 1 1 2
378275 10 9 7 3 4 2 7 7 1 4
690557 5 1 1 1 2 1 2 1 1 2
1115762 3 1 1 1 2 1 1 1 1 2
1254538 8 10 10 10 6 10 10 10 1 4
1336798 3 1 1 1 2 1 2 1 1 2
1344449 1 1 1 1 1 1 2 1 1 2
1350568 4 1 1 1 2 1 2 1 1 2
352431 10 5 10 3 5 8 7 8 3 4
803531 5 10 10 10 5 2 8 5 1 4
1042252 3 1 1 1 2 1 2 1 1 2
1073836 5 1 1 1 2 1 2 1 1 2
1140597 7 1 2 3 2 1 2 1 1 2
1183596 3 1 3 1 3 4 1 1 1 2
1257366 3 1 1 1 2 1 1 1 1 2
1268952 10 10 7 8 7 1 10 10 3 4
1277792 4 1 1 1 2 1 1 1 1 2
1277792 5 1 1 3 2 1 1 1 1 2
1285722 4 1 1 3 2 1 1 1 1 2
1288608 3 1 1 1 2 1 2 1 1 2
1303489 3 1 1 1 2 1 2 1 1 2
1339781 1 1 1 1 2 1 2 1 1 2
1347749 1 1 1 1 2 1 1 1 1 2
1348851 3 1 1 1 2 1 3 1 1 2
1350319 5 7 4 1 6 1 7 10 3 4
1352848 3 10 7 8 5 8 7 4 1 4
1355260 1 1 1 1 2 1 2 1 1 2
1368882 2 1 1 1 2 1 1 1 1 2
534555 1 1 1 1 2 1 1 1 1 2
654546 1 1 1 3 2 1 1 1 1 2
714039 3 1 1 1 2 1 1 1 1 2
841769 2 1 1 1 2 1 1 1 1 2
888820 5 10 10 3 7 3 8 10 2 4
897471 4 8 8 5 4 5 10 4 1 4
