1002945 5 4 4 5 7 10 3 2 1 2
1016277 6 8 8 1 3 4 3 7 1 2
1017023 4 1 1 3 2 1 3 1 1 2
1017122 8 10 10 8 7 10 9 7 1 4
1033078 2 1 1 1 2 1 1 1 5 2
1043999 1 1 1 1 2 3 3 1 1 2
1050670 10 7 7 6 4 10 4 1 2 4
1059552 1 1 1 1 2 1 3 1 1 2
1070935 1 1 3 1 2 1 1 1 1 2
1070935 3 1 1 1 1 1 2 1 1 2
1071760 2 1 1 1 2 1 3 1 1 2
1074610 2 1 1 2 2 1 3 1 1 2
1100524 6 10 10 2 8 10 7 3 3 4
1103722 1 1 1 1 2 1 2 1 2 2
1105524 1 1 1 1 2 1 2 1 1 2
1106829 7 8 7 2 4 8 3 8 2 4
1111249 10 6 6 3 4 5 3 6 1 4
1113038 8 2 4 1 5 1 5 4 4 4
1113906 9 5 5 2 2 2 5 1 1 4
1116998 10 4 2 1 3 2 4 3 10 4
1121732 1 1 1 1 2 1 3 2 1 2
1152331 4 1 1 1 2 1 3 1 1 2
1155546 2 1 1 2 3 1 2 1 1 2
1156272 1 1 1 1 2 1 3 1 1 2
1156948 3 1 1 2 2 1 1 1 1 2
1157734 4 1 1 1 2 1 3 1 1 2
1166630 7 5 6 10 5 10 7 9 4 4
1168359 8 2 3 1 6 3 7 1 1 4
1170420 1 6 8 10 8 10 5 7 1 4
1172152 10 3 3 10 2 10 7 3 3 4
1173514 1 1 1 1 4 3 1 1 1 2
1177399 8 3 5 4 5 10 1 6 2 4
1179818 2 1 1 1 2 1 3 1 1 2
1183240 4 1 2 1 2 1 2 1 1 2
1183911 2 1 1 1 2 1 1 1 1 2
1184184 1 1 1 1 2 5 1 1 1 2
1184241 2 1 1 1 2 1 2 1 1 2
1184840 1 1 3 1 2 ? 2 1 1 2
1185609 3 4 5 2 6 8 4 1 1 4
1185610 1 1 1 1 3 2 2 1 1 2
1187457 3 1 1 3 8 1 5 8 1 2
1187805 8 8 7 4 10 10 7 8 7 4
1189286 10 10 8 6 4 5 8 10 1 4
1190485 1 1 1 1 2 1 1 1 1 2
1192325 5 5 5 6 3 10 3 1 1 4
1197510 5 1 1 1 2 ? 3 1 1 2
1198641 3 1 1 1 2 1 3 1 1 2
1199219 1 1 1 2 1 1 1 1 1 2
1200892 8 6 5 4 3 10 6 1 1 4
1204242 1 1 1 1 2 1 1 1 1 2
1206089 2 1 1 1 1 1 3 1 1 2
1207986 5 8 4 10 5 8 9 10 1 4
1212422 4 1 1 1 2 1 3 1 1 2
1213375 8 4 4 5 4 7 7 8 2 2
1213383 5 1 1 4 2 1 3 1 1 2
1214092 1 1 1 1 2 1 1 1 1 2
1214556 3 1 1 1 2 1 2 1 1 2
1214966 9 7 7 5 5 10 7 8 3 4
1216694 10 8 8 4 10 10 8 1 1 4
1217051 5 1 1 1 2 1 3 1 1 2
1217264 1 1 1 1 2 1 3 1 1 2
1218105 5 10 10 9 6 10 7 10 5 4
1221863 10 10 10 10 7 10 7 10 4 4
1225799 10 6 4 3 10 10 9 10 1 4
1227244 1 1 1 1 2 1 2 1 1 2
1230688 7 4 7 4 3 7 7 6 1 4
1231706 8 4 6 3 3 1 4 3 1 2
1241679 9 8 8 5 6 2 4 10 4 4
1243256 10 4 3 2 3 10 5 3 2 4
128059 1 1 1 1 2 5 5 1 1 2
1100524 6 10 10 2 8 10 7 3 3 4
1116116 9 10 10 1 10 8 3 3 1 4
1182404 3 1 1 1 2 1 1 1 1 2
274137 8 8 9 4 5 10 7 8 1 4
314428 7 9 4 10 10 3 5 3 3 4
1182404 5 1 4 1 2 1 3 2 1 2
320675 3 3 5 2 3 10 7 1 1 4
411453 5 1 1 1 2 1 3 1 1 2
434518 3 1 1 1 2 1 2 1 1 2
452264 1 1 1 1 2 1 2 1 1 2
456282 1 1 1 1 2 1 3 1 1 2
476903 10 5 7 3 3 7 3 3 8 4
488173 1 4 3 10 4 10 5 6 1 4
616240 5 3 4 3 4 5 4 7 1 2
63375 9 1 2 6 4 10 7 7 2 4
636130 1 1 1 1 2 1 3 1 1 2
666942 1 1 1 1 2 1 3 1 1 2
673637 3 1 1 1 2 5 5 1 1 2
688033 1 1 1 1 2 1 1 1 1 2
718641 1 1 1 1 5 1 3 1 1 2
721482 4 4 4 4 6 5 7 3 1 2
733823 5 4 6 10 2 10 4 1 1 4
752904 10 1 1 1 2 10 5 4 1 4
760001 8 10 3 2 6 4 3 10 1 4
764974 5 1 1 1 2 1 3 1 2 2
785208 5 4 6 6 4 10 4 3 1 4
798429 1 1 1 1 2 1 3 1 1 2
810104 1 1 1 1 2 1 3 1 1 2
826923 1 1 1 1 2 1 1 1 1 2
831268 1 1 1 1 1 1 1 3 1 2
832226 3 4 4 10 5 1 3 3 1 4
832567 4 2 3 5 3 8 7 6 1 4
850831 2 7 10 10 7 10 4 9 4 4
855524 1 1 1 1 2 1 2 1 1 2
877943 3 10 3 10 6 10 5 1 4 4
493452 1 1 3 1 2 1 1 1 1 2
493452 4 1 2 1 2 1 2 1 1 2
521441 5 1 1 2 2 1 2 1 1 2
636437 1 1 1 1 2 1 1 1 1 2
640712 1 1 1 1 2 1 2 1 1 2
1114570 5 3 3 2 3 1 3 1 1 2
1114570 2 1 1 1 2 1 2 2 1 2
1116715 5 1 1 1 3 2 2 2 1 2
1156017 3 1 1 1 2 1 2 1 1 2
1168278 3 1 1 1 2 1 2 1 1 2
1196263 4 1 1 1 2 1 1 1 1 2
1206314 1 2 3 1 2 1 1 1 1 2
1234554 1 1 1 1 2 1 2 1 1 2
1236837 2 3 2 2 2 2 3 1 1 2
1238633 10 10 10 6 8 4 8 5 1 4
1238948 8 5 6 2 3 10 6 6 1 4
1257200 10 10 10 7 10 10 8 2 1 4
1272039 1 1 1 1 2 1 2 1 1 2
1276091 1 3 1 1 2 1 2 2 1 2
527337 4 1 1 1 2 1 1 1 1 2
566509 5 1 1 1 2 1 1 1 1 2
677910 5 2 2 4 2 4 1 1 1 2
734111 1 1 1 1 2 2 1 1 1 2
780555 5 1 1 6 3 1 2 1 1 2
827627 2 1 1 1 2 1 1 1 1 2
1058849 5 1 1 1 2 1 1 1 1 2
1182404 1 1 1 1 1 1 1 1 1 2
1201870 4 1 1 3 1 1 2 1 1 2
1257470 10 6 5 8 5 10 8 6 1 4
1266124 5 1 2 1 2 1 1 1 1 2
1268313 5 1 1 3 2 1 1 1 1 2
1293966 4 1 1 1 2 1 1 1 1 2
1181685 1 1 2 1 2 1 2 1 1 2
1277145 5 1 1 1 2 1 1 1 1 2
1296263 4 1 1 1 2 1 1 1 1 2
1299161 4 8 7 10 4 10 7 5 1 4
787451 5 1 2 1 2 1 1 1 1 2
1115293 1 1 1 1 2 1 1 1 1 2
1238186 4 1 1 1 2 1 2 1 1 2
1253917 4 1 1 2 2 1 2 1 1 2
1268766 1 1 1 1 2 1 1 1 1 2
1299994 5 1 1 1 2 1 1 1 1 2
1320077 1 1 1 1 1 1 2 1 1 2
1320304 3 1 2 2 2 1 1 1 1 2
412300 10 4 5 4 3 5 7 3 1 4
769612 3 1 1 2 2 1 1 1 1 2
807657 6 1 3 2 2 1 1 1 1 2
8233704 4 1 1 1 1 1 2 1 1 2
867392 4 2 2 1 2 1 2 1 1 2
1056171 2 1 1 1 2 1 2 1 1 2
1113061 5 1 1 1 2 1 3 1 1 2
1240603 3 1 1 1 1 1 1 1 1 2
1313658 3 1 1 1 2 1 1 1 1 2
1313982 4 3 1 1 2 1 4 8 1 2
1321931 5 1 1 1 2 1 2 1 1 2
1321942 5 1 1 1 2 1 3 1 1 2
1328331 1 1 1 1 2 1 3 1 1 2
1343374 10 10 8 10 6 5 10 3 1 4
1344121 8 10 4 4 8 10 8 2 1 4
142932 7 6 10 5 3 10 9 10 2 4
324382 1 1 1 1 2 1 2 1 1 2
1107684 6 10 5 5 4 10 6 10 1 4
1115762 3 1 1 1 2 1 1 1 1 2
1254538 8 10 10 10 6 10 10 10 1 4
1261751 5 1 1 1 2 1 2 2 1 2
1294261 4 10 8 5 4 1 10 1 1 4
1295529 2 5 7 6 4 10 7 6 1 4
1315506 4 8 6 3 4 10 7 1 1 4
1320141 5 1 1 1 2 1 2 1 1 2
1333063 5 1 3 1 2 1 3 1 1 2
1336798 3 1 1 1 2 1 2 1 1 2
1352663 5 4 6 8 4 1 8 10 1 4
353098 4 1 1 2 2 1 1 1 1 2
1016634 2 3 1 1 2 1 2 1 1 2
1073836 5 1 1 1 2 1 2 1 1 2
1218982 4 1 1 1 2 1 1 1 1 2
1225382 6 2 3 1 2 1 1 1 1 2
1238777 1 1 1 1 2 1 1 1 1 2
1253955 8 7 4 4 5 3 5 10 1 4
1257366 3 1 1 1 2 1 1 1 1 2
1268952 10 10 7 8 7 1 10 10 3 4
1285722 4 1 1 3 2 1 1 1 1 2
1288608 3 1 1 1 2 1 2 1 1 2
1290203 3 1 1 1 2 1 2 1 1 2
1311108 1 1 1 3 2 1 1 1 1 2
1315807 5 10 10 10 10 2 10 10 10 4
1323477 1 2 1 3 2 1 2 1 1 2
1325159 3 1 1 1 2 1 3 1 1 2
1326892 3 1 1 1 2 1 2 1 1 2
1350319 5 7 4 1 6 1 7 10 3 4
1354840 2 1 1 1 2 1 3 1 1 2
1354840 5 3 2 1 3 1 1 1 1 2
1355260 1 1 1 1 2 1 2 1 1 2
1365075 4 1 4 1 2 1 1 1 1 2
1368267 5 1 1 1 2 1 1 1 1 2
1368273 1 1 1 1 2 1 1 1 1 2
1368882 2 1 1 1 2 1 1 1 1 2
466906 1 1 1 1 2 1 1 1 1 2
536708 1 1 1 1 2 1 1 1 1 2
654546 1 1 1 1 2 1 1 1 8 2
695091 5 10 10 5 4 5 4 4 1 4
897471 4 8 8 5 4 5 10 4 1 4
