14.37 1.95 2.5 16.8 113 3.85 3.49 0.24 2.18 7.8 0.86 3.45 1480 1
14.2 1.76 2.45 15.2 112 3.27 3.39 0.34 1.97 6.75 1.05 2.85 1450 1
14.39 1.87 2.45 14.6 96 2.5 2.52 0.3 1.98 5.25 1.02 3.58 1290 1
14.06 2.15 2.61 17.6 121 2.6 2.51 0.31 1.25 5.05 1.06 3.58 1295 1
13.75 1.73 2.41 16 89 2.6 2.76 0.29 1.81 5.6 1.15 2.9 1320 1
13.63 1.81 2.7 17.2 112 2.85 2.91 0.3 1.46 7.3 1.28 2.88 1310 1
12.93 3.8 2.65 18.6 102 2.41 2.41 0.25 1.98 4.5 1.03 3.52 770 1
12.85 1.6 2.52 17.8 95 2.48 2.37 0.26 1.46 3.93 1.09 3.63 1015 1
13.39 1.77 2.62 16.1 93 2.85 2.94 0.34 1.45 4.8 0.92 3.22 1195 1
13.87 1.9 2.8 19.4 107 2.95 2.97 0.37 1.76 4.5 1.25 3.4 915 1
14.02 1.68 2.21 16 96 2.65 2.33 0.26 1.98 4.7 1.04 3.59 1035 1
13.68 1.83 2.36 17.2 104 2.42 2.69 0.42 1.97 3.84 1.23 2.87 990 1
14.1 2.02 2.4 18.8 103 2.75 2.92 0.32 2.38 6.2 1.07 2.75 1060 1
13.72 1.43 2.5 16.7 108 3.4 3.67 0.19 2.04 6.8 0.89 2.87 1285 1
12.37 0.94 1.36 10.6 88 1.98 0.57 0.28 0.42 1.95 1.05 1.82 520 2
13.67 1.25 1.92 18 94 2.1 1.79 0.32 0.73 3.8 1.23 2.46 630 2
12.37 1.13 2.16 19 87 3.5 3.1 0.19 1.87 4.45 1.22 2.87 420 2
12.37 1.21 2.56 18.1 98 2.42 2.65 0.37 2.08 4.6 1.19 2.3 678 2
13.11 1.01 1.7 15 78 2.98 3.18 0.26 2.28 5.3 1.12 3.18 502 2
12.99 1.67 2.6 30 139 3.3 2.89 0.21 1.96 3.35 1.31 3.5 985 2
11.84 2.89 2.23 18 112 1.72 1.32 0.43 0.95 2.65 0.96 2.52 500 2
11.84 0.89 2.58 18 94 2.2 2.21 0.22 2.35 3.05 0.79 3.08 520 2
12.67 0.98 2.24 18 99 2.2 1.94 0.3 1.46 2.62 1.23 3.16 450 2
11.64 2.06 2.46 21.6 84 1.95 1.69 0.48 1.35 2.8 1 2.75 680 2
12.08 1.33 2.3 23.6 70 2.2 1.59 0.42 1.38 1.74 1.07 3.21 625 2
11.62 1.99 2.28 18 98 3.02 2.26 0.17 1.35 3.25 1.16 2.96 345 2
12.6 1.34 1.9 18.5 88 1.45 1.36 0.29 1.35 2.45 1.04 2.77 562 2
11.82 1.72 1.88 19.5 86 2.5 1.64 0.37 1.42 2.06 0.94 2.44 415 2
12.25 1.73 2.12 19 80 1.65 2.03 0.37 1.63 3.4 1 3.17 510 2
12.08 1.39 2.5 22.5 84 2.56 2.29 0.43 1.04 2.9 0.93 3.19 385 2
11.03 1.51 2.2 21.5 85 2.46 2.17 0.52 2.01 1.9 1.71 2.87 407 2
12.77 3.43 1.98 16 80 1.63 1.25 0.43 0.83 3.4 0.7 2.12 372 2
11.45 2.4 2.42 20 96 2.9 2.79 0.32 1.83 3.25 0.8 3.39 625 2
12.42 4.43 2.73 26.5 102 2.2 2.13 0.43 1.71 2.08 0.92 3.12 365 2
13.05 5.8 2.13 21.5 86 2.62 2.65 0.3 2.01 2.6 0.73 3.1 380 2
12.88 2.99 2.4 20 104 1.3 1.22 0.24 0.83 5.4 0.74 1.42 530 3
12.81 2.31 2.4 24 98 1.15 1.09 0.27 0.83 5.7 0.66 1.36 560 3
13.52 3.17 2.72 23.5 97 1.55 0.52 0.5 0.55 4.35 0.89 2.06 520 3
12.25 3.88 2.2 18.5 112 1.38 0.78 0.29 1.14 8.21 0.65 2 855 3
13.88 5.04 2.23 20 80 0.98 0.34 0.4 0.68 4.9 0.58 1.33 415 3
12.87 4.61 2.48 21.5 86 1.7 0.65 0.47 0.86 7.65 0.54 1.86 625 3
12.79 2.67 2.48 22 112 1.48 1.36 0.24 1.26 10.8 0.48 1.47 480 3
12.58 1.29 2.1 20 103 1.48 0.58 0.53 1.4 7.6 0.58 1.55 640 3
13.84 4.12 2.38 19.5 89 1.8 0.83 0.48 1.56 9.01 0.57 1.64 480 3
12.45 3.03 2.64 27 97 1.9 0.58 0.63 1.14 7.5 0.67 1.73 880 3
13.71 5.65 2.45 20.5 95 1.68 0.61 0.52 1.06 7.7 0.64 1.74 740 3
13.17 2.59 2.37 20 120 1.65 0.68 0.53 1.46 9.3 0.6 1.62 840 3
