0.520325
0.688
0.648438
0.646552
0.676692
0.651852
0.695652
0.7
0.725806
0.682171
0.71875
0.688
0.710744
0.664062
0.704918
0.717949
0.598361
0.691057
0.691667
0.658537
0.696296
0.710526
0.660377
0.645669
0.653226
0.677165
0.634146
0.642276
0.483871
0.64
0.694215
0.701493
0.669173
0.716667
0.661017
0.696721
0.650406
0.7
0.707317
0.694915
0.678261
0.629921
0.673913
0.701613
0.681035
0.684211
0.70339
0.676692
0.655738
0.661157
0.706897
0.5
0.677966
0.68595
0.656716
0.691667
0.633588
0.675214
0.659259
0.68254
0.663866
0.628099
0.637795
0.512
0.674419
0.674419
0.658915
0.68595
0.647482
0.687023
0.706349
0.691667
0.65625
0.679688
0.62931
0.677165
0.683333
0.6875
0.691729
0.638462
0.715447
0.666667
0.696296
0.650406
0.684615
0.624
0.666667
0.706349
0.685484
0.630769
0.689076
0.620155
0.65873
0.669291
0.658537
0.642857
0.689922
0.678571
0.68595
0.676692
