0.821429
0.830544
0.814
0.816327
0.807615
0.806794
0.817635
0.807531
0.832298
0.804979
0.818182
0.809035
0.813765
0.829474
0.821138
0.819106
0.819672
0.819533
0.81
0.817427
0.822
0.818548
0.829004
0.803213
0.816764
0.812623
0.820774
0.828694
0.812095
0.787942
0.807933
0.836066
0.824635
0.824153
0.822547
0.818182
0.816901
0.811245
0.820675
0.82874
0.826176
0.812865
0.823529
0.794297
0.831349
0.820569
0.822894
0.797131
0.817635
0.82549
0.821803
0.80814
0.806584
0.810811
0.812623
0.806
0.820408
0.818557
0.814433
0.807531
0.816733
0.817097
0.816842
0.806911
0.828753
0.806517
0.826176
0.824786
0.805785
0.820988
0.820359
0.813492
0.823875
0.838912
0.835073
0.837209
0.821138
0.813525
0.811088
0.815631
0.822581
0.818
0.818763
0.823285
0.829167
0.816532
0.821577
0.806584
0.813025
0.796296
0.816495
0.840081
0.802105
0.808853
0.824847
0.828921
0.825397
0.824153
0.831663
0.812766
