14.39 1.87 2.45 14.6 96 2.5 2.52 0.3 1.98 5.25 1.02 3.58 1290 1
14.06 2.15 2.61 17.6 121 2.6 2.51 0.31 1.25 5.05 1.06 3.58 1295 1
13.86 1.35 2.27 16 98 2.98 3.15 0.22 1.85 7.22 1.01 3.55 1045 1
13.64 3.1 2.56 15.2 116 2.7 3.03 0.17 1.66 5.1 0.96 3.36 845 1
13.05 2.05 3.22 25 124 2.63 2.68 0.47 1.92 3.58 1.13 3.2 830 1
13.28 1.64 2.84 15.5 110 2.6 2.68 0.34 1.36 4.6 1.09 2.78 880 1
13.07 1.5 2.1 15.5 98 2.4 2.64 0.28 1.37 3.7 1.18 2.69 1020 1
13.56 1.71 2.31 16.2 117 3.15 3.29 0.34 2.34 6.13 0.95 3.38 795 1
13.41 3.84 2.12 18.8 90 2.45 2.68 0.27 1.48 4.28 0.91 3 1035 1
13.05 1.77 2.1 17 107 3 3 0.28 2.03 5.04 0.88 3.35 885 1
14.21 4.04 2.44 18.9 111 2.85 2.65 0.3 1.25 5.24 0.87 3.33 1080 1
13.83 1.65 2.6 17.2 94 2.45 2.99 0.22 2.29 5.6 1.24 3.37 1265 1
13.56 1.73 2.46 20.5 116 2.96 2.78 0.2 2.45 6.25 0.98 3.03 1120 1
13.29 1.97 2.68 16.8 102 3 3.23 0.31 1.66 6 1.07 2.84 1270 1
12.37 0.94 1.36 10.6 88 1.98 0.57 0.28 0.42 1.95 1.05 1.82 520 2
12.33 1.1 2.28 16 101 2.05 1.09 0.63 0.41 3.27 1.25 1.67 680 2
13.67 1.25 1.92 18 94 2.1 1.79 0.32 0.73 3.8 1.23 2.46 630 2
12.29 1.61 2.21 20.4 103 1.1 1.02 0.37 1.46 3.05 0.906 1.82 870 2
11.66 1.88 1.92 16 97 1.61 1.57 0.34 1.15 3.8 1.23 2.14 428 2
12 0.92 2 19 86 2.42 2.26 0.3 1.43 2.5 1.38 3.12 278 2
13.05 3.86 2.32 22.5 85 1.65 1.59 0.61 1.62 4.8 0.84 2.01 515 2
12.16 1.61 2.31 22.8 90 1.78 1.69 0.43 1.56 2.45 1.33 2.26 495 2
11.64 2.06 2.46 21.6 84 1.95 1.69 0.48 1.35 2.8 1 2.75 680 2
12.08 1.83 2.32 18.5 81 1.6 1.5 0.52 1.64 2.4 1.08 2.27 480 2
12.69 1.53 2.26 20.7 80 1.38 1.46 0.58 1.62 3.05 0.96 2.06 495 2
12.29 2.83 2.22 18 88 2.45 2.25 0.25 1.99 2.15 1.15 3.3 290 2
11.81 2.12 2.74 21.5 134 1.6 0.99 0.14 1.56 2.5 0.95 2.26 625 2
12.29 3.17 2.21 18 88 2.85 2.99 0.45 2.81 2.3 1.42 2.83 406 2
12.25 1.73 2.12 19 80 1.65 2.03 0.37 1.63 3.4 1 3.17 510 2
12.52 2.43 2.17 21 88 2.55 2.27 0.26 1.22 2 0.9 2.78 325 2
11.41 0.74 2.5 21 88 2.48 2.01 0.42 1.44 3.08 1.1 2.31 434 2
12.42 4.43 2.73 26.5 102 2.2 2.13 0.43 1.71 2.08 0.92 3.12 365 2
11.79 2.13 2.78 28.5 92 2.13 2.24 0.58 1.76 3 0.97 2.44 466 2
12.37 1.63 2.3 24.5 88 2.22 2.45 0.4 1.9 2.12 0.89 2.78 342 2
12.7 3.55 2.36 21.5 106 1.7 1.2 0.17 0.84 5 0.78 1.29 600 3
12.25 4.72 2.54 21 89 1.38 0.47 0.53 0.8 3.85 0.75 1.27 720 3
13.36 2.56 2.35 20 89 1.4 0.5 0.37 0.64 5.6 0.7 2.47 780 3
13.88 5.04 2.23 20 80 0.98 0.34 0.4 0.68 4.9 0.58 1.33 415 3
13.32 3.24 2.38 21.5 92 1.93 0.76 0.45 1.25 8.42 0.55 1.62 650 3
13.69 3.26 2.54 20 107 1.83 0.56 0.5 0.8 5.88 0.96 1.82 680 3
13.73 4.36 2.26 22.5 88 1.28 0.47 0.52 1.15 6.62 0.78 1.75 520 3
