1016277 6 8 8 1 3 4 3 7 1 2
1018561 2 1 2 1 2 1 3 1 1 2
1047630 7 4 6 4 6 1 4 3 1 4
1050670 10 7 7 6 4 10 4 1 2 4
1054590 7 3 2 10 5 10 5 4 4 4
1054593 10 5 5 3 6 7 7 10 1 4
1056784 3 1 1 1 2 1 2 1 1 2
1059552 1 1 1 1 2 1 3 1 1 2
1067444 2 1 1 1 2 1 2 1 1 2
1070935 1 1 3 1 2 1 1 1 1 2
1071760 2 1 1 1 2 1 3 1 1 2
1072179 10 7 7 3 8 5 7 4 3 4
1075123 3 1 2 1 2 1 2 1 1 2
1079304 2 1 1 1 2 1 2 1 1 2
1080185 10 10 10 8 6 1 8 9 1 4
1096800 6 6 6 9 6 ? 7 8 1 2
1099510 10 4 3 1 3 3 6 5 2 4
1100524 6 10 10 2 8 10 7 3 3 4
1103722 1 1 1 1 2 1 2 1 2 2
1105257 3 7 7 4 4 9 4 8 1 4
1108370 9 5 8 1 2 3 2 1 5 4
1110102 10 3 6 2 3 5 4 10 2 4
1110503 5 5 5 8 10 8 7 3 7 4
1110524 10 5 5 6 8 8 7 1 1 4
1113038 8 2 4 1 5 1 5 4 4 4
1113906 9 5 5 2 2 2 5 1 1 4
1116116 9 10 10 1 10 8 3 3 1 4
1117152 4 1 1 1 2 1 3 1 1 2
1121919 5 1 3 1 2 1 2 1 1 2
1133041 5 3 1 2 2 1 2 1 1 2
1133136 3 1 1 1 2 3 3 1 1 2
1147044 3 1 1 1 2 2 7 1 1 2
1148278 3 3 6 4 5 8 4 4 1 4
1156272 1 1 1 1 2 1 3 1 1 2
1157734 4 1 1 1 2 1 3 1 1 2
1160476 2 1 1 1 2 1 3 1 1 2
1164066 1 1 1 1 2 1 3 1 1 2
1171710 6 5 4 4 3 9 7 8 3 4
1171845 8 6 4 3 5 9 3 1 1 4
1173216 10 10 10 3 10 8 8 1 1 4
1173347 1 1 1 1 2 5 1 1 1 2
1173509 4 5 5 10 4 10 7 5 8 4
1173681 3 2 1 1 2 2 3 1 1 2
1174428 5 3 5 1 8 10 5 3 1 4
1177399 8 3 5 4 5 10 1 6 2 4
1183240 4 1 2 1 2 1 2 1 1 2
1183246 1 1 1 1 1 ? 2 1 1 2
1183983 9 5 5 4 4 5 4 3 3 4
1184241 2 1 1 1 2 1 2 1 1 2
1185609 3 4 5 2 6 8 4 1 1 4
1185610 1 1 1 1 3 2 2 1 1 2
1190394 4 1 1 1 2 3 1 1 1 2
1196295 9 9 10 3 6 10 7 10 6 4
1197080 4 1 1 1 2 1 3 2 1 2
1197440 1 1 1 2 1 3 1 1 7 2
1199731 3 1 1 1 2 1 1 1 1 2
1200772 1 1 1 1 2 1 2 1 1 2
1200847 6 10 10 10 8 10 10 10 7 4
1202125 4 1 1 1 2 1 3 1 1 2
1202812 5 3 3 3 6 10 3 1 1 4
1205138 5 8 8 8 5 10 7 8 1 4
1205579 8 7 6 4 4 10 5 1 1 4
1206695 1 5 8 6 5 8 7 10 1 4
1206841 10 5 6 10 6 10 7 7 10 4
1212232 5 1 1 1 2 1 2 1 1 2
1212422 3 1 1 1 2 1 3 1 1 2
1214092 1 1 1 1 2 1 1 1 1 2
1216947 1 1 1 1 2 1 3 1 1 2
1218105 5 10 10 9 6 10 7 10 5 4
1222936 8 7 8 7 5 5 5 10 2 4
1223282 1 1 1 1 2 1 2 1 1 2
1225799 10 6 4 3 10 10 9 10 1 4
1226612 7 5 6 3 3 8 7 4 1 4
1227481 10 5 7 4 4 10 8 9 1 4
1243256 10 4 3 2 3 10 5 3 2 4
1270479 5 1 3 3 2 2 2 3 1 2
167528 4 1 1 1 2 1 3 6 1 2
1116116 9 10 10 1 10 8 3 3 1 4
1168736 5 6 6 2 4 10 3 6 1 4
1182404 3 1 1 1 2 1 1 1 1 2
255644 10 5 8 10 3 10 5 1 3 4
263538 5 10 10 6 10 10 10 6 5 4
274137 8 8 9 4 5 10 7 8 1 4
1182404 5 1 4 1 2 1 3 2 1 2
324427 10 8 8 2 3 4 8 7 8 4
320675 3 3 5 2 3 10 7 1 1 4
476903 10 5 7 3 3 7 3 3 8 4
486283 3 1 1 1 2 1 3 1 1 2
563649 8 8 8 1 2 ? 6 10 1 4
601265 10 4 4 6 2 10 2 3 1 4
616240 5 3 4 3 4 5 4 7 1 2
63375 9 1 2 6 4 10 7 7 2 4
666942 1 1 1 1 2 1 3 1 1 2
693702 1 1 1 1 2 1 1 1 1 2
706426 5 5 5 2 5 10 4 3 1 4
733639 3 1 1 1 2 ? 3 1 1 2
740492 1 1 1 1 2 1 3 1 1 2
752904 10 1 1 1 2 10 5 4 1 4
756136 1 1 1 1 2 1 2 1 1 2
814265 2 1 1 1 2 1 1 1 1 2
826923 1 1 1 1 2 1 1 1 1 2
846832 3 4 5 3 7 3 4 6 1 2
855524 1 1 1 1 2 1 2 1 1 2
866325 8 10 5 3 8 4 4 10 3 4
888169 3 2 2 1 4 3 2 1 1 2
888523 4 4 4 2 2 3 2 1 1 2
160296 5 8 8 10 5 10 8 10 3 4
492561 4 3 2 1 3 1 2 1 1 2
493452 4 1 2 1 2 1 2 1 1 2
560680 3 1 2 1 2 1 2 1 1 2
657753 3 1 1 4 3 1 2 2 1 2
1002504 3 2 2 2 2 1 3 2 1 2
1026122 2 1 1 1 2 1 1 1 1 2
1071084 3 3 2 2 3 1 1 2 3 2
1156017 3 1 1 1 2 1 2 1 1 2
1158405 1 2 3 1 2 1 2 1 1 2
1196263 4 1 1 1 2 1 1 1 1 2
1196475 3 2 1 1 2 1 2 2 1 2
1206314 1 2 3 1 2 1 1 1 1 2
1223543 1 2 1 3 2 1 1 2 1 2
1236837 2 3 2 2 2 2 3 1 1 2
1237674 3 1 2 1 2 1 2 1 1 2
1238915 5 1 2 1 2 1 3 1 1 2
1238948 8 5 6 2 3 10 6 6 1 4
1239232 3 3 2 6 3 3 3 5 1 2
1255384 3 2 2 3 2 3 3 1 1 2
1276091 5 1 1 3 4 1 3 2 1 2
608157 10 4 3 10 4 10 10 1 1 4
1049837 1 1 1 1 2 1 1 1 1 2
1202253 5 1 1 1 2 1 1 1 1 2
1230994 4 5 5 8 6 10 10 7 1 4
1293966 4 1 1 1 2 1 1 1 1 2
1299596 6 6 6 5 4 10 7 6 2 4
1211594 3 1 1 1 1 1 2 1 1 2
1238777 6 1 1 3 2 1 1 1 1 2
1277145 5 1 1 1 2 1 1 1 1 2
1296263 4 1 1 1 2 1 1 1 1 2
1299161 4 8 7 10 4 10 7 5 1 4
474162 8 7 8 5 5 10 9 10 1 4
787451 5 1 2 1 2 1 1 1 1 2
1070522 3 1 1 1 1 1 2 1 1 2
1073960 10 10 10 10 6 10 8 1 5 4
1133991 4 1 1 1 1 1 2 1 1 2
1182404 4 2 1 1 2 1 1 1 1 2
1238186 4 1 1 1 2 1 2 1 1 2
1265899 4 1 1 1 2 1 3 1 1 2
1268766 1 1 1 1 2 1 1 1 1 2
1297327 5 1 1 1 2 1 1 1 1 2
1297522 2 1 1 1 2 1 1 1 1 2
1306282 6 6 7 10 3 10 8 10 2 4
1320077 1 1 1 1 1 1 2 1 1 2
769612 3 1 1 2 2 1 1 1 1 2
807657 6 1 3 2 2 1 1 1 1 2
1113061 5 1 1 1 2 1 3 1 1 2
1145420 6 1 1 1 2 1 2 1 1 2
1197527 5 1 1 1 2 1 2 1 1 2
1240603 2 1 1 1 1 1 1 1 1 2
1240603 3 1 1 1 1 1 1 1 1 2
1313982 4 3 1 1 2 1 4 8 1 2
1321931 5 1 1 1 2 1 2 1 1 2
1321942 5 1 1 1 2 1 3 1 1 2
1328755 3 1 1 1 2 1 2 1 1 2
1333104 3 1 2 1 2 1 3 1 1 2
1343374 10 10 8 10 6 5 10 3 1 4
142932 7 6 10 5 3 10 9 10 2 4
385103 5 1 2 1 2 1 3 1 1 2
695091 1 1 1 1 2 1 2 1 1 2
1107684 6 10 5 5 4 10 6 10 1 4
1239420 1 1 1 1 2 1 1 1 1 2
1254538 8 10 10 10 6 10 10 10 1 4
1295529 2 5 7 6 4 10 7 6 1 4
1298484 10 3 4 5 3 10 4 1 1 4
1334659 5 2 4 1 1 1 1 1 1 2
1350568 4 1 1 1 2 1 2 1 1 2
188336 5 3 2 8 5 10 8 1 2 4
353098 4 1 1 2 2 1 1 1 1 2
557583 5 10 10 10 10 10 10 1 1 4
822829 8 10 10 10 6 10 10 10 10 4
1042252 3 1 1 1 2 1 2 1 1 2
1096352 6 3 3 3 3 2 6 1 1 2
1140597 7 1 2 3 2 1 2 1 1 2
1225382 6 2 3 1 2 1 1 1 1 2
1235807 5 1 1 1 2 1 2 1 1 2
1260659 3 1 4 1 2 1 1 1 1 2
1285722 4 1 1 3 2 1 1 1 1 2
1299596 2 1 1 1 2 1 1 1 1 2
1303489 3 1 1 1 2 1 2 1 1 2
1315807 5 10 10 10 10 2 10 10 10 4
1354840 2 1 1 1 2 1 3 1 1 2
1368273 1 1 1 1 2 1 1 1 1 2
1371026 5 10 10 10 4 10 5 6 3 4
466906 1 1 1 1 2 1 1 1 1 2
566346 3 1 1 1 2 1 2 3 1 2
603148 4 1 1 1 2 1 1 1 1 2
695091 5 10 10 5 4 5 4 4 1 4
841769 2 1 1 1 2 1 1 1 1 2
897471 4 8 6 4 3 4 10 6 1 4
