1016277 6 8 8 1 3 4 3 7 1 2
1018561 2 1 2 1 2 1 3 1 1 2
1033078 4 2 1 1 2 1 2 1 1 2
1035283 1 1 1 1 1 1 3 1 1 2
1041801 5 3 3 3 2 3 4 4 1 4
1044572 8 7 5 10 7 9 5 5 4 4
1048672 4 1 1 1 2 1 2 1 1 2
1049815 4 1 1 1 2 1 3 1 1 2
1050670 10 7 7 6 4 10 4 1 2 4
1065726 5 2 3 4 2 7 3 6 1 4
1070935 3 1 1 1 1 1 2 1 1 2
1075123 3 1 2 1 2 1 2 1 1 2
1081791 6 2 1 1 1 1 7 1 1 2
1096800 6 6 6 9 6 ? 7 8 1 2
1099510 10 4 3 1 3 3 6 5 2 4
1103608 10 10 10 4 8 1 8 10 1 4
1103722 1 1 1 1 2 1 2 1 2 2
1106095 4 1 1 3 2 1 3 1 1 2
1108370 9 5 8 1 2 3 2 1 5 4
1110503 5 5 5 8 10 8 7 3 7 4
1112209 8 10 10 1 3 6 3 9 1 4
1113906 9 5 5 2 2 2 5 1 1 4
1116116 9 10 10 1 10 8 3 3 1 4
1116998 10 4 2 1 3 2 4 3 10 4
1117152 4 1 1 1 2 1 3 1 1 2
1121919 5 1 3 1 2 1 2 1 1 2
1125035 9 4 5 10 6 10 4 8 1 4
1131294 1 1 2 1 2 2 4 2 1 2
1132347 1 1 4 1 2 1 2 1 1 2
1133041 5 3 1 2 2 1 2 1 1 2
1137156 2 2 2 1 1 1 7 1 1 2
1147044 3 1 1 1 2 2 7 1 1 2
1147699 3 5 7 8 8 9 7 10 7 4
1148873 3 6 6 6 5 10 6 8 3 4
1157734 4 1 1 1 2 1 3 1 1 2
1164066 1 1 1 1 2 1 3 1 1 2
1166630 7 5 6 10 5 10 7 9 4 4
1167439 2 3 4 4 2 5 2 5 1 4
1171710 6 5 4 4 3 9 7 8 3 4
1173216 10 10 10 3 10 8 8 1 1 4
1173509 4 5 5 10 4 10 7 5 8 4
1173681 3 2 1 1 2 2 3 1 1 2
1174131 10 10 10 2 10 10 5 3 3 4
1175937 5 4 6 7 9 7 8 10 1 4
1176406 1 1 1 1 2 1 2 1 1 2
1177399 8 3 5 4 5 10 1 6 2 4
1177512 1 1 1 1 10 1 1 1 1 2
1180194 5 10 8 10 8 10 3 6 3 4
1181356 5 1 1 1 2 2 3 3 1 2
1182404 4 1 1 1 2 1 2 1 1 2
1183246 1 1 1 1 1 ? 2 1 1 2
1183911 2 1 1 1 2 1 1 1 1 2
1184840 1 1 3 1 2 ? 2 1 1 2
1189266 7 2 4 1 6 10 5 4 3 4
1193091 1 2 2 1 2 1 2 1 1 2
1193210 2 1 1 1 2 1 3 1 1 2
1193683 1 1 2 1 3 ? 1 1 1 2
1196295 9 9 10 3 6 10 7 10 6 4
1196915 10 7 7 4 5 10 5 7 2 4
1197510 5 1 1 1 2 ? 3 1 1 2
1199219 1 1 1 2 1 1 1 1 1 2
1200847 6 10 10 10 8 10 10 10 7 4
1200892 8 6 5 4 3 10 6 1 1 4
1204242 1 1 1 1 2 1 1 1 1 2
1206695 1 5 8 6 5 8 7 10 1 4
1207986 5 8 4 10 5 8 9 10 1 4
1211202 7 5 10 10 10 10 4 10 3 4
1214556 3 1 1 1 2 1 2 1 1 2
1216694 10 8 8 4 10 10 8 1 1 4
1217051 5 1 1 1 2 1 3 1 1 2
1218105 5 10 10 9 6 10 7 10 5 4
1218741 10 10 9 3 7 5 3 5 1 4
1218860 1 1 1 1 1 1 3 1 1 2
1220330 1 1 1 1 2 1 3 1 1 2
1222936 8 7 8 7 5 5 5 10 2 4
1224329 1 1 1 2 2 1 3 1 1 2
1226612 7 5 6 3 3 8 7 4 1 4
1227244 1 1 1 1 2 1 2 1 1 2
1228311 1 1 1 1 1 1 3 1 1 2
1230175 10 10 10 3 10 10 9 10 1 4
1230688 7 4 7 4 3 7 7 6 1 4
1231387 6 8 7 5 6 8 8 9 2 4
1232225 10 4 5 5 5 10 4 1 1 4
1236043 3 3 2 1 3 1 3 6 1 2
1241559 10 8 8 2 8 10 4 8 10 4
1277018 2 1 1 1 2 1 3 1 1 2
1287775 5 1 1 2 2 2 3 1 1 2
167528 4 1 1 1 2 1 3 6 1 2
169356 3 1 1 1 2 ? 3 1 1 2
1100524 6 10 10 2 8 10 7 3 3 4
263538 5 10 10 6 10 10 10 6 5 4
274137 8 8 9 4 5 10 7 8 1 4
390840 8 4 7 1 3 10 3 9 2 4
434518 3 1 1 1 2 1 2 1 1 2
452264 1 1 1 1 2 1 2 1 1 2
456282 1 1 1 1 2 1 3 1 1 2
488173 1 4 3 10 4 10 5 6 1 4
508234 7 4 5 10 2 10 3 8 2 4
535331 3 1 1 1 3 1 2 1 1 2
561477 1 1 1 1 2 1 3 1 1 2
61634 5 4 3 1 2 ? 2 3 1 2
640744 10 10 10 7 9 10 7 10 10 4
646904 1 1 1 1 2 1 3 1 1 2
666090 1 1 1 1 2 1 3 1 1 2
704168 4 6 5 6 7 ? 4 9 1 2
709287 6 8 7 8 6 8 8 9 1 4
718641 1 1 1 1 5 1 3 1 1 2
721482 4 4 4 4 6 5 7 3 1 2
733823 5 4 6 10 2 10 4 1 1 4
752904 10 1 1 1 2 10 5 4 1 4
760239 10 4 6 4 5 10 7 1 1 4
785615 8 6 7 3 3 10 3 4 2 4
830690 5 2 2 2 3 1 1 3 1 2
855524 1 1 1 1 2 1 2 1 1 2
857774 4 1 1 1 3 1 2 2 1 2
877943 3 10 3 10 6 10 5 1 4 4
896404 2 1 1 1 2 1 3 1 1 2
342245 1 1 3 1 2 1 1 1 1 2
428598 1 1 3 1 1 1 2 1 1 2
521441 5 1 1 2 2 1 2 1 1 2
640712 1 1 1 1 2 1 2 1 1 2
805448 1 1 1 1 2 1 1 1 1 2
1071084 3 3 2 2 3 1 1 2 3 2
1131411 1 1 1 2 2 1 2 1 1 2
1151734 10 8 7 4 3 10 7 9 1 4
1213784 3 1 1 1 2 1 1 1 1 2
1223003 5 3 3 1 2 1 2 1 1 2
1223306 3 1 1 1 2 4 1 1 1 2
1231853 4 2 2 1 2 1 2 1 1 2
1236837 2 3 2 2 2 2 3 1 1 2
1238464 1 1 1 1 1 ? 2 1 1 2
1239347 8 7 8 5 10 10 7 2 1 4
1255384 3 2 2 3 2 3 3 1 1 2
1293439 3 2 2 3 2 1 1 1 1 2
734111 1 1 1 3 2 3 1 1 1 2
780555 5 1 1 6 3 1 2 1 1 2
827627 2 1 1 1 2 1 1 1 1 2
1049837 1 1 1 1 2 1 1 1 1 2
1193544 5 7 9 8 6 10 8 10 1 4
1257470 10 6 5 8 5 10 8 6 1 4
1276091 6 1 1 3 2 1 1 1 1 2
1293966 4 1 1 1 2 1 1 1 1 2
1298416 10 6 6 2 4 10 9 7 1 4
1105524 4 1 1 1 2 1 1 1 1 2
1211594 3 1 1 1 1 1 2 1 1 2
1269574 4 1 1 1 2 1 1 1 1 2
1296025 4 1 2 1 2 1 1 1 1 2
1296263 4 1 1 1 2 1 1 1 1 2
1296593 5 2 1 1 2 1 1 1 1 2
1299161 4 8 7 10 4 10 7 5 1 4
1301945 5 1 1 1 1 1 1 1 1 2
787451 5 1 2 1 2 1 1 1 1 2
1002025 1 1 1 3 1 3 1 1 1 2
1084139 6 3 2 1 3 4 4 1 1 4
1133991 4 1 1 1 1 1 2 1 1 2
1238186 4 1 1 1 2 1 2 1 1 2
1253917 4 1 1 2 2 1 2 1 1 2
1277268 3 3 1 1 2 1 1 1 1 2
1297522 2 1 1 1 2 1 1 1 1 2
1299994 5 1 1 1 2 1 1 1 1 2
1320077 1 1 1 1 1 1 2 1 1 2
1320304 3 1 2 2 2 1 1 1 1 2
749653 3 1 1 1 2 1 2 1 1 2
769612 3 1 1 2 2 1 1 1 1 2
837480 7 4 4 3 4 10 6 9 1 4
1043068 3 1 1 1 2 1 2 1 1 2
1056171 2 1 1 1 2 1 2 1 1 2
1135090 4 1 1 1 2 1 2 1 1 2
1171578 3 1 1 1 2 1 1 1 1 2
1241035 7 8 3 7 4 5 7 8 2 4
1287971 3 1 1 1 2 1 2 1 1 2
1289391 1 1 1 1 2 1 3 1 1 2
1299924 3 2 2 2 2 1 4 2 1 2
1321942 5 1 1 1 2 1 3 1 1 2
1328331 1 1 1 1 2 1 3 1 1 2
1331405 4 1 1 1 2 1 3 2 1 2
1331412 5 7 10 10 5 10 10 10 1 4
1343068 8 4 4 1 6 10 2 5 2 4
324382 1 1 1 1 2 1 2 1 1 2
690557 5 1 1 1 2 1 2 1 1 2
695219 1 1 1 1 2 1 2 1 1 2
1107684 6 10 5 5 4 10 6 10 1 4
1254538 8 10 10 10 6 10 10 10 1 4
1261751 5 1 1 1 2 1 2 2 1 2
1268275 9 8 8 9 6 3 4 1 1 4
1298484 10 3 4 5 3 10 4 1 1 4
188336 5 3 2 8 5 10 8 1 2 4
411453 1 1 1 1 2 1 1 1 1 2
636375 5 1 1 1 2 1 1 1 1 2
803531 5 10 10 10 5 2 8 5 1 4
1016634 2 3 1 1 2 1 2 1 1 2
1083817 3 1 1 1 2 1 2 1 1 2
1149548 1 1 1 1 2 1 1 1 1 2
1190546 2 1 1 1 2 5 1 1 1 2
1235807 5 1 1 1 2 1 2 1 1 2
1288608 3 1 1 1 2 1 2 1 1 2
1299596 2 1 1 1 2 1 1 1 1 2
1324681 4 1 1 1 2 1 2 1 1 2
1325159 3 1 1 1 2 1 3 1 1 2
1334015 7 8 8 7 3 10 7 2 3 4
1345593 3 1 1 3 2 1 2 1 1 2
1350319 5 7 4 1 6 1 7 10 3 4
1354840 2 1 1 1 2 1 3 1 1 2
1354840 5 3 2 1 3 1 1 1 1 2
1365328 1 1 2 1 2 1 2 1 1 2
1371026 5 10 10 10 4 10 5 6 3 4
1371920 5 1 1 1 2 1 3 2 1 2
566346 3 1 1 1 2 1 2 3 1 2
603148 4 1 1 1 2 1 1 1 1 2
654546 1 1 1 1 2 1 1 1 8 2
695091 5 10 10 5 4 5 4 4 1 4
888820 5 10 10 3 7 3 8 10 2 4
897471 4 8 6 4 3 4 10 6 1 4
