1000025 5 1 1 1 2 1 3 1 1 2
1002945 5 4 4 5 7 10 3 2 1 2
1015425 3 1 1 1 2 2 3 1 1 2
1017122 8 10 10 8 7 10 9 7 1 4
1018561 2 1 2 1 2 1 3 1 1 2
1033078 4 2 1 1 2 1 2 1 1 2
1043999 1 1 1 1 2 3 3 1 1 2
1048672 4 1 1 1 2 1 2 1 1 2
1049815 4 1 1 1 2 1 3 1 1 2
1050670 10 7 7 6 4 10 4 1 2 4
1057013 8 4 5 1 2 ? 7 3 1 4
1067444 2 1 1 1 2 1 2 1 1 2
1070935 1 1 3 1 2 1 1 1 1 2
1072179 10 7 7 3 8 5 7 4 3 4
1081791 6 2 1 1 1 1 7 1 1 2
1099510 10 4 3 1 3 3 6 5 2 4
1105524 1 1 1 1 2 1 2 1 1 2
1106829 7 8 7 2 4 8 3 8 2 4
1108370 9 5 8 1 2 3 2 1 5 4
1110102 10 3 6 2 3 5 4 10 2 4
1110503 5 5 5 8 10 8 7 3 7 4
1110524 10 5 5 6 8 8 7 1 1 4
1115282 5 3 5 5 3 3 4 10 1 4
1116998 10 4 2 1 3 2 4 3 10 4
1118039 5 3 4 1 8 10 4 9 1 4
1121919 5 1 3 1 2 1 2 1 1 2
1123061 6 10 2 8 10 2 7 8 10 4
1143978 4 1 1 2 2 1 2 1 1 2
1147748 5 10 6 1 10 4 4 10 10 4
1148873 3 6 6 6 5 10 6 8 3 4
1157734 4 1 1 1 2 1 3 1 1 2
1165297 2 1 1 2 2 1 1 1 1 2
1165790 5 1 1 1 2 1 3 1 1 2
1166654 10 3 5 1 10 5 3 10 2 4
1167439 2 3 4 4 2 5 2 5 1 4
1168359 8 2 3 1 6 3 7 1 1 4
1170419 10 10 10 8 2 10 4 1 1 4
1171795 1 3 1 2 2 2 5 3 2 2
1174057 1 1 2 2 2 1 3 1 1 2
1174428 5 3 5 1 8 10 5 3 1 4
1177027 3 1 1 1 2 1 3 1 1 2
1180194 5 10 8 10 8 10 3 6 3 4
1180831 3 1 1 1 3 1 2 1 1 2
1183246 1 1 1 1 1 ? 2 1 1 2
1183516 3 1 1 1 2 1 1 1 1 2
1183911 2 1 1 1 2 1 1 1 1 2
1184840 1 1 3 1 2 ? 2 1 1 2
1187457 3 1 1 3 8 1 5 8 1 2
1188472 1 1 1 1 1 1 3 1 1 2
1189266 7 2 4 1 6 10 5 4 3 4
1189286 10 10 8 6 4 5 8 10 1 4
1190485 1 1 1 1 2 1 1 1 1 2
1192325 5 5 5 6 3 10 3 1 1 4
1193683 1 1 2 1 3 ? 1 1 1 2
1196295 9 9 10 3 6 10 7 10 6 4
1197510 5 1 1 1 2 ? 3 1 1 2
1197979 4 1 1 1 2 2 3 2 1 2
1198128 10 8 10 10 6 1 3 1 10 4
1198641 3 1 1 1 2 1 3 1 1 2
1200892 8 6 5 4 3 10 6 1 1 4
1204242 1 1 1 1 2 1 1 1 1 2
1204898 6 1 1 1 2 1 3 1 1 2
1206695 1 5 8 6 5 8 7 10 1 4
1212251 1 1 1 1 2 1 3 1 1 2
1214556 3 1 1 1 2 1 2 1 1 2
1214966 9 7 7 5 5 10 7 8 3 4
1218105 5 10 10 9 6 10 7 10 5 4
1219406 5 1 1 1 1 1 3 1 1 2
1219525 8 10 10 10 5 10 8 10 6 4
1219859 8 10 8 8 4 8 7 7 1 4
1220330 1 1 1 1 2 1 3 1 1 2
1223282 1 1 1 1 2 1 2 1 1 2
1223426 1 1 1 1 2 1 3 1 1 2
1223793 6 10 7 7 6 4 8 10 2 4
1227210 10 5 5 6 3 10 7 9 2 4
1227244 1 1 1 1 2 1 2 1 1 2
1228152 8 9 9 5 3 5 7 7 1 4
1230688 7 4 7 4 3 7 7 6 1 4
1241559 10 8 8 2 8 10 4 8 10 4
1243256 10 4 3 2 3 10 5 3 2 4
1277018 2 1 1 1 2 1 3 1 1 2
128059 1 1 1 1 2 5 5 1 1 2
144888 8 10 10 8 5 10 7 8 1 4
145447 8 4 4 1 2 9 3 3 1 4
169356 3 1 1 1 2 ? 3 1 1 2
1017023 6 3 3 5 3 10 3 5 3 2
1168736 5 6 6 2 4 10 3 6 1 4
255644 10 5 8 10 3 10 5 1 3 4
320675 3 3 5 2 3 10 7 1 1 4
428903 7 2 4 1 3 4 3 3 1 4
431495 3 1 1 1 2 1 3 2 1 2
432809 3 1 3 1 2 ? 2 1 1 2
434518 3 1 1 1 2 1 2 1 1 2
452264 1 1 1 1 2 1 2 1 1 2
476903 10 5 7 3 3 7 3 3 8 4
486662 2 1 1 2 2 1 3 1 1 2
488173 1 4 3 10 4 10 5 6 1 4
492268 10 4 6 1 2 10 5 3 1 4
508234 7 4 5 10 2 10 3 8 2 4
527363 8 10 10 10 8 10 10 7 3 4
555977 5 6 6 8 6 10 4 10 4 4
561477 1 1 1 1 2 1 3 1 1 2
601265 10 4 4 6 2 10 2 3 1 4
640744 10 10 10 7 9 10 7 10 10 4
666090 1 1 1 1 2 1 3 1 1 2
666942 1 1 1 1 2 1 3 1 1 2
709287 6 8 7 8 6 8 8 9 1 4
733639 3 1 1 1 2 ? 3 1 1 2
733639 3 1 1 1 2 1 3 1 1 2
752904 10 1 1 1 2 10 5 4 1 4
760239 10 4 6 4 5 10 7 1 1 4
764974 5 1 1 1 2 1 3 1 2 2
797327 6 5 5 8 4 10 3 4 1 4
798429 1 1 1 1 2 1 3 1 1 2
704097 1 1 1 1 1 1 2 1 1 2
810104 1 1 1 1 2 1 3 1 1 2
822829 7 6 4 8 10 10 9 5 3 4
831268 1 1 1 1 1 1 1 3 1 2
837082 2 1 1 1 2 1 3 1 1 2
855524 1 1 1 1 2 1 2 1 1 2
859350 8 10 10 7 10 10 7 3 8 4
877291 6 10 10 10 10 10 8 10 10 4
877943 3 10 3 10 6 10 5 1 4 4
888523 4 4 4 2 2 3 2 1 1 2
95719 6 10 10 10 8 10 7 10 7 4
342245 1 1 3 1 2 1 1 1 1 2
636437 1 1 1 1 2 1 1 1 1 2
654244 1 1 1 1 1 1 2 1 1 2
805448 1 1 1 1 2 1 1 1 1 2
1080233 7 6 6 3 2 10 7 1 1 4
1168278 3 1 1 1 2 1 2 1 1 2
1206314 1 2 3 1 2 1 1 1 1 2
1211265 3 10 8 7 6 9 9 3 8 4
1223543 1 2 1 3 2 1 1 2 1 2
1239347 8 7 8 5 10 10 7 2 1 4
1239967 1 1 1 1 2 1 2 1 1 2
1240337 5 2 2 2 2 2 3 2 2 2
1258556 5 3 6 1 2 1 1 1 1 2
1276091 1 3 1 1 2 1 2 2 1 2
1276091 5 1 1 3 4 1 3 2 1 2
1277629 5 1 1 1 2 1 2 2 1 2
677910 5 2 2 4 2 4 1 1 1 2
1058849 5 1 1 1 2 1 1 1 1 2
1193544 5 7 9 8 6 10 8 10 1 4
1227081 3 1 1 3 2 1 1 1 1 2
1230994 4 5 5 8 6 10 10 7 1 4
1267898 5 1 3 1 2 1 1 1 1 2
1268804 3 1 1 1 2 5 1 1 1 2
1276091 6 1 1 3 2 1 1 1 1 2
1280258 4 1 1 1 2 1 1 2 1 2
1296572 10 9 8 7 6 4 7 10 3 4
1277145 5 1 1 1 2 1 1 1 1 2
1296593 5 2 1 1 2 1 1 1 1 2
1302428 5 3 2 4 2 1 1 1 1 2
1002025 1 1 1 3 1 3 1 1 1 2
1073960 10 10 10 10 6 10 8 1 5 4
1133991 4 1 1 1 1 1 2 1 1 2
1204558 4 1 1 1 2 1 2 1 1 2
1265899 4 1 1 1 2 1 3 1 1 2
1297327 5 1 1 1 2 1 1 1 1 2
1297522 2 1 1 1 2 1 1 1 1 2
1304595 3 1 1 1 1 1 2 1 1 2
1320077 1 1 1 1 1 1 2 1 1 2
1320304 3 1 2 2 2 1 1 1 1 2
1330439 4 7 8 3 4 10 9 1 1 4
369565 4 1 1 1 3 1 1 1 1 2
412300 10 4 5 4 3 5 7 3 1 4
798429 4 1 1 1 2 1 3 1 1 2
8233704 4 1 1 1 1 1 2 1 1 2
867392 4 2 2 1 2 1 2 1 1 2
1056171 2 1 1 1 2 1 2 1 1 2
1061990 1 1 3 2 2 1 3 1 1 2
1135090 4 1 1 1 2 1 2 1 1 2
1145420 6 1 1 1 2 1 2 1 1 2
1158157 5 1 1 1 2 2 2 1 1 2
1197527 5 1 1 1 2 1 2 1 1 2
1222464 6 10 10 10 4 10 7 10 1 4
1321264 5 2 2 2 1 1 2 1 1 2
1321931 5 1 1 1 2 1 2 1 1 2
1321942 5 1 1 1 2 1 3 1 1 2
1328331 1 1 1 1 2 1 3 1 1 2
1334071 4 1 1 1 2 3 2 1 1 2
1343068 8 4 4 1 6 10 2 5 2 4
142932 7 6 10 5 3 10 9 10 2 4
378275 10 9 7 3 4 2 7 7 1 4
385103 5 1 2 1 2 1 3 1 1 2
690557 5 1 1 1 2 1 2 1 1 2
871549 5 1 2 1 2 1 2 1 1 2
878358 5 7 10 6 5 10 7 5 1 4
1107684 6 10 5 5 4 10 6 10 1 4
1115762 3 1 1 1 2 1 1 1 1 2
1239420 1 1 1 1 2 1 1 1 1 2
1315506 4 8 6 3 4 10 7 1 1 4
1333495 3 1 1 1 2 1 2 1 1 2
1334659 5 2 4 1 1 1 1 1 1 2
1336798 3 1 1 1 2 1 2 1 1 2
1350568 4 1 1 1 2 1 2 1 1 2
1352663 5 4 6 8 4 1 8 10 1 4
188336 5 3 2 8 5 10 8 1 2 4
411453 1 1 1 1 2 1 1 1 1 2
1041043 4 1 3 1 2 1 2 1 1 2
1042252 3 1 1 1 2 1 2 1 1 2
1057067 1 1 1 1 1 ? 1 1 1 2
1096352 6 3 3 3 3 2 6 1 1 2
1140597 7 1 2 3 2 1 2 1 1 2
1225382 6 2 3 1 2 1 1 1 1 2
1268952 10 10 7 8 7 1 10 10 3 4
1277792 4 1 1 1 2 1 1 1 1 2
1277792 5 1 1 3 2 1 1 1 1 2
1285722 4 1 1 3 2 1 1 1 1 2
1294413 1 1 1 1 2 1 1 1 1 2
1299596 2 1 1 1 2 1 1 1 1 2
1303489 3 1 1 1 2 1 2 1 1 2
1311108 1 1 1 3 2 1 1 1 1 2
1319609 3 1 1 2 3 4 1 1 1 2
1323477 1 2 1 3 2 1 2 1 1 2
1324572 5 1 1 1 2 1 2 2 1 2
1326892 3 1 1 1 2 1 2 1 1 2
13454352 1 1 3 1 2 1 2 1 1 2
1345452 1 1 3 1 2 1 2 1 1 2
1345593 3 1 1 3 2 1 2 1 1 2
1365075 4 1 4 1 2 1 1 1 1 2
1368267 5 1 1 1 2 1 1 1 1 2
1368273 1 1 1 1 2 1 1 1 1 2
1368882 2 1 1 1 2 1 1 1 1 2
1369821 10 10 10 10 5 10 10 10 7 4
841769 2 1 1 1 2 1 1 1 1 2
897471 4 8 6 4 3 4 10 6 1 4
