1002945 5 4 4 5 7 10 3 2 1 2
1017023 4 1 1 3 2 1 3 1 1 2
1017122 8 10 10 8 7 10 9 7 1 4
1041801 5 3 3 3 2 3 4 4 1 4
1050670 10 7 7 6 4 10 4 1 2 4
1056784 3 1 1 1 2 1 2 1 1 2
1066979 5 1 1 1 2 1 2 1 1 2
1067444 2 1 1 1 2 1 2 1 1 2
1070935 3 1 1 1 1 1 2 1 1 2
1079304 2 1 1 1 2 1 2 1 1 2
1080185 10 10 10 8 6 1 8 9 1 4
1084584 5 4 4 9 2 10 5 6 1 4
1096800 6 6 6 9 6 ? 7 8 1 2
1103608 10 10 10 4 8 1 8 10 1 4
1103722 1 1 1 1 2 1 2 1 2 2
1105257 3 7 7 4 4 9 4 8 1 4
1105524 1 1 1 1 2 1 2 1 1 2
1106095 4 1 1 3 2 1 3 1 1 2
1106829 7 8 7 2 4 8 3 8 2 4
1108370 9 5 8 1 2 3 2 1 5 4
1110503 5 5 5 8 10 8 7 3 7 4
1111249 10 6 6 3 4 5 3 6 1 4
1115282 5 3 5 5 3 3 4 10 1 4
1116132 6 3 4 1 5 2 3 9 1 4
1118039 5 3 4 1 8 10 4 9 1 4
1124651 1 3 3 2 2 1 7 2 1 2
1131294 1 1 2 1 2 2 4 2 1 2
1137156 2 2 2 1 1 1 7 1 1 2
1147699 3 5 7 8 8 9 7 10 7 4
1148278 3 3 6 4 5 8 4 4 1 4
1156948 3 1 1 2 2 1 1 1 1 2
1160476 2 1 1 1 2 1 3 1 1 2
1169049 7 3 4 4 3 3 3 2 7 4
1173347 8 3 3 1 2 2 3 2 1 2
1173514 1 1 1 1 4 3 1 1 1 2
1173681 3 2 1 1 2 2 3 1 1 2
1174057 4 2 1 1 2 2 3 1 1 2
1175937 5 4 6 7 9 7 8 10 1 4
1176406 1 1 1 1 2 1 2 1 1 2
1179818 2 1 1 1 2 1 3 1 1 2
1180831 3 1 1 1 3 1 2 1 1 2
1181356 5 1 1 1 2 2 3 3 1 2
1182410 3 1 1 1 2 1 1 1 1 2
1183246 1 1 1 1 1 ? 2 1 1 2
1183911 2 1 1 1 2 1 1 1 1 2
1184241 2 1 1 1 2 1 2 1 1 2
1188472 1 1 1 1 1 1 3 1 1 2
1196915 10 7 7 4 5 10 5 7 2 4
1197270 3 1 1 1 2 1 3 1 1 2
1197510 5 1 1 1 2 ? 3 1 1 2
1197993 5 6 7 8 8 10 3 10 3 4
1199219 1 1 1 2 1 1 1 1 1 2
1199731 3 1 1 1 2 1 1 1 1 2
1200952 5 8 7 7 10 10 5 7 1 4
1202812 5 3 3 3 6 10 3 1 1 4
1203096 1 1 1 1 1 1 3 1 1 2
1204242 1 1 1 1 2 1 1 1 1 2
1205579 8 7 6 4 4 10 5 1 1 4
1206841 10 5 6 10 6 10 7 7 10 4
1207986 5 8 4 10 5 8 9 10 1 4
1210963 10 10 10 8 6 8 7 10 1 4
1211202 7 5 10 10 10 10 4 10 3 4
1212232 5 1 1 1 2 1 2 1 1 2
1212251 1 1 1 1 2 1 3 1 1 2
1212422 3 1 1 1 2 1 3 1 1 2
1212422 4 1 1 1 2 1 3 1 1 2
1213375 8 4 4 5 4 7 7 8 2 2
1213383 5 1 1 4 2 1 3 1 1 2
1222047 10 10 10 10 3 10 10 6 1 4
1223967 6 1 3 1 2 1 3 1 1 2
1227210 10 5 5 6 3 10 7 9 2 4
1227481 10 5 7 4 4 10 8 9 1 4
1231387 6 8 7 5 6 8 8 9 2 4
1231706 8 4 6 3 3 1 4 3 1 2
1241232 3 1 4 1 2 ? 3 1 1 2
1241559 10 8 8 2 8 10 4 8 10 4
1242364 8 10 10 8 6 9 3 10 10 4
1277018 2 1 1 1 2 1 3 1 1 2
169356 3 1 1 1 2 ? 3 1 1 2
191250 10 4 4 10 2 10 5 3 3 4
1017023 6 3 3 5 3 10 3 5 3 2
1116116 9 10 10 1 10 8 3 3 1 4
1182404 3 1 1 1 2 1 2 1 1 2
242970 5 7 7 1 5 8 3 4 1 2
314428 7 9 4 10 10 3 5 3 3 4
320675 3 3 5 2 3 10 7 1 1 4
428903 7 2 4 1 3 4 3 3 1 4
456282 1 1 1 1 2 1 3 1 1 2
486662 2 1 1 2 2 1 3 1 1 2
527363 8 10 10 10 8 10 10 7 3 4
561477 1 1 1 1 2 1 3 1 1 2
61634 5 4 3 1 2 ? 2 3 1 2
659642 10 8 4 4 4 10 3 10 4 4
666090 1 1 1 1 2 1 3 1 1 2
704097 1 1 1 1 1 1 2 1 1 2
704168 4 6 5 6 7 ? 4 9 1 2
706426 5 5 5 2 5 10 4 3 1 4
709287 6 8 7 8 6 8 8 9 1 4
730881 7 6 3 2 5 10 7 4 6 4
743348 3 2 2 1 2 1 2 3 1 2
764974 5 1 1 1 2 1 3 1 2 2
798429 1 1 1 1 2 1 3 1 1 2
704097 1 1 1 1 1 1 2 1 1 2
809912 10 3 3 1 2 10 7 6 1 4
814911 1 1 1 1 2 1 1 1 1 2
831268 1 1 1 1 1 1 1 3 1 2
837082 2 1 1 1 2 1 3 1 1 2
855524 1 1 1 1 2 1 2 1 1 2
857774 4 1 1 1 3 1 2 2 1 2
859164 5 3 3 1 3 3 3 3 3 4
866325 8 10 5 3 8 4 4 10 3 4
873549 10 3 5 4 3 7 3 5 3 4
888169 3 2 2 1 4 3 2 1 1 2
888523 4 4 4 2 2 3 2 1 1 2
160296 5 8 8 10 5 10 8 10 3 4
636437 1 1 1 1 2 1 1 1 1 2
685977 5 3 4 1 4 1 3 1 1 2
805448 1 1 1 1 2 1 1 1 1 2
1022257 2 1 1 1 2 1 1 1 1 2
1114570 2 1 1 1 2 1 2 2 1 2
1116715 5 1 1 1 3 2 2 2 1 2
1196263 4 1 1 1 2 1 1 1 1 2
1206314 1 2 3 1 2 1 1 1 1 2
1223306 3 1 1 1 2 4 1 1 1 2
1229929 1 1 1 1 2 1 2 1 1 2
1234554 1 1 1 1 2 1 2 1 1 2
1238948 8 5 6 2 3 10 6 6 1 4
1239347 8 7 8 5 10 10 7 2 1 4
1257200 10 10 10 7 10 10 8 2 1 4
1257815 5 1 3 1 2 1 2 1 1 2
1258549 9 10 10 10 10 10 10 10 1 4
1258556 5 3 6 1 2 1 1 1 1 2
1266154 8 7 8 2 4 2 5 10 1 4
1272039 1 1 1 1 2 1 2 1 1 2
1276091 2 1 1 1 2 1 2 1 1 2
1276091 5 1 1 3 4 1 3 2 1 2
1277629 5 1 1 1 2 1 2 2 1 2
1293439 6 9 7 5 5 8 4 2 1 2
1294562 10 8 10 1 3 10 5 1 1 4
558538 4 1 3 3 2 1 1 1 1 2
780555 5 1 1 6 3 1 2 1 1 2
1201870 4 1 1 3 1 1 2 1 1 2
1267898 5 1 3 1 2 1 1 1 1 2
1268313 5 1 1 3 2 1 1 1 1 2
1276091 6 1 1 3 2 1 1 1 1 2
1105524 4 1 1 1 2 1 1 1 1 2
1238777 6 1 1 3 2 1 1 1 1 2
1301945 5 1 1 1 1 1 1 1 1 2
1302428 5 3 2 4 2 1 1 1 1 2
787451 5 1 2 1 2 1 1 1 1 2
1084139 6 3 2 1 3 4 4 1 1 4
1155967 5 1 2 10 4 5 2 1 1 2
1181567 1 1 1 1 1 1 1 1 1 2
1182404 4 2 1 1 2 1 1 1 1 2
1204558 4 1 1 1 2 1 2 1 1 2
1224565 6 1 1 1 2 1 3 1 1 2
1238186 4 1 1 1 2 1 2 1 1 2
1265899 4 1 1 1 2 1 3 1 1 2
1297522 2 1 1 1 2 1 1 1 1 2
1320077 1 1 1 1 1 1 2 1 1 2
1330439 4 7 8 3 4 10 9 1 1 4
369565 4 1 1 1 3 1 1 1 1 2
807657 6 1 3 2 2 1 1 1 1 2
867392 4 2 2 1 2 1 2 1 1 2
1043068 3 1 1 1 2 1 2 1 1 2
1056171 2 1 1 1 2 1 2 1 1 2
1113061 5 1 1 1 2 1 3 1 1 2
1116192 5 1 2 1 2 1 3 1 1 2
1158157 5 1 1 1 2 2 2 1 1 2
1240603 2 1 1 1 1 1 1 1 1 2
1240603 3 1 1 1 1 1 1 1 1 2
1321348 2 1 1 1 2 1 2 1 1 2
1321931 5 1 1 1 2 1 2 1 1 2
1321942 5 1 1 1 2 1 3 1 1 2
1331412 5 7 10 10 5 10 10 10 1 4
1344121 8 10 4 4 8 10 8 2 1 4
142932 7 6 10 5 3 10 9 10 2 4
183936 3 1 1 1 2 1 2 1 1 2
385103 5 1 2 1 2 1 3 1 1 2
695219 1 1 1 1 2 1 2 1 1 2
878358 5 7 10 6 5 10 7 5 1 4
1107684 6 10 5 5 4 10 6 10 1 4
1115762 3 1 1 1 2 1 1 1 1 2
1295529 2 5 7 6 4 10 7 6 1 4
1325309 4 1 2 1 2 1 2 1 1 2
1333495 3 1 1 1 2 1 2 1 1 2
1334659 5 2 4 1 1 1 1 1 1 2
1336798 3 1 1 1 2 1 2 1 1 2
1344449 1 1 1 1 1 1 2 1 1 2
1352663 5 4 6 8 4 1 8 10 1 4
188336 5 3 2 8 5 10 8 1 2 4
352431 10 5 10 3 5 8 7 8 3 4
557583 5 10 10 10 10 10 10 1 1 4
803531 5 10 10 10 5 2 8 5 1 4
822829 8 10 10 10 6 10 10 10 10 4
1031608 2 1 1 1 1 1 2 1 1 2
1041043 4 1 3 1 2 1 2 1 1 2
1042252 3 1 1 1 2 1 2 1 1 2
1096352 6 3 3 3 3 2 6 1 1 2
1190386 4 6 6 5 7 6 7 7 3 4
1225382 6 2 3 1 2 1 1 1 1 2
1235807 5 1 1 1 2 1 2 1 1 2
1253955 8 7 4 4 5 3 5 10 1 4
1260659 3 1 4 1 2 1 1 1 1 2
1290203 3 1 1 1 2 1 2 1 1 2
1294413 1 1 1 1 2 1 1 1 1 2
1299596 2 1 1 1 2 1 1 1 1 2
1324572 5 1 1 1 2 1 2 2 1 2
1325159 3 1 1 1 2 1 3 1 1 2
1334015 7 8 8 7 3 10 7 2 3 4
1350319 5 7 4 1 6 1 7 10 3 4
1354840 5 3 2 1 3 1 1 1 1 2
1365328 1 1 2 1 2 1 2 1 1 2
1368267 5 1 1 1 2 1 1 1 1 2
1369821 10 10 10 10 5 10 10 10 7 4
466906 1 1 1 1 2 1 1 1 1 2
714039 3 1 1 1 2 1 1 1 1 2
776715 3 1 1 1 3 2 1 1 1 2
897471 4 8 8 5 4 5 10 4 1 4
