1002945 5 4 4 5 7 10 3 2 1 2
1016277 6 8 8 1 3 4 3 7 1 2
1018099 1 1 1 1 2 10 3 1 1 2
1018561 2 1 2 1 2 1 3 1 1 2
1049815 4 1 1 1 2 1 3 1 1 2
1050718 6 1 1 1 2 1 3 1 1 2
1054593 10 5 5 3 6 7 7 10 1 4
1070935 3 1 1 1 1 1 2 1 1 2
1080185 10 10 10 8 6 1 8 9 1 4
1081791 6 2 1 1 1 1 7 1 1 2
1099510 10 4 3 1 3 3 6 5 2 4
1100524 6 10 10 2 8 10 7 3 3 4
1103722 1 1 1 1 2 1 2 1 2 2
1110524 10 5 5 6 8 8 7 1 1 4
1113906 9 5 5 2 2 2 5 1 1 4
1116192 1 1 1 1 2 1 2 1 1 2
1117152 4 1 1 1 2 1 3 1 1 2
1120559 8 3 8 3 4 9 8 9 8 4
1121732 1 1 1 1 2 1 3 2 1 2
1123061 6 10 2 8 10 2 7 8 10 4
1143978 4 1 1 2 2 1 2 1 1 2
1143978 5 2 1 1 2 1 3 1 1 2
1148278 3 3 6 4 5 8 4 4 1 4
1152331 4 1 1 1 2 1 3 1 1 2
1158247 1 1 1 1 2 1 2 1 1 2
1166630 7 5 6 10 5 10 7 9 4 4
1166654 10 3 5 1 10 5 3 10 2 4
1167439 2 3 4 4 2 5 2 5 1 4
1170419 10 10 10 8 2 10 4 1 1 4
1171845 8 6 4 3 5 9 3 1 1 4
1173509 4 5 5 10 4 10 7 5 8 4
1173514 1 1 1 1 4 3 1 1 1 2
1173681 3 2 1 1 2 2 3 1 1 2
1174057 4 2 1 1 2 2 3 1 1 2
1174428 5 3 5 1 8 10 5 3 1 4
1177027 3 1 1 1 2 1 3 1 1 2
1178580 5 1 3 1 2 1 2 1 1 2
1179818 2 1 1 1 2 1 3 1 1 2
1180194 5 10 8 10 8 10 3 6 3 4
1183240 4 1 2 1 2 1 2 1 1 2
1184184 1 1 1 1 2 5 1 1 1 2
1184840 1 1 3 1 2 ? 2 1 1 2
1185610 1 1 1 1 3 2 2 1 1 2
1187805 8 8 7 4 10 10 7 8 7 4
1188472 1 1 1 1 1 1 3 1 1 2
1189266 7 2 4 1 6 10 5 4 3 4
1189286 10 10 8 6 4 5 8 10 1 4
1196295 9 9 10 3 6 10 7 10 6 4
1196915 10 7 7 4 5 10 5 7 2 4
1197440 1 1 1 2 1 3 1 1 7 2
1198128 10 8 10 10 6 1 3 1 10 4
1199983 1 1 1 1 2 1 3 1 1 2
1201834 2 1 1 1 2 1 3 1 1 2
1201936 5 10 10 3 8 1 5 10 3 4
1205138 5 8 8 8 5 10 7 8 1 4
1205579 8 7 6 4 4 10 5 1 1 4
1206695 1 5 8 6 5 8 7 10 1 4
1206841 10 5 6 10 6 10 7 7 10 4
1211202 7 5 10 10 10 10 4 10 3 4
1212251 1 1 1 1 2 1 3 1 1 2
1216694 10 8 8 4 10 10 8 1 1 4
1217051 5 1 1 1 2 1 3 1 1 2
1219525 8 10 10 10 5 10 8 10 6 4
1227210 10 5 5 6 3 10 7 9 2 4
1227244 1 1 1 1 2 1 2 1 1 2
1242364 8 10 10 8 6 9 3 10 10 4
1243256 10 4 3 2 3 10 5 3 2 4
1276091 3 1 1 3 1 1 3 1 1 2
191250 10 4 4 10 2 10 5 3 3 4
1182404 3 1 1 1 2 1 1 1 1 2
1182404 5 1 4 1 2 1 3 2 1 2
390840 8 4 7 1 3 10 3 9 2 4
411453 5 1 1 1 2 1 3 1 1 2
428903 7 2 4 1 3 4 3 3 1 4
432809 3 1 3 1 2 ? 2 1 1 2
456282 1 1 1 1 2 1 3 1 1 2
476903 10 5 7 3 3 7 3 3 8 4
486662 2 1 1 2 2 1 3 1 1 2
492268 10 4 6 1 2 10 5 3 1 4
601265 10 4 4 6 2 10 2 3 1 4
625201 8 2 1 1 5 1 1 1 1 2
646904 1 1 1 1 2 1 3 1 1 2
653777 8 3 4 9 3 10 3 3 1 4
667204 7 8 7 6 4 3 8 8 4 4
704097 1 1 1 1 1 1 2 1 1 2
740492 1 1 1 1 2 1 3 1 1 2
760001 8 10 3 2 6 4 3 10 1 4
760239 10 4 6 4 5 10 7 1 1 4
764974 5 1 1 1 2 1 3 1 2 2
785615 8 6 7 3 3 10 3 4 2 4
797327 6 5 5 8 4 10 3 4 1 4
810104 1 1 1 1 2 1 3 1 1 2
814911 1 1 1 1 2 1 1 1 1 2
826923 1 1 1 1 2 1 1 1 1 2
830690 5 2 2 2 3 1 1 3 1 2
832226 3 4 4 10 5 1 3 3 1 4
837082 2 1 1 1 2 1 3 1 1 2
850831 2 7 10 10 7 10 4 9 4 4
859350 8 10 10 7 10 10 7 3 8 4
877943 3 10 3 10 6 10 5 1 4 4
896404 2 1 1 1 2 1 3 1 1 2
492561 4 3 2 1 3 1 2 1 1 2
521441 5 1 1 2 2 1 2 1 1 2
560680 3 1 2 1 2 1 2 1 1 2
640712 1 1 1 1 2 1 2 1 1 2
654244 1 1 1 1 1 1 2 1 1 2
685977 5 3 4 1 4 1 3 1 1 2
805448 1 1 1 1 2 1 1 1 1 2
1002504 3 2 2 2 2 1 3 2 1 2
1026122 2 1 1 1 2 1 1 1 1 2
1080233 7 6 6 3 2 10 7 1 1 4
1158405 1 2 3 1 2 1 2 1 1 2
1196263 4 1 1 1 2 1 1 1 1 2
1196475 3 2 1 1 2 1 2 2 1 2
1223306 3 1 1 1 2 4 1 1 1 2
1223543 1 2 1 3 2 1 1 2 1 2
1229929 1 1 1 1 2 1 2 1 1 2
1238021 1 1 1 1 2 1 2 1 1 2
1238915 5 1 2 1 2 1 3 1 1 2
1239967 1 1 1 1 2 1 2 1 1 2
1255384 3 2 2 3 2 3 3 1 1 2
1257815 5 1 3 1 2 1 2 1 1 2
1258556 5 3 6 1 2 1 1 1 1 2
1266154 8 7 8 2 4 2 5 10 1 4
1272039 1 1 1 1 2 1 2 1 1 2
1276091 5 1 1 3 4 1 3 2 1 2
1293439 6 9 7 5 5 8 4 2 1 2
827627 2 1 1 1 2 1 1 1 1 2
1238410 2 3 1 1 3 1 1 1 1 2
1267898 5 1 3 1 2 1 1 1 1 2
1293966 4 1 1 1 2 1 1 1 1 2
1105524 4 1 1 1 2 1 1 1 1 2
1181685 1 1 2 1 2 1 2 1 1 2
1238777 6 1 1 3 2 1 1 1 1 2
1277145 5 1 1 1 2 1 1 1 1 2
1287282 3 1 1 1 2 1 1 1 1 2
1296025 4 1 2 1 2 1 1 1 1 2
1296263 4 1 1 1 2 1 1 1 1 2
474162 8 7 8 5 5 10 9 10 1 4
1119189 5 8 9 4 3 10 7 1 1 4
1142706 5 10 10 10 6 10 6 5 2 4
1182404 4 2 1 1 2 1 1 1 1 2
1217952 4 1 1 1 2 1 2 1 1 2
1277268 3 3 1 1 2 1 1 1 1 2
1299994 5 1 1 1 2 1 1 1 1 2
1304595 3 1 1 1 1 1 2 1 1 2
1320304 3 1 2 2 2 1 1 1 1 2
749653 3 1 1 1 2 1 2 1 1 2
798429 4 1 1 1 2 1 3 1 1 2
807657 6 1 3 2 2 1 1 1 1 2
8233704 4 1 1 1 1 1 2 1 1 2
1043068 3 1 1 1 2 1 2 1 1 2
1158157 5 1 1 1 2 2 2 1 1 2
1184586 4 1 1 1 2 1 2 1 1 2
1186936 2 1 3 2 2 1 2 1 1 2
1197527 5 1 1 1 2 1 2 1 1 2
1299924 3 2 2 2 2 1 4 2 1 2
1306339 4 4 2 1 2 5 2 1 2 2
1313658 3 1 1 1 2 1 1 1 1 2
1313982 4 3 1 1 2 1 4 8 1 2
1321321 5 1 1 3 2 1 1 1 1 2
1321348 2 1 1 1 2 1 2 1 1 2
1321931 5 1 1 1 2 1 2 1 1 2
1328331 1 1 1 1 2 1 3 1 1 2
1333104 3 1 2 1 2 1 3 1 1 2
142932 7 6 10 5 3 10 9 10 2 4
1115762 3 1 1 1 2 1 1 1 1 2
1217717 5 1 1 6 3 1 1 1 1 2
1239420 1 1 1 1 2 1 1 1 1 2
1261751 5 1 1 1 2 1 2 2 1 2
1268275 9 8 8 9 6 3 4 1 1 4
1294261 4 10 8 5 4 1 10 1 1 4
1298484 10 3 4 5 3 10 4 1 1 4
1336798 3 1 1 1 2 1 2 1 1 2
188336 5 3 2 8 5 10 8 1 2 4
353098 4 1 1 2 2 1 1 1 1 2
411453 1 1 1 1 2 1 1 1 1 2
1016634 2 3 1 1 2 1 2 1 1 2
1031608 2 1 1 1 1 1 2 1 1 2
1041043 4 1 3 1 2 1 2 1 1 2
1042252 3 1 1 1 2 1 2 1 1 2
1057067 1 1 1 1 1 ? 1 1 1 2
1073836 5 1 1 1 2 1 2 1 1 2
1140597 7 1 2 3 2 1 2 1 1 2
1183596 3 1 3 1 3 4 1 1 1 2
1235807 5 1 1 1 2 1 2 1 1 2
1285722 4 1 1 3 2 1 1 1 1 2
1299596 2 1 1 1 2 1 1 1 1 2
1311108 1 1 1 3 2 1 1 1 1 2
1324681 4 1 1 1 2 1 2 1 1 2
1334667 1 1 1 1 2 1 1 1 1 2
1347749 1 1 1 1 2 1 1 1 1 2
1348851 3 1 1 1 2 1 3 1 1 2
1354840 2 1 1 1 2 1 3 1 1 2
1369821 10 10 10 10 5 10 10 10 7 4
654546 1 1 1 1 2 1 1 1 8 2
