1629741842 
1629741847 
1629741852 
1629741857 
1629741862 
1629741867 
1629741872 
1629741877 
1629741882 
1629741887 
1629741892 
1629741897 
1629741902 
1629741907 
1629741912 
1629741917 
1629741922 
1629741927 
1629741932 
1629741937 
1629741942 
1629741947 
1629741952 
1629741957 
1629741962 
1629741967 
1629741972 
1629741977 
1629741982 
1629741987 
1629741992 
1629741997 
1629742002 
1629742007 
1629742012 
1629742017 
1629742022 
1629742027 
1629742032 
1629742037 
1629742042 
1629742047 
1629742052 
1629742057 
1629742062 
1629742067 
1629742072 
1629742077 
1629742082 
1629742087 
1629742092 
1629742097 
1629742102 
1629742107 
1629742112 
1629742117 
1629742122 
1629742127 
1629742132 
1629742137 
1629742142 
1629742147 
1629742152 
1629742157 
1629742162 
1629742167 
1629742172 
1629742177 
1629742182 
1629742187 
1629742192 
1629742197 
1629742202 
1629742207 
1629742212 
1629742217 
1629742222 
1629742227 
1629742232 
1629742237 
1629742242 
1629742247 
1629742252 
1629742257 
1629742262 
1629742267 
1629742272 
1629742277 
1629742282 
1629742287 
1629742292 
1629742297 
1629742302 
1629742307 
1629742312 
1629742317 
1629742322 
1629742327 
1629742332 
1629742337 
