1016277 6 8 8 1 3 4 3 7 1 2
1033078 4 2 1 1 2 1 2 1 1 2
1041801 5 3 3 3 2 3 4 4 1 4
1043999 1 1 1 1 2 3 3 1 1 2
1066373 3 2 1 1 1 1 2 1 1 2
1071760 2 1 1 1 2 1 3 1 1 2
1072179 10 7 7 3 8 5 7 4 3 4
1079304 2 1 1 1 2 1 2 1 1 2
1084584 5 4 4 9 2 10 5 6 1 4
1091262 2 5 3 3 6 7 7 5 1 4
1115282 5 3 5 5 3 3 4 10 1 4
1116116 9 10 10 1 10 8 3 3 1 4
1116132 6 3 4 1 5 2 3 9 1 4
1116998 10 4 2 1 3 2 4 3 10 4
1124651 1 3 3 2 2 1 7 2 1 2
1125035 9 4 5 10 6 10 4 8 1 4
1132347 1 1 4 1 2 1 2 1 1 2
1143978 4 1 1 2 2 1 2 1 1 2
1143978 5 2 1 1 2 1 3 1 1 2
1148278 3 3 6 4 5 8 4 4 1 4
1164066 1 1 1 1 2 1 3 1 1 2
1165790 5 1 1 1 2 1 3 1 1 2
1165926 9 6 9 2 10 6 2 9 10 4
1166630 7 5 6 10 5 10 7 9 4 4
1169049 7 3 4 4 3 3 3 2 7 4
1171710 1 1 1 1 2 1 2 3 1 2
1171710 6 5 4 4 3 9 7 8 3 4
1173216 10 10 10 3 10 8 8 1 1 4
1173235 3 3 2 1 2 3 3 1 1 2
1173681 3 2 1 1 2 2 3 1 1 2
1174057 4 2 1 1 2 2 3 1 1 2
1174428 5 3 5 1 8 10 5 3 1 4
1177027 3 1 1 1 2 1 3 1 1 2
1178580 5 1 3 1 2 1 2 1 1 2
1184840 1 1 3 1 2 ? 2 1 1 2
1185609 3 4 5 2 6 8 4 1 1 4
1187805 8 8 7 4 10 10 7 8 7 4
1193091 1 2 2 1 2 1 2 1 1 2
1196295 9 9 10 3 6 10 7 10 6 4
1196915 10 7 7 4 5 10 5 7 2 4
1197440 1 1 1 2 1 3 1 1 7 2
1201834 2 1 1 1 2 1 3 1 1 2
1201936 5 10 10 3 8 1 5 10 3 4
1203096 1 1 1 1 1 1 3 1 1 2
1204242 1 1 1 1 2 1 1 1 1 2
1205138 5 8 8 8 5 10 7 8 1 4
1206089 2 1 1 1 1 1 3 1 1 2
1207986 5 8 4 10 5 8 9 10 1 4
1208301 1 2 3 1 2 1 3 1 1 2
1210963 10 10 10 8 6 8 7 10 1 4
1214092 1 1 1 1 2 1 1 1 1 2
1214556 3 1 1 1 2 1 2 1 1 2
1216947 1 1 1 1 2 1 3 1 1 2
1217051 5 1 1 1 2 1 3 1 1 2
1217264 1 1 1 1 2 1 3 1 1 2
1218860 1 1 1 1 1 1 3 1 1 2
1219406 5 1 1 1 1 1 3 1 1 2
1220330 1 1 1 1 2 1 3 1 1 2
1221863 10 10 10 10 7 10 7 10 4 4
1223793 6 10 7 7 6 4 8 10 2 4
1226612 7 5 6 3 3 8 7 4 1 4
1227210 10 5 5 6 3 10 7 9 2 4
1227244 1 1 1 1 2 1 2 1 1 2
1228311 1 1 1 1 1 1 3 1 1 2
1230175 10 10 10 3 10 10 9 10 1 4
1232225 10 4 5 5 5 10 4 1 1 4
1236043 3 3 2 1 3 1 3 6 1 2
1241232 3 1 4 1 2 ? 3 1 1 2
1242364 8 10 10 8 6 9 3 10 10 4
1287775 5 1 1 2 2 2 3 1 1 2
183913 1 2 2 1 2 1 1 1 1 2
242970 5 7 7 1 5 8 3 4 1 2
303213 10 4 4 10 6 10 5 5 1 4
1182404 5 1 4 1 2 1 3 2 1 2
385103 1 1 1 1 2 1 3 1 1 2
452264 1 1 1 1 2 1 2 1 1 2
486283 3 1 1 1 2 1 3 1 1 2
486662 2 1 1 2 2 1 3 1 1 2
492268 10 4 6 1 2 10 5 3 1 4
529329 10 10 10 10 10 10 4 10 10 4
535331 3 1 1 1 3 1 2 1 1 2
543558 6 1 3 1 4 5 5 10 1 4
601265 10 4 4 6 2 10 2 3 1 4
606140 1 1 1 1 2 ? 2 1 1 2
63375 9 1 2 6 4 10 7 7 2 4
640744 10 10 10 7 9 10 7 10 10 4
646904 1 1 1 1 2 1 3 1 1 2
653777 8 3 4 9 3 10 3 3 1 4
704097 1 1 1 1 1 1 2 1 1 2
706426 5 5 5 2 5 10 4 3 1 4
721482 4 4 4 4 6 5 7 3 1 2
733639 3 1 1 1 2 1 3 1 1 2
740492 1 1 1 1 2 1 3 1 1 2
785615 8 6 7 3 3 10 3 4 2 4
792744 1 1 1 1 2 1 1 1 1 2
704097 1 1 1 1 1 1 2 1 1 2
809912 10 3 3 1 2 10 7 6 1 4
832226 3 4 4 10 5 1 3 3 1 4
857774 4 1 1 1 3 1 2 2 1 2
866325 8 10 5 3 8 4 4 10 3 4
877291 6 10 10 10 10 10 8 10 10 4
95719 6 10 10 10 8 10 7 10 7 4
160296 5 8 8 10 5 10 8 10 3 4
428598 1 1 3 1 1 1 2 1 1 2
492561 4 3 2 1 3 1 2 1 1 2
521441 5 1 1 2 2 1 2 1 1 2
636437 1 1 1 1 2 1 1 1 1 2
805448 1 1 1 1 2 1 1 1 1 2
1002504 3 2 2 2 2 1 3 2 1 2
1022257 2 1 1 1 2 1 1 1 1 2
1026122 2 1 1 1 2 1 1 1 1 2
1080233 7 6 6 3 2 10 7 1 1 4
1114570 5 3 3 2 3 1 3 1 1 2
1116715 5 1 1 1 3 2 2 2 1 2
1131411 1 1 1 2 2 1 2 1 1 2
1151734 10 8 7 4 3 10 7 9 1 4
1156017 3 1 1 1 2 1 2 1 1 2
1158247 1 1 1 1 1 1 1 1 1 2
1176187 3 1 1 1 2 1 3 1 1 2
1206314 1 2 3 1 2 1 1 1 1 2
1231853 4 2 2 1 2 1 2 1 1 2
1238464 1 1 1 1 1 ? 2 1 1 2
1238633 10 10 10 6 8 4 8 5 1 4
1238948 8 5 6 2 3 10 6 6 1 4
1239232 3 3 2 6 3 3 3 5 1 2
1257648 4 3 3 1 2 1 3 3 1 2
1258556 5 3 6 1 2 1 1 1 1 2
558538 4 1 3 3 2 1 1 1 1 2
734111 1 1 1 3 2 3 1 1 1 2
827627 2 1 1 1 2 1 1 1 1 2
1058849 5 1 1 1 2 1 1 1 1 2
1182404 1 1 1 1 1 1 1 1 1 2
1202253 5 1 1 1 2 1 1 1 1 2
1257470 10 6 5 8 5 10 8 6 1 4
1259008 8 8 9 6 6 3 10 10 1 4
1268313 5 1 1 3 2 1 1 1 1 2
1268804 3 1 1 1 2 5 1 1 1 2
1298416 10 6 6 2 4 10 9 7 1 4
1105524 4 1 1 1 2 1 1 1 1 2
1277145 5 1 1 1 2 1 1 1 1 2
1296025 4 1 2 1 2 1 1 1 1 2
1296263 4 1 1 1 2 1 1 1 1 2
1070522 3 1 1 1 1 1 2 1 1 2
1073960 10 10 10 10 6 10 8 1 5 4
1084139 6 3 2 1 3 4 4 1 1 4
1133991 4 1 1 1 1 1 2 1 1 2
1204558 4 1 1 1 2 1 2 1 1 2
1224565 6 1 1 1 2 1 3 1 1 2
1253917 4 1 1 2 2 1 2 1 1 2
1265899 4 1 1 1 2 1 3 1 1 2
1268766 1 1 1 1 2 1 1 1 1 2
1299994 5 1 1 1 2 1 1 1 1 2
1306282 6 6 7 10 3 10 8 10 2 4
1313325 4 10 4 7 3 10 9 10 1 4
1320077 1 1 1 1 1 1 1 1 1 2
769612 3 1 1 2 2 1 1 1 1 2
769612 4 1 1 1 2 1 1 1 1 2
798429 4 1 1 1 2 1 3 1 1 2
807657 6 1 3 2 2 1 1 1 1 2
869828 1 1 1 1 1 1 3 1 1 2
1056171 2 1 1 1 2 1 2 1 1 2
1113061 5 1 1 1 2 1 3 1 1 2
1145420 6 1 1 1 2 1 2 1 1 2
1171578 3 1 1 1 2 1 1 1 1 2
1174841 5 3 1 1 2 1 1 1 1 2
1186936 2 1 3 2 2 1 2 1 1 2
1197527 5 1 1 1 2 1 2 1 1 2
1240603 2 1 1 1 1 1 1 1 1 2
1240603 3 1 1 1 1 1 1 1 1 2
1241035 7 8 3 7 4 5 7 8 2 4
1313658 3 1 1 1 2 1 1 1 1 2
1321348 2 1 1 1 2 1 2 1 1 2
1321931 5 1 1 1 2 1 2 1 1 2
1321942 5 1 1 1 2 1 3 1 1 2
1321942 5 1 1 1 2 1 3 1 1 2
1328331 1 1 1 1 2 1 3 1 1 2
1343068 8 4 4 1 6 10 2 5 2 4
142932 7 6 10 5 3 10 9 10 2 4
385103 5 1 2 1 2 1 3 1 1 2
690557 5 1 1 1 2 1 2 1 1 2
871549 5 1 2 1 2 1 2 1 1 2
1115762 3 1 1 1 2 1 1 1 1 2
1217717 5 1 1 6 3 1 1 1 1 2
1239420 1 1 1 1 2 1 1 1 1 2
1254538 8 10 10 10 6 10 10 10 1 4
1268275 9 8 8 9 6 3 4 1 1 4
1336798 3 1 1 1 2 1 2 1 1 2
1350568 4 1 1 1 2 1 2 1 1 2
188336 5 3 2 8 5 10 8 1 2 4
352431 10 5 10 3 5 8 7 8 3 4
411453 1 1 1 1 2 1 1 1 1 2
557583 5 10 10 10 10 10 10 1 1 4
636375 5 1 1 1 2 1 1 1 1 2
803531 5 10 10 10 5 2 8 5 1 4
1016634 2 3 1 1 2 1 2 1 1 2
1041043 4 1 3 1 2 1 2 1 1 2
1042252 3 1 1 1 2 1 2 1 1 2
1061990 4 1 1 1 2 1 2 1 1 2
1073836 5 1 1 1 2 1 2 1 1 2
1140597 7 1 2 3 2 1 2 1 1 2
1190386 4 6 6 5 7 6 7 7 3 4
1213273 2 1 1 1 2 1 1 1 1 2
1253955 8 7 4 4 5 3 5 10 1 4
1260659 3 1 4 1 2 1 1 1 1 2
1268952 10 10 7 8 7 1 10 10 3 4
1311033 1 2 2 1 2 1 1 1 1 2
1318671 3 1 1 1 2 1 2 1 1 2
1323477 1 2 1 3 2 1 2 1 1 2
1325159 3 1 1 1 2 1 3 1 1 2
1330361 5 1 1 1 2 1 2 1 1 2
1333877 5 4 5 1 8 1 3 6 1 2
1334015 7 8 8 7 3 10 7 2 3 4
1350319 5 7 4 1 6 1 7 10 3 4
1368267 5 1 1 1 2 1 1 1 1 2
466906 1 1 1 1 2 1 1 1 1 2
536708 1 1 1 1 2 1 1 1 1 2
566346 3 1 1 1 2 1 2 3 1 2
603148 4 1 1 1 2 1 1 1 1 2
776715 3 1 1 1 3 2 1 1 1 2
841769 2 1 1 1 2 1 1 1 1 2
897471 4 8 8 5 4 5 10 4 1 4
