0.684284
0.611814
0.546832
0.606557
0.610656
0.651163
0.625538
0.638889
0.640604
0.597183
0.651351
0.65272
0.59726
0.667139
0.635432
0.659751
0.601707
0.603043
0.610335
0.636864
0.58345
0.652759
0.627747
0.614325
0.625514
0.636364
0.633333
0.634454
0.611111
0.638268
0.646307
0.633144
0.605938
0.662585
0.596343
0.627187
0.608276
0.624826
0.658228
0.616992
0.619718
0.633194
0.601408
0.657343
0.579019
0.617403
0.668478
0.630495
0.655899
0.659722
0.633566
0.622407
0.597163
0.589311
0.630404
0.629781
0.645429
0.644755
0.633842
0.635135
0.646897
0.634943
0.636107
0.642045
0.612857
0.619114
0.632857
0.576132
0.598349
0.622036
0.658904
0.621697
0.574409
0.626741
0.627312
0.645341
0.632768
0.569817
0.647552
0.633144
0.632928
0.635078
0.660537
0.635262
0.624093
0.619247
0.648074
0.605156
0.607143
0.595775
0.613445
0.637363
0.613764
0.633194
0.623066
0.597765
0.618257
0.616247
0.625356
0.653465
