0.487329
0.512671
0.487329
0.512671
0.487329
0.512671
0.512671
0.487329
0.512671
0.512671
0.512671
0.512671
0.487329
0.512671
0.487329
0.317739
0.512671
0.480507
0.487329
0.516569
0.487329
0.512671
0.512671
0.512671
0.512671
0.487329
0.487329
0.512671
0.487329
0.487329
0.487329
0.487329
0.512671
0.487329
0.487329
0.512671
0.487329
0.487329
0.487329
0.512671
0.487329
0.487329
0.487329
0.512671
0.487329
0.512671
0.512671
0.487329
0.512671
0.512671
0.512671
0.512671
0.512671
0.487329
0.512671
0.487329
0.487329
0.487329
0.487329
0.487329
0.512671
0.512671
0.519493
0.512671
0.487329
0.512671
0.487329
0.512671
0.60039
0.512671
0.487329
0.487329
0.5
0.512671
0.487329
0.487329
0.512671
0.512671
0.487329
0.487329
0.512671
0.487329
0.512671
0.487329
0.487329
0.512671
0.487329
0.487329
0.487329
0.467836
0.512671
0.487329
0.487329
0.487329
0.487329
0.512671
0.487329
0.487329
0.512671
0.487329
