1015425 3 1 1 1 2 2 3 1 1 2
1047630 7 4 6 4 6 1 4 3 1 4
1048672 4 1 1 1 2 1 2 1 1 2
1059552 1 1 1 1 2 1 3 1 1 2
1072179 10 7 7 3 8 5 7 4 3 4
1075123 3 1 2 1 2 1 2 1 1 2
1080185 10 10 10 8 6 1 8 9 1 4
1081791 6 2 1 1 1 1 7 1 1 2
1099510 10 4 3 1 3 3 6 5 2 4
1100524 6 10 10 2 8 10 7 3 3 4
1102573 5 6 5 6 10 1 3 1 1 4
1110102 10 3 6 2 3 5 4 10 2 4
1111249 10 6 6 3 4 5 3 6 1 4
1116132 6 3 4 1 5 2 3 9 1 4
1121732 1 1 1 1 2 1 3 2 1 2
1124651 1 3 3 2 2 1 7 2 1 2
1126417 10 6 4 1 3 4 3 2 3 4
1131294 1 1 2 1 2 2 4 2 1 2
1132347 1 1 4 1 2 1 2 1 1 2
1136142 2 1 1 1 3 1 2 1 1 2
1147699 3 5 7 8 8 9 7 10 7 4
1166630 7 5 6 10 5 10 7 9 4 4
1167471 4 1 2 1 2 1 3 1 1 2
1168359 8 2 3 1 6 3 7 1 1 4
1173216 10 10 10 3 10 8 8 1 1 4
1173235 3 3 2 1 2 3 3 1 1 2
1173509 4 5 5 10 4 10 7 5 8 4
1173514 1 1 1 1 4 3 1 1 1 2
1174057 4 2 1 1 2 2 3 1 1 2
1178580 5 1 3 1 2 1 2 1 1 2
1180194 5 10 8 10 8 10 3 6 3 4
1183246 1 1 1 1 1 ? 2 1 1 2
1184184 1 1 1 1 2 5 1 1 1 2
1184241 2 1 1 1 2 1 2 1 1 2
1185609 3 4 5 2 6 8 4 1 1 4
1185610 1 1 1 1 3 2 2 1 1 2
1187457 3 1 1 3 8 1 5 8 1 2
1196915 10 7 7 4 5 10 5 7 2 4
1197993 5 6 7 8 8 10 3 10 3 4
1199983 1 1 1 1 2 1 3 1 1 2
1201834 2 1 1 1 2 1 3 1 1 2
1202812 5 3 3 3 6 10 3 1 1 4
1204242 1 1 1 1 2 1 1 1 1 2
1205138 5 8 8 8 5 10 7 8 1 4
1206841 10 5 6 10 6 10 7 7 10 4
1208301 1 2 3 1 2 1 3 1 1 2
1212251 1 1 1 1 2 1 3 1 1 2
1213375 8 4 4 5 4 7 7 8 2 2
1214092 1 1 1 1 2 1 1 1 1 2
1216694 10 8 8 4 10 10 8 1 1 4
1218741 10 10 9 3 7 5 3 5 1 4
1218860 1 1 1 1 1 1 3 1 1 2
1223282 1 1 1 1 2 1 2 1 1 2
1224329 1 1 1 2 2 1 3 1 1 2
1227481 10 5 7 4 4 10 8 9 1 4
1230175 10 10 10 3 10 10 9 10 1 4
1230688 7 4 7 4 3 7 7 6 1 4
1236043 3 3 2 1 3 1 3 6 1 2
1241559 10 8 8 2 8 10 4 8 10 4
1270479 5 1 3 3 2 2 2 3 1 2
144888 8 10 10 8 5 10 7 8 1 4
169356 3 1 1 1 2 ? 3 1 1 2
1168736 5 6 6 2 4 10 3 6 1 4
1198641 3 1 1 1 2 1 3 1 1 2
1182404 5 1 4 1 2 1 3 2 1 2
324427 10 8 8 2 3 4 8 7 8 4
452264 1 1 1 1 2 1 2 1 1 2
476903 10 5 7 3 3 7 3 3 8 4
488173 1 4 3 10 4 10 5 6 1 4
508234 7 4 5 10 2 10 3 8 2 4
527363 8 10 10 10 8 10 10 7 3 4
535331 3 1 1 1 3 1 2 1 1 2
606140 1 1 1 1 2 ? 2 1 1 2
635844 8 4 10 5 4 4 7 10 1 4
659642 10 8 4 4 4 10 3 10 4 4
667204 7 8 7 6 4 3 8 8 4 4
673637 3 1 1 1 2 5 5 1 1 2
688033 1 1 1 1 2 1 1 1 1 2
691628 8 6 4 10 10 1 3 5 1 4
704168 4 6 5 6 7 ? 4 9 1 2
706426 5 5 5 2 5 10 4 3 1 4
733639 3 1 1 1 2 1 3 1 1 2
740492 1 1 1 1 2 1 3 1 1 2
752904 10 1 1 1 2 10 5 4 1 4
760239 10 4 6 4 5 10 7 1 1 4
76389 10 4 7 2 2 8 6 1 1 4
785615 8 6 7 3 3 10 3 4 2 4
704097 1 1 1 1 1 1 2 1 1 2
806423 8 5 5 5 2 10 4 3 1 4
810104 1 1 1 1 2 1 3 1 1 2
832226 3 4 4 10 5 1 3 3 1 4
832567 4 2 3 5 3 8 7 6 1 4
855524 1 1 1 1 2 1 2 1 1 2
857774 4 1 1 1 3 1 2 2 1 2
888169 3 2 2 1 4 3 2 1 1 2
896404 2 1 1 1 2 1 3 1 1 2
342245 1 1 3 1 2 1 1 1 1 2
521441 5 1 1 2 2 1 2 1 1 2
560680 3 1 2 1 2 1 2 1 1 2
636437 1 1 1 1 2 1 1 1 1 2
805448 1 1 1 1 2 1 1 1 1 2
1080233 7 6 6 3 2 10 7 1 1 4
1158405 1 2 3 1 2 1 2 1 1 2
1211265 3 10 8 7 6 9 9 3 8 4
1213784 3 1 1 1 2 1 1 1 1 2
1223543 1 2 1 3 2 1 1 2 1 2
1231853 4 2 2 1 2 1 2 1 1 2
1236837 2 3 2 2 2 2 3 1 1 2
1237674 3 1 2 1 2 1 2 1 1 2
1238633 10 10 10 6 8 4 8 5 1 4
1238915 5 1 2 1 2 1 3 1 1 2
1238948 8 5 6 2 3 10 6 6 1 4
1239232 3 3 2 6 3 3 3 5 1 2
1253505 2 3 1 1 5 1 1 1 1 2
1258556 5 3 6 1 2 1 1 1 1 2
1272039 1 1 1 1 2 1 2 1 1 2
1277629 5 1 1 1 2 1 2 2 1 2
566509 5 1 1 1 2 1 1 1 1 2
1182404 1 1 1 1 1 1 1 1 1 2
1193544 5 7 9 8 6 10 8 10 1 4
1227081 3 1 1 3 2 1 1 1 1 2
1268313 5 1 1 3 2 1 1 1 1 2
1293966 4 1 1 1 2 1 1 1 1 2
1299596 6 6 6 5 4 10 7 6 2 4
1277145 5 1 1 1 2 1 1 1 1 2
1296593 5 2 1 1 2 1 1 1 1 2
1299161 4 8 7 10 4 10 7 5 1 4
474162 8 7 8 5 5 10 9 10 1 4
1070522 3 1 1 1 1 1 2 1 1 2
1076352 3 6 4 10 3 3 3 4 1 4
1133991 4 1 1 1 1 1 2 1 1 2
1142706 5 10 10 10 6 10 6 5 2 4
1224565 6 1 1 1 2 1 3 1 1 2
1238186 4 1 1 1 2 1 2 1 1 2
1253917 4 1 1 2 2 1 2 1 1 2
1268766 1 1 1 1 2 1 1 1 1 2
1297522 2 1 1 1 2 1 1 1 1 2
1298360 1 1 1 1 2 1 1 1 1 2
1299924 5 1 1 1 2 1 2 1 1 2
1299994 5 1 1 1 2 1 1 1 1 2
1320077 1 1 1 1 1 1 1 1 1 2
369565 4 1 1 1 3 1 1 1 1 2
807657 6 1 3 2 2 1 1 1 1 2
1061990 1 1 3 2 2 1 3 1 1 2
1116192 5 1 2 1 2 1 3 1 1 2
1145420 6 1 1 1 2 1 2 1 1 2
1240603 2 1 1 1 1 1 1 1 1 2
1299924 3 2 2 2 2 1 4 2 1 2
1321264 5 2 2 2 1 1 2 1 1 2
1328755 3 1 1 1 2 1 2 1 1 2
1343068 8 4 4 1 6 10 2 5 2 4
324382 1 1 1 1 2 1 2 1 1 2
695219 1 1 1 1 2 1 2 1 1 2
1217717 5 1 1 6 3 1 1 1 1 2
1254538 8 10 10 10 6 10 10 10 1 4
1272166 5 1 1 1 2 1 1 1 1 2
1294261 4 10 8 5 4 1 10 1 1 4
1344449 1 1 1 1 1 1 2 1 1 2
352431 10 5 10 3 5 8 7 8 3 4
736150 10 4 3 10 3 10 7 1 2 4
1016634 2 3 1 1 2 1 2 1 1 2
1031608 2 1 1 1 1 1 2 1 1 2
1083817 3 1 1 1 2 1 2 1 1 2
1225382 6 2 3 1 2 1 1 1 1 2
1235807 5 1 1 1 2 1 2 1 1 2
1253955 8 7 4 4 5 3 5 10 1 4
1257366 3 1 1 1 2 1 1 1 1 2
1260659 3 1 4 1 2 1 1 1 1 2
1275807 4 2 4 3 2 2 2 1 1 2
1285722 4 1 1 3 2 1 1 1 1 2
1294413 1 1 1 1 2 1 1 1 1 2
1299596 2 1 1 1 2 1 1 1 1 2
1311108 1 1 1 3 2 1 1 1 1 2
1315807 5 10 10 10 10 2 10 10 10 4
1323477 1 2 1 3 2 1 2 1 1 2
1324572 5 1 1 1 2 1 2 2 1 2
1324681 4 1 1 1 2 1 2 1 1 2
1333877 5 4 5 1 8 1 3 6 1 2
13454352 1 1 3 1 2 1 2 1 1 2
1347749 1 1 1 1 2 1 1 1 1 2
1347943 5 2 2 2 2 1 1 1 2 2
1350319 5 7 4 1 6 1 7 10 3 4
1350423 5 10 10 8 5 5 7 10 1 4
1352848 3 10 7 8 5 8 7 4 1 4
1365328 1 1 2 1 2 1 2 1 1 2
1368273 1 1 1 1 2 1 1 1 1 2
1371026 5 10 10 10 4 10 5 6 3 4
1371920 5 1 1 1 2 1 3 2 1 2
654546 1 1 1 1 2 1 1 1 8 2
654546 1 1 1 3 2 1 1 1 1 2
695091 5 10 10 5 4 5 4 4 1 4
776715 3 1 1 1 3 2 1 1 1 2
897471 4 8 6 4 3 4 10 6 1 4
