0.276923
0.125
0.128571
0.175
0.173333
0.25974
0.307692
0.24359
0.260274
0.183099
0.253521
0.243243
0.2
0.180556
0.155844
0.239437
0.173913
0.164384
0.182927
0.149254
0.25
0.2875
0.142857
0.138462
0.28169
0.225
0.260274
0.264706
0.194444
0.293333
0.188406
0.132353
0.180556
0.166667
0.208955
0.16
0.175676
0.15
0.136986
0.144737
0.28
0.142857
0.277108
0.177215
0.261905
0.266667
0.304348
0.169231
0.111111
0.166667
0.166667
0.178082
0.285714
0.256757
0.283951
0.1
0.205479
0.292683
0.194805
0.202899
0.191176
0.301205
0.236111
0.243243
0.264706
0.253521
0.136986
0.0909091
0.155844
0.230769
0.194444
0.24359
0.189189
0.225352
0.217949
0.325
0.2
0.114286
0.246753
0.2
0.277108
0.1
0.179487
0.19697
0.333333
0.289855
0.184211
0.283784
0.16129
0.168831
0.177215
0.183099
0.138889
0.257143
0.169014
0.289855
0.3
0.175676
0.225
0.25
