0.818763
0.82268
0.812627
0.8159
0.835073
0.821656
0.818574
0.809619
0.820202
0.827309
0.809426
0.809035
0.809035
0.823045
0.804527
0.81761
0.818182
0.812095
0.814141
0.811861
0.812121
0.826884
0.814741
0.821643
0.812121
0.808594
0.819706
0.831601
0.825203
0.805328
0.817391
0.814815
0.818725
0.805274
0.820408
0.818367
0.812245
0.810309
0.796781
0.808
0.832645
0.799197
0.828866
0.822581
0.815951
0.819085
0.829615
0.828921
0.816631
0.813025
0.817227
0.826613
0.805611
0.80404
0.827381
0.823062
0.835729
0.808943
0.799587
0.821277
0.811359
0.80167
0.807157
0.819106
0.814229
0.815678
0.836032
0.820408
0.819444
0.820248
0.836735
0.815195
0.8125
0.799189
0.817097
0.802846
0.823062
0.807377
0.810101
0.800821
0.821355
0.812109
0.804928
0.810417
0.823285
0.809725
0.804124
0.801706
0.811321
0.814433
0.814583
0.821721
0.810865
0.812121
0.817647
0.827586
0.825558
0.815631
0.81681
0.809917
