1002945 5 4 4 5 7 10 3 2 1 2
1016277 6 8 8 1 3 4 3 7 1 2
1018099 1 1 1 1 2 10 3 1 1 2
1036172 2 1 1 1 2 1 2 1 1 2
1043999 1 1 1 1 2 3 3 1 1 2
1044572 8 7 5 10 7 9 5 5 4 4
1048672 4 1 1 1 2 1 2 1 1 2
1050670 10 7 7 6 4 10 4 1 2 4
1050718 6 1 1 1 2 1 3 1 1 2
1056784 3 1 1 1 2 1 2 1 1 2
1065726 5 2 3 4 2 7 3 6 1 4
1070935 3 1 1 1 1 1 2 1 1 2
1071760 2 1 1 1 2 1 3 1 1 2
1072179 10 7 7 3 8 5 7 4 3 4
1074610 2 1 1 2 2 1 3 1 1 2
1081791 6 2 1 1 1 1 7 1 1 2
1084584 5 4 4 9 2 10 5 6 1 4
1099510 10 4 3 1 3 3 6 5 2 4
1102573 5 6 5 6 10 1 3 1 1 4
1103608 10 10 10 4 8 1 8 10 1 4
1108370 9 5 8 1 2 3 2 1 5 4
1108449 5 3 3 4 2 4 3 4 1 4
1113038 8 2 4 1 5 1 5 4 4 4
1115282 5 3 5 5 3 3 4 10 1 4
1116132 6 3 4 1 5 2 3 9 1 4
1117152 4 1 1 1 2 1 3 1 1 2
1121919 5 1 3 1 2 1 2 1 1 2
1123061 6 10 2 8 10 2 7 8 10 4
1124651 1 3 3 2 2 1 7 2 1 2
1131294 1 1 2 1 2 2 4 2 1 2
1147044 3 1 1 1 2 2 7 1 1 2
1148278 3 3 6 4 5 8 4 4 1 4
1156948 3 1 1 2 2 1 1 1 1 2
1165297 2 1 1 2 2 1 1 1 1 2
1166654 10 3 5 1 10 5 3 10 2 4
1171710 1 1 1 1 2 1 2 3 1 2
1173216 10 10 10 3 10 8 8 1 1 4
1173347 1 1 1 1 2 5 1 1 1 2
1174057 1 1 2 2 2 1 3 1 1 2
1175937 5 4 6 7 9 7 8 10 1 4
1176881 7 5 3 7 4 10 7 5 5 4
1177399 8 3 5 4 5 10 1 6 2 4
1179818 2 1 1 1 2 1 3 1 1 2
1180523 3 1 1 1 2 1 2 2 1 2
1181356 5 1 1 1 2 2 3 3 1 2
1182404 4 1 1 1 2 1 2 1 1 2
1183240 4 1 2 1 2 1 2 1 1 2
1183516 3 1 1 1 2 1 1 1 1 2
1183983 9 5 5 4 4 5 4 3 3 4
1184184 1 1 1 1 2 5 1 1 1 2
1184241 2 1 1 1 2 1 2 1 1 2
1185609 3 4 5 2 6 8 4 1 1 4
1189286 10 10 8 6 4 5 8 10 1 4
1196915 10 7 7 4 5 10 5 7 2 4
1197270 3 1 1 1 2 1 3 1 1 2
1197979 4 1 1 1 2 2 3 2 1 2
1198128 10 8 10 10 6 1 3 1 10 4
1199219 1 1 1 2 1 1 1 1 1 2
1199731 3 1 1 1 2 1 1 1 1 2
1199983 1 1 1 1 2 1 3 1 1 2
1200772 1 1 1 1 2 1 2 1 1 2
1200847 6 10 10 10 8 10 10 10 7 4
1200892 8 6 5 4 3 10 6 1 1 4
1201834 2 1 1 1 2 1 3 1 1 2
1202812 5 3 3 3 6 10 3 1 1 4
1204242 1 1 1 1 2 1 1 1 1 2
1205138 5 8 8 8 5 10 7 8 1 4
1207986 5 8 4 10 5 8 9 10 1 4
1208301 1 2 3 1 2 1 3 1 1 2
1210963 10 10 10 8 6 8 7 10 1 4
1211202 7 5 10 10 10 10 4 10 3 4
1212422 3 1 1 1 2 1 3 1 1 2
1214092 1 1 1 1 2 1 1 1 1 2
1217051 5 1 1 1 2 1 3 1 1 2
1217264 1 1 1 1 2 1 3 1 1 2
1218105 5 10 10 9 6 10 7 10 5 4
1219525 8 10 10 10 5 10 8 10 6 4
1222936 8 7 8 7 5 5 5 10 2 4
1223426 1 1 1 1 2 1 3 1 1 2
1223793 6 10 7 7 6 4 8 10 2 4
1225799 10 6 4 3 10 10 9 10 1 4
1226612 7 5 6 3 3 8 7 4 1 4
1227244 1 1 1 1 2 1 2 1 1 2
1228152 8 9 9 5 3 5 7 7 1 4
1232225 10 4 5 5 5 10 4 1 1 4
1236043 3 3 2 1 3 1 3 6 1 2
1242364 8 10 10 8 6 9 3 10 10 4
1270479 5 1 3 3 2 2 2 3 1 2
145447 8 4 4 1 2 9 3 3 1 4
183913 1 2 2 1 2 1 1 1 1 2
1182404 3 1 1 1 2 1 1 1 1 2
255644 10 5 8 10 3 10 5 1 3 4
263538 5 10 10 6 10 10 10 6 5 4
303213 10 4 4 10 6 10 5 5 1 4
1182404 5 1 4 1 2 1 3 2 1 2
385103 1 1 1 1 2 1 3 1 1 2
452264 1 1 1 1 2 1 2 1 1 2
456282 1 1 1 1 2 1 3 1 1 2
486283 3 1 1 1 2 1 3 1 1 2
488173 1 4 3 10 4 10 5 6 1 4
492268 10 4 6 1 2 10 5 3 1 4
508234 7 4 5 10 2 10 3 8 2 4
527363 8 10 10 10 8 10 10 7 3 4
543558 6 1 3 1 4 5 5 10 1 4
555977 5 6 6 8 6 10 4 10 4 4
560680 1 1 1 1 2 1 1 1 1 2
563649 8 8 8 1 2 ? 6 10 1 4
606140 1 1 1 1 2 ? 2 1 1 2
61634 5 4 3 1 2 ? 2 3 1 2
636130 1 1 1 1 2 1 3 1 1 2
640744 10 10 10 7 9 10 7 10 10 4
653777 8 3 4 9 3 10 3 3 1 4
666942 1 1 1 1 2 1 3 1 1 2
693702 1 1 1 1 2 1 1 1 1 2
704097 1 1 1 1 1 1 2 1 1 2
733639 3 1 1 1 2 1 3 1 1 2
785208 5 4 6 6 4 10 4 3 1 4
797327 6 5 5 8 4 10 3 4 1 4
809912 10 3 3 1 2 10 7 6 1 4
822829 7 6 4 8 10 10 9 5 3 4
846832 3 4 5 3 7 3 4 6 1 2
850831 2 7 10 10 7 10 4 9 4 4
859164 5 3 3 1 3 3 3 3 3 4
866325 8 10 5 3 8 4 4 10 3 4
877943 3 10 3 10 6 10 5 1 4 4
897172 2 1 1 1 2 1 2 1 1 2
95719 6 10 10 10 8 10 7 10 7 4
160296 5 8 8 10 5 10 8 10 3 4
342245 1 1 3 1 2 1 1 1 1 2
493452 4 1 2 1 2 1 2 1 1 2
636437 1 1 1 1 2 1 1 1 1 2
640712 1 1 1 1 2 1 2 1 1 2
1022257 2 1 1 1 2 1 1 1 1 2
1026122 2 1 1 1 2 1 1 1 1 2
1114570 5 3 3 2 3 1 3 1 1 2
1158247 1 1 1 1 1 1 1 1 1 2
1158405 1 2 3 1 2 1 2 1 1 2
1196475 3 2 1 1 2 1 2 2 1 2
1213784 3 1 1 1 2 1 1 1 1 2
1223003 5 3 3 1 2 1 2 1 1 2
1238021 1 1 1 1 2 1 2 1 1 2
1238915 5 1 2 1 2 1 3 1 1 2
1238948 8 5 6 2 3 10 6 6 1 4
1240337 5 2 2 2 2 2 3 2 2 2
1253505 2 3 1 1 5 1 1 1 1 2
1255384 3 2 2 3 2 3 3 1 1 2
1257938 3 1 1 1 2 1 1 1 1 2
1266154 8 7 8 2 4 2 5 10 1 4
1277629 5 1 1 1 2 1 2 2 1 2
1294562 10 8 10 1 3 10 5 1 1 4
527337 4 1 1 1 2 1 1 1 1 2
566509 5 1 1 1 2 1 1 1 1 2
780555 5 1 1 6 3 1 2 1 1 2
827627 2 1 1 1 2 1 1 1 1 2
1182404 1 1 1 1 1 1 1 1 1 2
1230994 4 5 5 8 6 10 10 7 1 4
1257470 10 6 5 8 5 10 8 6 1 4
1268313 5 1 1 3 2 1 1 1 1 2
1268804 3 1 1 1 2 5 1 1 1 2
1280258 4 1 1 1 2 1 1 2 1 2
1293966 4 1 1 1 2 1 1 1 1 2
1296572 10 9 8 7 6 4 7 10 3 4
1298416 10 6 6 2 4 10 9 7 1 4
1299596 6 6 6 5 4 10 7 6 2 4
1181685 1 1 2 1 2 1 2 1 1 2
1211594 3 1 1 1 1 1 2 1 1 2
1238777 6 1 1 3 2 1 1 1 1 2
1296593 5 2 1 1 2 1 1 1 1 2
1318169 9 10 10 10 10 5 10 10 10 4
1070522 3 1 1 1 1 1 2 1 1 2
1073960 10 10 10 10 6 10 8 1 5 4
1076352 3 6 4 10 3 3 3 4 1 4
1084139 6 3 2 1 3 4 4 1 1 4
1119189 5 8 9 4 3 10 7 1 1 4
1170945 3 1 1 1 1 1 2 1 1 2
1181567 1 1 1 1 1 1 1 1 1 2
1182404 4 2 1 1 2 1 1 1 1 2
1224565 6 1 1 1 2 1 3 1 1 2
1238186 4 1 1 1 2 1 2 1 1 2
1268766 1 1 1 1 2 1 1 1 1 2
1298360 1 1 1 1 2 1 1 1 1 2
1306282 6 6 7 10 3 10 8 10 2 4
1313325 4 10 4 7 3 10 9 10 1 4
1320077 1 1 1 1 1 1 2 1 1 2
1330439 4 7 8 3 4 10 9 1 1 4
369565 4 1 1 1 3 1 1 1 1 2
672113 7 5 6 10 4 10 5 3 1 4
769612 3 1 1 2 2 1 1 1 1 2
869828 1 1 1 1 1 1 3 1 1 2
1113061 5 1 1 1 2 1 3 1 1 2
1116192 5 1 2 1 2 1 3 1 1 2
1135090 4 1 1 1 2 1 2 1 1 2
1145420 6 1 1 1 2 1 2 1 1 2
1171578 3 1 1 1 2 1 1 1 1 2
1174841 5 3 1 1 2 1 1 1 1 2
1240603 2 1 1 1 1 1 1 1 1 2
1241035 7 8 3 7 4 5 7 8 2 4
1299924 3 2 2 2 2 1 4 2 1 2
1321264 5 2 2 2 1 1 2 1 1 2
1321321 5 1 1 3 2 1 1 1 1 2
1321931 5 1 1 1 2 1 2 1 1 2
1328755 3 1 1 1 2 1 2 1 1 2
1331412 5 7 10 10 5 10 10 10 1 4
1343374 10 10 8 10 6 5 10 3 1 4
183936 3 1 1 1 2 1 2 1 1 2
385103 5 1 2 1 2 1 3 1 1 2
690557 5 1 1 1 2 1 2 1 1 2
878358 5 7 10 6 5 10 7 5 1 4
1107684 6 10 5 5 4 10 6 10 1 4
1239420 1 1 1 1 2 1 1 1 1 2
1325309 4 1 2 1 2 1 2 1 1 2
1333495 3 1 1 1 2 1 2 1 1 2
1334659 5 2 4 1 1 1 1 1 1 2
1344449 1 1 1 1 1 1 2 1 1 2
188336 5 3 2 8 5 10 8 1 2 4
636375 5 1 1 1 2 1 1 1 1 2
736150 10 4 3 10 3 10 7 1 2 4
1016634 2 3 1 1 2 1 2 1 1 2
1042252 3 1 1 1 2 1 2 1 1 2
1057067 1 1 1 1 1 ? 1 1 1 2
1073836 5 1 1 1 2 1 2 1 1 2
1149548 1 1 1 1 2 1 1 1 1 2
1174009 5 1 1 2 1 1 2 1 1 2
1213273 2 1 1 1 2 1 1 1 1 2
1238777 1 1 1 1 2 1 1 1 1 2
1253955 8 7 4 4 5 3 5 10 1 4
1260659 3 1 4 1 2 1 1 1 1 2
1268952 10 10 7 8 7 1 10 10 3 4
1318671 3 1 1 1 2 1 2 1 1 2
1324681 4 1 1 1 2 1 2 1 1 2
1326892 3 1 1 1 2 1 2 1 1 2
1345593 3 1 1 3 2 1 2 1 1 2
1347943 5 2 2 2 2 1 1 1 2 2
1350423 5 10 10 8 5 5 7 10 1 4
1368267 5 1 1 1 2 1 1 1 1 2
763235 3 1 1 1 2 1 2 1 2 2
897471 4 8 6 4 3 4 10 6 1 4
