1018099 1 1 1 1 2 10 3 1 1 2
1043999 1 1 1 1 2 3 3 1 1 2
1047630 7 4 6 4 6 1 4 3 1 4
1054590 7 3 2 10 5 10 5 4 4 4
1056784 3 1 1 1 2 1 2 1 1 2
1057013 8 4 5 1 2 ? 7 3 1 4
1070935 3 1 1 1 1 1 2 1 1 2
1072179 10 7 7 3 8 5 7 4 3 4
1091262 2 5 3 3 6 7 7 5 1 4
1099510 10 4 3 1 3 3 6 5 2 4
1105257 3 7 7 4 4 9 4 8 1 4
1108370 9 5 8 1 2 3 2 1 5 4
1110524 10 5 5 6 8 8 7 1 1 4
1115293 1 1 1 1 2 2 2 1 1 2
1116132 6 3 4 1 5 2 3 9 1 4
1116192 1 1 1 1 2 1 2 1 1 2
1121919 5 1 3 1 2 1 2 1 1 2
1125035 9 4 5 10 6 10 4 8 1 4
1131294 1 1 2 1 2 2 4 2 1 2
1143978 4 1 1 2 2 1 2 1 1 2
1155546 2 1 1 2 3 1 2 1 1 2
1165297 2 1 1 2 2 1 1 1 1 2
1166630 7 5 6 10 5 10 7 9 4 4
1167439 2 3 4 4 2 5 2 5 1 4
1168736 10 10 10 10 10 1 8 8 8 4
1170419 10 10 10 8 2 10 4 1 1 4
1171845 8 6 4 3 5 9 3 1 1 4
1173216 10 10 10 3 10 8 8 1 1 4
1173509 4 5 5 10 4 10 7 5 8 4
1174057 4 2 1 1 2 2 3 1 1 2
1174131 10 10 10 2 10 10 5 3 3 4
1175937 5 4 6 7 9 7 8 10 1 4
1177027 3 1 1 1 2 1 3 1 1 2
1182404 4 1 1 1 2 1 2 1 1 2
1184241 2 1 1 1 2 1 2 1 1 2
1185609 3 4 5 2 6 8 4 1 1 4
1185610 1 1 1 1 3 2 2 1 1 2
1188472 1 1 1 1 1 1 3 1 1 2
1189266 7 2 4 1 6 10 5 4 3 4
1192325 5 5 5 6 3 10 3 1 1 4
1193091 1 2 2 1 2 1 2 1 1 2
1193210 2 1 1 1 2 1 3 1 1 2
1196915 10 7 7 4 5 10 5 7 2 4
1197440 1 1 1 2 1 3 1 1 7 2
1197993 5 6 7 8 8 10 3 10 3 4
1199983 1 1 1 1 2 1 3 1 1 2
1200847 6 10 10 10 8 10 10 10 7 4
1201834 2 1 1 1 2 1 3 1 1 2
1206089 2 1 1 1 1 1 3 1 1 2
1206841 10 5 6 10 6 10 7 7 10 4
1212422 3 1 1 1 2 1 3 1 1 2
1213383 5 1 1 4 2 1 3 1 1 2
1216694 10 8 8 4 10 10 8 1 1 4
1216947 1 1 1 1 2 1 3 1 1 2
1217051 5 1 1 1 2 1 3 1 1 2
1218105 5 10 10 9 6 10 7 10 5 4
1218741 10 10 9 3 7 5 3 5 1 4
1219406 5 1 1 1 1 1 3 1 1 2
1219525 8 10 10 10 5 10 8 10 6 4
1221863 10 10 10 10 7 10 7 10 4 4
1226012 4 1 1 3 1 5 2 1 1 4
1227244 1 1 1 1 2 1 2 1 1 2
1228311 1 1 1 1 1 1 3 1 1 2
1231387 6 8 7 5 6 8 8 9 2 4
1241232 3 1 4 1 2 ? 3 1 1 2
1242364 8 10 10 8 6 9 3 10 10 4
1270479 5 1 3 3 2 2 2 3 1 2
128059 1 1 1 1 2 5 5 1 1 2
1287775 5 1 1 2 2 2 3 1 1 2
145447 8 4 4 1 2 9 3 3 1 4
191250 10 4 4 10 2 10 5 3 3 4
1116116 9 10 10 1 10 8 3 3 1 4
1182404 3 1 1 1 2 1 1 1 1 2
242970 5 7 7 1 5 8 3 4 1 2
274137 8 8 9 4 5 10 7 8 1 4
303213 10 4 4 10 6 10 5 5 1 4
1198641 10 10 6 3 3 10 4 3 2 4
320675 3 3 5 2 3 10 7 1 1 4
411453 5 1 1 1 2 1 3 1 1 2
320675 3 3 5 2 3 10 7 1 1 4
428903 7 2 4 1 3 4 3 3 1 4
432809 3 1 3 1 2 ? 2 1 1 2
476903 10 5 7 3 3 7 3 3 8 4
486283 3 1 1 1 2 1 3 1 1 2
492268 10 4 6 1 2 10 5 3 1 4
543558 6 1 3 1 4 5 5 10 1 4
561477 1 1 1 1 2 1 3 1 1 2
601265 10 4 4 6 2 10 2 3 1 4
606140 1 1 1 1 2 ? 2 1 1 2
625201 8 2 1 1 5 1 1 1 1 2
635844 8 4 10 5 4 4 7 10 1 4
640744 10 10 10 7 9 10 7 10 10 4
666090 1 1 1 1 2 1 3 1 1 2
667204 7 8 7 6 4 3 8 8 4 4
709287 6 8 7 8 6 8 8 9 1 4
733823 5 4 6 10 2 10 4 1 1 4
756136 1 1 1 1 2 1 2 1 1 2
76389 10 4 7 2 2 8 6 1 1 4
785615 8 6 7 3 3 10 3 4 2 4
832567 4 2 3 5 3 8 7 6 1 4
837082 2 1 1 1 2 1 3 1 1 2
850831 2 7 10 10 7 10 4 9 4 4
859164 5 3 3 1 3 3 3 3 3 4
873549 10 3 5 4 3 7 3 5 3 4
877943 3 10 3 10 6 10 5 1 4 4
888523 4 4 4 2 2 3 2 1 1 2
896404 2 1 1 1 2 1 3 1 1 2
897172 2 1 1 1 2 1 2 1 1 2
521441 5 1 1 2 2 1 2 1 1 2
560680 3 1 2 1 2 1 2 1 1 2
640712 1 1 1 1 2 1 2 1 1 2
654244 1 1 1 1 1 1 2 1 1 2
1002504 3 2 2 2 2 1 3 2 1 2
1114570 5 3 3 2 3 1 3 1 1 2
1168278 3 1 1 1 2 1 2 1 1 2
1213784 3 1 1 1 2 1 1 1 1 2
1231853 4 2 2 1 2 1 2 1 1 2
1236837 2 3 2 2 2 2 3 1 1 2
1238464 1 1 1 1 1 ? 2 1 1 2
1240337 5 2 2 2 2 2 3 2 2 2
1257815 5 1 3 1 2 1 2 1 1 2
1258556 5 3 6 1 2 1 1 1 1 2
1276091 2 1 1 1 2 1 2 1 1 2
1293439 3 2 2 3 2 1 1 1 1 2
566509 5 1 1 1 2 1 1 1 1 2
780555 5 1 1 6 3 1 2 1 1 2
827627 2 1 1 1 2 1 1 1 1 2
1193544 5 7 9 8 6 10 8 10 1 4
1202253 5 1 1 1 2 1 1 1 1 2
1230994 4 5 5 8 6 10 10 7 1 4
1268313 5 1 1 3 2 1 1 1 1 2
1293966 4 1 1 1 2 1 1 1 1 2
1105524 4 1 1 1 2 1 1 1 1 2
1287282 3 1 1 1 2 1 1 1 1 2
1299161 4 8 7 10 4 10 7 5 1 4
474162 8 7 8 5 5 10 9 10 1 4
787451 5 1 2 1 2 1 1 1 1 2
1224565 6 1 1 1 2 1 3 1 1 2
1238186 4 1 1 1 2 1 2 1 1 2
1265899 4 1 1 1 2 1 3 1 1 2
1268766 1 1 1 1 2 1 1 1 1 2
1297522 2 1 1 1 2 1 1 1 1 2
1298360 1 1 1 1 2 1 1 1 1 2
1304595 3 1 1 1 1 1 2 1 1 2
1313325 4 10 4 7 3 10 9 10 1 4
1330439 4 7 8 3 4 10 9 1 1 4
672113 7 5 6 10 4 10 5 3 1 4
769612 4 1 1 1 2 1 1 1 1 2
798429 4 1 1 1 2 1 3 1 1 2
867392 4 2 2 1 2 1 2 1 1 2
1043068 3 1 1 1 2 1 2 1 1 2
1240603 3 1 1 1 1 1 1 1 1 2
1241035 7 8 3 7 4 5 7 8 2 4
1299924 3 2 2 2 2 1 4 2 1 2
1333104 3 1 2 1 2 1 3 1 1 2
183936 3 1 1 1 2 1 2 1 1 2
385103 5 1 2 1 2 1 3 1 1 2
690557 5 1 1 1 2 1 2 1 1 2
871549 5 1 2 1 2 1 2 1 1 2
1107684 6 10 5 5 4 10 6 10 1 4
1115762 3 1 1 1 2 1 1 1 1 2
1239420 1 1 1 1 2 1 1 1 1 2
1254538 8 10 10 10 6 10 10 10 1 4
1320141 5 1 1 1 2 1 2 1 1 2
1325309 4 1 2 1 2 1 2 1 1 2
1333495 3 1 1 1 2 1 2 1 1 2
1336798 3 1 1 1 2 1 2 1 1 2
352431 10 5 10 3 5 8 7 8 3 4
411453 1 1 1 1 2 1 1 1 1 2
736150 10 4 3 10 3 10 7 1 2 4
1041043 4 1 3 1 2 1 2 1 1 2
1042252 3 1 1 1 2 1 2 1 1 2
1057067 1 1 1 1 1 ? 1 1 1 2
1073836 5 1 1 1 2 1 2 1 1 2
1096352 6 3 3 3 3 2 6 1 1 2
1190546 2 1 1 1 2 5 1 1 1 2
1238777 1 1 1 1 2 1 1 1 1 2
1277792 4 1 1 1 2 1 1 1 1 2
1294413 1 1 1 1 2 1 1 1 1 2
1315807 5 10 10 10 10 2 10 10 10 4
1333877 5 4 5 1 8 1 3 6 1 2
1334015 7 8 8 7 3 10 7 2 3 4
1345593 3 1 1 3 2 1 2 1 1 2
1347749 1 1 1 1 2 1 1 1 1 2
1350423 5 10 10 8 5 5 7 10 1 4
1353092 3 2 1 2 2 1 3 1 1 2
1355260 1 1 1 1 2 1 2 1 1 2
1365075 4 1 4 1 2 1 1 1 1 2
466906 1 1 1 1 2 1 1 1 1 2
466906 1 1 1 1 2 1 1 1 1 2
603148 4 1 1 1 2 1 1 1 1 2
654546 1 1 1 1 2 1 1 1 8 2
763235 3 1 1 1 2 1 2 1 2 2
897471 4 8 6 4 3 4 10 6 1 4
