1000025 5 1 1 1 2 1 3 1 1 2
1018099 1 1 1 1 2 10 3 1 1 2
1033078 4 2 1 1 2 1 2 1 1 2
1041801 5 3 3 3 2 3 4 4 1 4
1044572 8 7 5 10 7 9 5 5 4 4
1050718 6 1 1 1 2 1 3 1 1 2
1054590 7 3 2 10 5 10 5 4 4 4
1054593 10 5 5 3 6 7 7 10 1 4
1067444 2 1 1 1 2 1 2 1 1 2
1070935 3 1 1 1 1 1 2 1 1 2
1072179 10 7 7 3 8 5 7 4 3 4
1075123 3 1 2 1 2 1 2 1 1 2
1081791 6 2 1 1 1 1 7 1 1 2
1091262 2 5 3 3 6 7 7 5 1 4
1096800 6 6 6 9 6 ? 7 8 1 2
1099510 10 4 3 1 3 3 6 5 2 4
1103722 1 1 1 1 2 1 2 1 2 2
1106095 4 1 1 3 2 1 3 1 1 2
1106829 7 8 7 2 4 8 3 8 2 4
1113038 8 2 4 1 5 1 5 4 4 4
1115282 5 3 5 5 3 3 4 10 1 4
1116998 10 4 2 1 3 2 4 3 10 4
1118039 5 3 4 1 8 10 4 9 1 4
1121919 5 1 3 1 2 1 2 1 1 2
1132347 1 1 4 1 2 1 2 1 1 2
1133041 5 3 1 2 2 1 2 1 1 2
1133136 3 1 1 1 2 3 3 1 1 2
1147044 3 1 1 1 2 2 7 1 1 2
1147748 5 10 6 1 10 4 4 10 10 4
1148278 3 3 6 4 5 8 4 4 1 4
1158247 1 1 1 1 2 1 2 1 1 2
1165790 5 1 1 1 2 1 3 1 1 2
1167439 2 3 4 4 2 5 2 5 1 4
1167471 4 1 2 1 2 1 3 1 1 2
1168359 8 2 3 1 6 3 7 1 1 4
1170420 1 6 8 10 8 10 5 7 1 4
1171710 1 1 1 1 2 1 2 3 1 2
1171795 1 3 1 2 2 2 5 3 2 2
1173347 1 1 1 1 2 5 1 1 1 2
1173347 8 3 3 1 2 2 3 2 1 2
1175937 5 4 6 7 9 7 8 10 1 4
1177399 8 3 5 4 5 10 1 6 2 4
1177512 1 1 1 1 10 1 1 1 1 2
1190394 4 1 1 1 2 3 1 1 1 2
1193683 1 1 2 1 3 ? 1 1 1 2
1196295 9 9 10 3 6 10 7 10 6 4
1196915 10 7 7 4 5 10 5 7 2 4
1198641 3 1 1 1 2 1 3 1 1 2
1199983 1 1 1 1 2 1 3 1 1 2
1200892 8 6 5 4 3 10 6 1 1 4
1200952 5 8 7 7 10 10 5 7 1 4
1206841 10 5 6 10 6 10 7 7 10 4
1212422 4 1 1 1 2 1 3 1 1 2
1213375 8 4 4 5 4 7 7 8 2 2
1213383 5 1 1 4 2 1 3 1 1 2
1216694 10 8 8 4 10 10 8 1 1 4
1228311 1 1 1 1 1 1 3 1 1 2
144888 8 10 10 8 5 10 7 8 1 4
145447 8 4 4 1 2 9 3 3 1 4
183913 1 2 2 1 2 1 1 1 1 2
1182404 3 1 1 1 2 1 1 1 1 2
303213 10 4 4 10 6 10 5 5 1 4
1198641 10 10 6 3 3 10 4 3 2 4
324427 10 8 8 2 3 4 8 7 8 4
385103 1 1 1 1 2 1 3 1 1 2
411453 5 1 1 1 2 1 3 1 1 2
431495 3 1 1 1 2 1 3 2 1 2
432809 3 1 3 1 2 ? 2 1 1 2
486283 3 1 1 1 2 1 3 1 1 2
527363 8 10 10 10 8 10 10 7 3 4
529329 10 10 10 10 10 10 4 10 10 4
535331 3 1 1 1 3 1 2 1 1 2
543558 6 1 3 1 4 5 5 10 1 4
560680 1 1 1 1 2 1 1 1 1 2
61634 5 4 3 1 2 ? 2 3 1 2
640744 10 10 10 7 9 10 7 10 10 4
653777 8 3 4 9 3 10 3 3 1 4
666942 1 1 1 1 2 1 3 1 1 2
691628 8 6 4 10 10 1 3 5 1 4
693702 1 1 1 1 2 1 1 1 1 2
706426 5 5 5 2 5 10 4 3 1 4
709287 6 8 7 8 6 8 8 9 1 4
721482 4 4 4 4 6 5 7 3 1 2
733639 3 1 1 1 2 ? 3 1 1 2
733639 3 1 1 1 2 1 3 1 1 2
733823 5 4 6 10 2 10 4 1 1 4
752904 10 1 1 1 2 10 5 4 1 4
760239 10 4 6 4 5 10 7 1 1 4
770066 5 2 2 2 2 1 2 2 1 2
785208 5 4 6 6 4 10 4 3 1 4
797327 6 5 5 8 4 10 3 4 1 4
798429 1 1 1 1 2 1 3 1 1 2
814911 1 1 1 1 2 1 1 1 1 2
832567 4 2 3 5 3 8 7 6 1 4
857774 4 1 1 1 3 1 2 2 1 2
877291 6 10 10 10 10 10 8 10 10 4
877943 3 10 3 10 6 10 5 1 4 4
428598 1 1 3 1 1 1 2 1 1 2
493452 4 1 2 1 2 1 2 1 1 2
521441 5 1 1 2 2 1 2 1 1 2
654244 1 1 1 1 1 1 2 1 1 2
657753 3 1 1 4 3 1 2 2 1 2
805448 1 1 1 1 2 1 1 1 1 2
1022257 2 1 1 1 2 1 1 1 1 2
1080233 7 6 6 3 2 10 7 1 1 4
1151734 10 8 7 4 3 10 7 9 1 4
1206314 1 2 3 1 2 1 1 1 1 2
1211265 3 10 8 7 6 9 9 3 8 4
1239347 8 7 8 5 10 10 7 2 1 4
1239967 1 1 1 1 2 1 2 1 1 2
1240337 5 2 2 2 2 2 3 2 2 2
1255384 3 2 2 3 2 3 3 1 1 2
1257648 4 3 3 1 2 1 3 3 1 2
1272039 1 1 1 1 2 1 2 1 1 2
1277629 5 1 1 1 2 1 2 2 1 2
1293439 3 2 2 3 2 1 1 1 1 2
1293439 6 9 7 5 5 8 4 2 1 2
527337 4 1 1 1 2 1 1 1 1 2
677910 5 2 2 4 2 4 1 1 1 2
1201870 4 1 1 3 1 1 2 1 1 2
1266124 5 1 2 1 2 1 1 1 1 2
1268313 5 1 1 3 2 1 1 1 1 2
1276091 6 1 1 3 2 1 1 1 1 2
1293966 4 1 1 1 2 1 1 1 1 2
1296572 10 9 8 7 6 4 7 10 3 4
1298416 10 6 6 2 4 10 9 7 1 4
1257608 6 1 1 1 1 1 1 1 1 2
1269574 4 1 1 1 2 1 1 1 1 2
1277145 5 1 1 1 2 1 1 1 1 2
1296593 5 2 1 1 2 1 1 1 1 2
1299161 4 8 7 10 4 10 7 5 1 4
1301945 5 1 1 1 1 1 1 1 1 2
1002025 1 1 1 3 1 3 1 1 1 2
1070522 3 1 1 1 1 1 2 1 1 2
1115293 1 1 1 1 2 1 1 1 1 2
1133991 4 1 1 1 1 1 2 1 1 2
1182404 4 2 1 1 2 1 1 1 1 2
1204558 4 1 1 1 2 1 2 1 1 2
1224565 6 1 1 1 2 1 3 1 1 2
1238186 4 1 1 1 2 1 2 1 1 2
1253917 4 1 1 2 2 1 2 1 1 2
1265899 4 1 1 1 2 1 3 1 1 2
1299924 5 1 1 1 2 1 2 1 1 2
1299994 5 1 1 1 2 1 1 1 1 2
1304595 3 1 1 1 1 1 2 1 1 2
1320077 1 1 1 1 1 1 2 1 1 2
672113 7 5 6 10 4 10 5 3 1 4
749653 3 1 1 1 2 1 2 1 1 2
769612 4 1 1 1 2 1 1 1 1 2
837480 7 4 4 3 4 10 6 9 1 4
867392 4 2 2 1 2 1 2 1 1 2
869828 1 1 1 1 1 1 3 1 1 2
1056171 2 1 1 1 2 1 2 1 1 2
1145420 6 1 1 1 2 1 2 1 1 2
1158157 5 1 1 1 2 2 2 1 1 2
1222464 6 10 10 10 4 10 7 10 1 4
1313658 3 1 1 1 2 1 1 1 1 2
1321348 2 1 1 1 2 1 2 1 1 2
1321942 5 1 1 1 2 1 3 1 1 2
1328331 1 1 1 1 2 1 3 1 1 2
1331405 4 1 1 1 2 1 3 2 1 2
1333104 3 1 2 1 2 1 3 1 1 2
1334071 4 1 1 1 2 3 2 1 1 2
1343068 8 4 4 1 6 10 2 5 2 4
1343374 10 10 8 10 6 5 10 3 1 4
324382 1 1 1 1 2 1 2 1 1 2
378275 10 9 7 3 4 2 7 7 1 4
690557 5 1 1 1 2 1 2 1 1 2
871549 5 1 2 1 2 1 2 1 1 2
1217717 5 1 1 6 3 1 1 1 1 2
1239420 1 1 1 1 2 1 1 1 1 2
1254538 8 10 10 10 6 10 10 10 1 4
1272166 5 1 1 1 2 1 1 1 1 2
1295529 2 5 7 6 4 10 7 6 1 4
1315506 4 8 6 3 4 10 7 1 1 4
1325309 4 1 2 1 2 1 2 1 1 2
1333495 3 1 1 1 2 1 2 1 1 2
1334659 5 2 4 1 1 1 1 1 1 2
636375 5 1 1 1 2 1 1 1 1 2
736150 10 4 3 10 3 10 7 1 2 4
803531 5 10 10 10 5 2 8 5 1 4
822829 8 10 10 10 6 10 10 10 10 4
1016634 2 3 1 1 2 1 2 1 1 2
1031608 2 1 1 1 1 1 2 1 1 2
1083817 3 1 1 1 2 1 2 1 1 2
1140597 7 1 2 3 2 1 2 1 1 2
1174009 5 1 1 2 1 1 2 1 1 2
1183596 3 1 3 1 3 4 1 1 1 2
1235807 5 1 1 1 2 1 2 1 1 2
1238777 1 1 1 1 2 1 1 1 1 2
1285722 4 1 1 3 2 1 1 1 1 2
1290203 3 1 1 1 2 1 2 1 1 2
1324572 5 1 1 1 2 1 2 2 1 2
1334015 7 8 8 7 3 10 7 2 3 4
1339781 4 1 1 1 2 1 3 1 1 2
1345593 3 1 1 3 2 1 2 1 1 2
1347749 1 1 1 1 2 1 1 1 1 2
1350423 5 10 10 8 5 5 7 10 1 4
1354840 5 3 2 1 3 1 1 1 1 2
1355260 1 1 1 1 2 1 2 1 1 2
1365075 4 1 4 1 2 1 1 1 1 2
1365328 1 1 2 1 2 1 2 1 1 2
1368267 5 1 1 1 2 1 1 1 1 2
1368882 2 1 1 1 2 1 1 1 1 2
1371920 5 1 1 1 2 1 3 2 1 2
466906 1 1 1 1 2 1 1 1 1 2
603148 4 1 1 1 2 1 1 1 1 2
776715 3 1 1 1 3 2 1 1 1 2
888820 5 10 10 3 7 3 8 10 2 4
