1017122 8 10 10 8 7 10 9 7 1 4
1044572 8 7 5 10 7 9 5 5 4 4
1049815 4 1 1 1 2 1 3 1 1 2
1050718 6 1 1 1 2 1 3 1 1 2
1054590 7 3 2 10 5 10 5 4 4 4
1054593 10 5 5 3 6 7 7 10 1 4
1059552 1 1 1 1 2 1 3 1 1 2
1067444 2 1 1 1 2 1 2 1 1 2
1072179 10 7 7 3 8 5 7 4 3 4
1075123 3 1 2 1 2 1 2 1 1 2
1084584 5 4 4 9 2 10 5 6 1 4
1096800 6 6 6 9 6 ? 7 8 1 2
1099510 10 4 3 1 3 3 6 5 2 4
1102573 5 6 5 6 10 1 3 1 1 4
1103722 1 1 1 1 2 1 2 1 2 2
1105257 3 7 7 4 4 9 4 8 1 4
1106095 4 1 1 3 2 1 3 1 1 2
1106829 7 8 7 2 4 8 3 8 2 4
1108449 5 3 3 4 2 4 3 4 1 4
1112209 8 10 10 1 3 6 3 9 1 4
1113038 8 2 4 1 5 1 5 4 4 4
1115293 1 1 1 1 2 2 2 1 1 2
1116132 6 3 4 1 5 2 3 9 1 4
1118039 5 3 4 1 8 10 4 9 1 4
1123061 6 10 2 8 10 2 7 8 10 4
1124651 1 3 3 2 2 1 7 2 1 2
1143978 4 1 1 2 2 1 2 1 1 2
1143978 5 2 1 1 2 1 3 1 1 2
1147699 3 5 7 8 8 9 7 10 7 4
1155546 2 1 1 2 3 1 2 1 1 2
1160476 2 1 1 1 2 1 3 1 1 2
1167439 2 3 4 4 2 5 2 5 1 4
1170419 10 10 10 8 2 10 4 1 1 4
1171845 8 6 4 3 5 9 3 1 1 4
1172152 10 3 3 10 2 10 7 3 3 4
1173347 8 3 3 1 2 2 3 2 1 2
1173509 4 5 5 10 4 10 7 5 8 4
1173681 3 2 1 1 2 2 3 1 1 2
1174057 1 1 2 2 2 1 3 1 1 2
1174057 4 2 1 1 2 2 3 1 1 2
1174428 5 3 5 1 8 10 5 3 1 4
1176881 7 5 3 7 4 10 7 5 5 4
1177399 8 3 5 4 5 10 1 6 2 4
1178580 5 1 3 1 2 1 2 1 1 2
1179818 2 1 1 1 2 1 3 1 1 2
1182404 4 1 1 1 2 1 2 1 1 2
1183983 9 5 5 4 4 5 4 3 3 4
1193683 1 1 2 1 3 ? 1 1 1 2
1197510 5 1 1 1 2 ? 3 1 1 2
1197979 4 1 1 1 2 2 3 2 1 2
1199731 3 1 1 1 2 1 1 1 1 2
1200772 1 1 1 1 2 1 2 1 1 2
1200952 5 8 7 7 10 10 5 7 1 4
1201936 5 10 10 3 8 1 5 10 3 4
1202125 4 1 1 1 2 1 3 1 1 2
1203096 1 1 1 1 1 1 3 1 1 2
1210963 10 10 10 8 6 8 7 10 1 4
1212422 4 1 1 1 2 1 3 1 1 2
1216947 1 1 1 1 2 1 3 1 1 2
1217264 1 1 1 1 2 1 3 1 1 2
1218741 10 10 9 3 7 5 3 5 1 4
1223282 1 1 1 1 2 1 2 1 1 2
1223967 6 1 3 1 2 1 3 1 1 2
1227210 10 5 5 6 3 10 7 9 2 4
1227244 1 1 1 1 2 1 2 1 1 2
1228311 1 1 1 1 1 1 3 1 1 2
1230175 10 10 10 3 10 10 9 10 1 4
1231706 8 4 6 3 3 1 4 3 1 2
1241232 3 1 4 1 2 ? 3 1 1 2
1242364 8 10 10 8 6 9 3 10 10 4
1276091 3 1 1 3 1 1 3 1 1 2
144888 8 10 10 8 5 10 7 8 1 4
183913 1 2 2 1 2 1 1 1 1 2
191250 10 4 4 10 2 10 5 3 3 4
1017023 6 3 3 5 3 10 3 5 3 2
1100524 6 10 10 2 8 10 7 3 3 4
263538 5 10 10 6 10 10 10 6 5 4
1182404 5 1 4 1 2 1 3 2 1 2
320675 3 3 5 2 3 10 7 1 1 4
390840 8 4 7 1 3 10 3 9 2 4
411453 5 1 1 1 2 1 3 1 1 2
320675 3 3 5 2 3 10 7 1 1 4
428903 7 2 4 1 3 4 3 3 1 4
431495 3 1 1 1 2 1 3 2 1 2
432809 3 1 3 1 2 ? 2 1 1 2
486283 3 1 1 1 2 1 3 1 1 2
486662 2 1 1 2 2 1 3 1 1 2
488173 1 4 3 10 4 10 5 6 1 4
508234 7 4 5 10 2 10 3 8 2 4
527363 8 10 10 10 8 10 10 7 3 4
543558 6 1 3 1 4 5 5 10 1 4
563649 8 8 8 1 2 ? 6 10 1 4
601265 10 4 4 6 2 10 2 3 1 4
606140 1 1 1 1 2 ? 2 1 1 2
606722 5 5 7 8 6 10 7 4 1 4
616240 5 3 4 3 4 5 4 7 1 2
636130 1 1 1 1 2 1 3 1 1 2
646904 1 1 1 1 2 1 3 1 1 2
673637 3 1 1 1 2 5 5 1 1 2
684955 2 1 1 1 3 1 2 1 1 2
704097 1 1 1 1 1 1 2 1 1 2
706426 5 5 5 2 5 10 4 3 1 4
721482 4 4 4 4 6 5 7 3 1 2
764974 5 1 1 1 2 1 3 1 2 2
785615 8 6 7 3 3 10 3 4 2 4
797327 6 5 5 8 4 10 3 4 1 4
806423 8 5 5 5 2 10 4 3 1 4
810104 1 1 1 1 2 1 3 1 1 2
836433 5 1 1 3 2 1 1 1 1 2
855524 1 1 1 1 2 1 2 1 1 2
866325 8 10 5 3 8 4 4 10 3 4
897172 2 1 1 1 2 1 2 1 1 2
160296 5 8 8 10 5 10 8 10 3 4
493452 1 1 3 1 2 1 1 1 1 2
560680 3 1 2 1 2 1 2 1 1 2
640712 1 1 1 1 2 1 2 1 1 2
657753 3 1 1 4 3 1 2 2 1 2
1002504 3 2 2 2 2 1 3 2 1 2
1114570 2 1 1 1 2 1 2 2 1 2
1158247 1 1 1 1 1 1 1 1 1 2
1168278 3 1 1 1 2 1 2 1 1 2
1223003 5 3 3 1 2 1 2 1 1 2
1223543 1 2 1 3 2 1 1 2 1 2
1231853 4 2 2 1 2 1 2 1 1 2
1237674 3 1 2 1 2 1 2 1 1 2
1238021 1 1 1 1 2 1 2 1 1 2
1238948 8 5 6 2 3 10 6 6 1 4
1239347 8 7 8 5 10 10 7 2 1 4
1239967 1 1 1 1 2 1 2 1 1 2
1240337 5 2 2 2 2 2 3 2 2 2
1257200 10 10 10 7 10 10 8 2 1 4
1257648 4 3 3 1 2 1 3 3 1 2
1258556 5 3 6 1 2 1 1 1 1 2
1272039 1 1 1 1 2 1 2 1 1 2
1276091 5 1 1 3 4 1 3 2 1 2
1293439 6 9 7 5 5 8 4 2 1 2
608157 10 4 3 10 4 10 10 1 1 4
734111 1 1 1 3 2 3 1 1 1 2
827627 2 1 1 1 2 1 1 1 1 2
1202253 5 1 1 1 2 1 1 1 1 2
1230994 4 5 5 8 6 10 10 7 1 4
1259008 8 8 9 6 6 3 10 10 1 4
1293966 4 1 1 1 2 1 1 1 1 2
1298416 10 6 6 2 4 10 9 7 1 4
1269574 4 1 1 1 2 1 1 1 1 2
1301945 5 1 1 1 1 1 1 1 1 2
474162 8 7 8 5 5 10 9 10 1 4
1115293 1 1 1 1 2 1 1 1 1 2
1119189 5 8 9 4 3 10 7 1 1 4
1155967 5 1 2 10 4 5 2 1 1 2
1170945 3 1 1 1 1 1 2 1 1 2
1204558 4 1 1 1 2 1 2 1 1 2
1224565 6 1 1 1 2 1 3 1 1 2
1253917 4 1 1 2 2 1 2 1 1 2
1297327 5 1 1 1 2 1 1 1 1 2
1298360 1 1 1 1 2 1 1 1 1 2
1299924 5 1 1 1 2 1 2 1 1 2
1299994 5 1 1 1 2 1 1 1 1 2
1304595 3 1 1 1 1 1 2 1 1 2
1313325 4 10 4 7 3 10 9 10 1 4
1320077 1 1 1 1 1 1 1 1 1 2
1330439 4 7 8 3 4 10 9 1 1 4
412300 10 4 5 4 3 5 7 3 1 4
798429 4 1 1 1 2 1 3 1 1 2
1043068 3 1 1 1 2 1 2 1 1 2
1145420 6 1 1 1 2 1 2 1 1 2
1197527 5 1 1 1 2 1 2 1 1 2
1287971 3 1 1 1 2 1 2 1 1 2
1321931 5 1 1 1 2 1 2 1 1 2
1328331 1 1 1 1 2 1 3 1 1 2
1328755 3 1 1 1 2 1 2 1 1 2
1334071 4 1 1 1 2 3 2 1 1 2
142932 7 6 10 5 3 10 9 10 2 4
378275 10 9 7 3 4 2 7 7 1 4
385103 5 1 2 1 2 1 3 1 1 2
690557 5 1 1 1 2 1 2 1 1 2
695091 1 1 1 1 2 1 2 1 1 2
824249 1 1 1 1 2 1 3 1 1 2
1115762 3 1 1 1 2 1 1 1 1 2
1261751 5 1 1 1 2 1 2 2 1 2
1272166 5 1 1 1 2 1 1 1 1 2
1311875 5 1 2 1 2 1 1 1 1 2
1320141 5 1 1 1 2 1 2 1 1 2
1352663 5 4 6 8 4 1 8 10 1 4
803531 5 10 10 10 5 2 8 5 1 4
1016634 2 3 1 1 2 1 2 1 1 2
1041043 4 1 3 1 2 1 2 1 1 2
1042252 3 1 1 1 2 1 2 1 1 2
1061990 4 1 1 1 2 1 2 1 1 2
1073836 5 1 1 1 2 1 2 1 1 2
1083817 3 1 1 1 2 1 2 1 1 2
1096352 6 3 3 3 3 2 6 1 1 2
1190546 2 1 1 1 2 5 1 1 1 2
1225382 6 2 3 1 2 1 1 1 1 2
1235807 5 1 1 1 2 1 2 1 1 2
1303489 3 1 1 1 2 1 2 1 1 2
1311033 1 2 2 1 2 1 1 1 1 2
1315807 5 10 10 10 10 2 10 10 10 4
1324681 4 1 1 1 2 1 2 1 1 2
1326892 3 1 1 1 2 1 2 1 1 2
1333877 5 4 5 1 8 1 3 6 1 2
1339781 4 1 1 1 2 1 3 1 1 2
1345593 3 1 1 3 2 1 2 1 1 2
1350319 5 7 4 1 6 1 7 10 3 4
1354840 5 3 2 1 3 1 1 1 1 2
1368273 1 1 1 1 2 1 1 1 1 2
1369821 10 10 10 10 5 10 10 10 7 4
1371920 5 1 1 1 2 1 3 2 1 2
466906 1 1 1 1 2 1 1 1 1 2
603148 4 1 1 1 2 1 1 1 1 2
654546 1 1 1 1 2 1 1 1 8 2
841769 2 1 1 1 2 1 1 1 1 2
