1000025 5 1 1 1 2 1 3 1 1 2
1015425 3 1 1 1 2 2 3 1 1 2
1043999 1 1 1 1 2 3 3 1 1 2
1048672 4 1 1 1 2 1 2 1 1 2
1057013 8 4 5 1 2 ? 7 3 1 4
1079304 2 1 1 1 2 1 2 1 1 2
1080185 10 10 10 8 6 1 8 9 1 4
1081791 6 2 1 1 1 1 7 1 1 2
1102573 5 6 5 6 10 1 3 1 1 4
1106829 7 8 7 2 4 8 3 8 2 4
1116132 6 3 4 1 5 2 3 9 1 4
1133041 5 3 1 2 2 1 2 1 1 2
1136142 2 1 1 1 3 1 2 1 1 2
1143978 4 1 1 2 2 1 2 1 1 2
1148278 3 3 6 4 5 8 4 4 1 4
1156272 1 1 1 1 2 1 3 1 1 2
1160476 2 1 1 1 2 1 3 1 1 2
1165926 9 6 9 2 10 6 2 9 10 4
1166654 10 3 5 1 10 5 3 10 2 4
1167471 4 1 2 1 2 1 3 1 1 2
1168359 8 2 3 1 6 3 7 1 1 4
1173235 3 3 2 1 2 3 3 1 1 2
1173509 4 5 5 10 4 10 7 5 8 4
1173681 3 2 1 1 2 2 3 1 1 2
1174057 1 1 2 2 2 1 3 1 1 2
1174057 4 2 1 1 2 2 3 1 1 2
1177399 8 3 5 4 5 10 1 6 2 4
1178580 5 1 3 1 2 1 2 1 1 2
1181356 5 1 1 1 2 2 3 3 1 2
1183246 1 1 1 1 1 ? 2 1 1 2
1183911 2 1 1 1 2 1 1 1 1 2
1183983 9 5 5 4 4 5 4 3 3 4
1188472 1 1 1 1 1 1 3 1 1 2
1190485 1 1 1 1 2 1 1 1 1 2
1196915 10 7 7 4 5 10 5 7 2 4
1197270 3 1 1 1 2 1 3 1 1 2
1199219 1 1 1 2 1 1 1 1 1 2
1199731 3 1 1 1 2 1 1 1 1 2
1200892 8 6 5 4 3 10 6 1 1 4
1201936 5 10 10 3 8 1 5 10 3 4
1204898 6 1 1 1 2 1 3 1 1 2
1205138 5 8 8 8 5 10 7 8 1 4
1205579 8 7 6 4 4 10 5 1 1 4
1206089 2 1 1 1 1 1 3 1 1 2
1206841 10 5 6 10 6 10 7 7 10 4
1210963 10 10 10 8 6 8 7 10 1 4
1211202 7 5 10 10 10 10 4 10 3 4
1212251 1 1 1 1 2 1 3 1 1 2
1212422 4 1 1 1 2 1 3 1 1 2
1217051 5 1 1 1 2 1 3 1 1 2
1218741 10 10 9 3 7 5 3 5 1 4
1218860 1 1 1 1 1 1 3 1 1 2
1220330 1 1 1 1 2 1 3 1 1 2
1222936 8 7 8 7 5 5 5 10 2 4
1227244 1 1 1 1 2 1 2 1 1 2
1227481 10 5 7 4 4 10 8 9 1 4
1228152 8 9 9 5 3 5 7 7 1 4
1230688 7 4 7 4 3 7 7 6 1 4
1232225 10 4 5 5 5 10 4 1 1 4
1241232 3 1 4 1 2 ? 3 1 1 2
1241679 9 8 8 5 6 2 4 10 4 4
1277018 2 1 1 1 2 1 3 1 1 2
1168736 5 6 6 2 4 10 3 6 1 4
1182404 3 1 1 1 2 1 2 1 1 2
263538 5 10 10 6 10 10 10 6 5 4
324427 10 8 8 2 3 4 8 7 8 4
385103 1 1 1 1 2 1 3 1 1 2
390840 8 4 7 1 3 10 3 9 2 4
431495 3 1 1 1 2 1 3 2 1 2
486283 3 1 1 1 2 1 3 1 1 2
486662 2 1 1 2 2 1 3 1 1 2
527363 8 10 10 10 8 10 10 7 3 4
563649 8 8 8 1 2 ? 6 10 1 4
636130 1 1 1 1 2 1 3 1 1 2
667204 7 8 7 6 4 3 8 8 4 4
684955 2 1 1 1 3 1 2 1 1 2
691628 8 6 4 10 10 1 3 5 1 4
704097 1 1 1 1 1 1 2 1 1 2
709287 6 8 7 8 6 8 8 9 1 4
721482 4 4 4 4 6 5 7 3 1 2
733639 3 1 1 1 2 1 3 1 1 2
752904 10 1 1 1 2 10 5 4 1 4
760239 10 4 6 4 5 10 7 1 1 4
785208 5 4 6 6 4 10 4 3 1 4
809912 10 3 3 1 2 10 7 6 1 4
810104 1 1 1 1 2 1 3 1 1 2
832567 4 2 3 5 3 8 7 6 1 4
859164 5 3 3 1 3 3 3 3 3 4
877943 3 10 3 10 6 10 5 1 4 4
560680 3 1 2 1 2 1 2 1 1 2
640712 1 1 1 1 2 1 2 1 1 2
1080233 7 6 6 3 2 10 7 1 1 4
1158247 1 1 1 1 1 1 1 1 1 2
1158405 1 2 3 1 2 1 2 1 1 2
1231853 4 2 2 1 2 1 2 1 1 2
1236837 2 3 2 2 2 2 3 1 1 2
1238021 1 1 1 1 2 1 2 1 1 2
1255384 3 2 2 3 2 3 3 1 1 2
1257648 4 3 3 1 2 1 3 3 1 2
1257815 5 1 3 1 2 1 2 1 1 2
1276091 5 1 1 3 4 1 3 2 1 2
1293439 3 2 2 3 2 1 1 1 1 2
558538 4 1 3 3 2 1 1 1 1 2
608157 10 4 3 10 4 10 10 1 1 4
677910 5 2 2 4 2 4 1 1 1 2
734111 1 1 1 3 2 3 1 1 1 2
1182404 1 1 1 1 1 1 1 1 1 2
1193544 5 7 9 8 6 10 8 10 1 4
1202253 5 1 1 1 2 1 1 1 1 2
1257470 10 6 5 8 5 10 8 6 1 4
1259008 8 8 9 6 6 3 10 10 1 4
1268804 3 1 1 1 2 5 1 1 1 2
1276091 6 1 1 3 2 1 1 1 1 2
1293966 4 1 1 1 2 1 1 1 1 2
1296572 10 9 8 7 6 4 7 10 3 4
1299596 6 6 6 5 4 10 7 6 2 4
1181685 1 1 2 1 2 1 2 1 1 2
1211594 3 1 1 1 1 1 2 1 1 2
1119189 5 8 9 4 3 10 7 1 1 4
1133991 4 1 1 1 1 1 2 1 1 2
1155967 5 1 2 10 4 5 2 1 1 2
1181567 1 1 1 1 1 1 1 1 1 2
1265899 4 1 1 1 2 1 3 1 1 2
1295508 1 1 1 1 2 4 1 1 1 2
1320077 1 1 1 1 1 1 2 1 1 2
1320304 3 1 2 2 2 1 1 1 1 2
749653 3 1 1 1 2 1 2 1 1 2
769612 4 1 1 1 2 1 1 1 1 2
837480 7 4 4 3 4 10 6 9 1 4
1043068 3 1 1 1 2 1 2 1 1 2
1061990 1 1 3 2 2 1 3 1 1 2
1113061 5 1 1 1 2 1 3 1 1 2
1116192 5 1 2 1 2 1 3 1 1 2
1145420 6 1 1 1 2 1 2 1 1 2
1174841 5 3 1 1 2 1 1 1 1 2
1241035 7 8 3 7 4 5 7 8 2 4
1306339 4 4 2 1 2 5 2 1 2 2
1313982 4 3 1 1 2 1 4 8 1 2
1328331 1 1 1 1 2 1 3 1 1 2
1334071 4 1 1 1 2 3 2 1 1 2
142932 7 6 10 5 3 10 9 10 2 4
324382 1 1 1 1 2 1 2 1 1 2
871549 5 1 2 1 2 1 2 1 1 2
1239420 1 1 1 1 2 1 1 1 1 2
1261751 5 1 1 1 2 1 2 2 1 2
1268275 9 8 8 9 6 3 4 1 1 4
1272166 5 1 1 1 2 1 1 1 1 2
1298484 10 3 4 5 3 10 4 1 1 4
1315506 4 8 6 3 4 10 7 1 1 4
1350568 4 1 1 1 2 1 2 1 1 2
353098 4 1 1 2 2 1 1 1 1 2
803531 5 10 10 10 5 2 8 5 1 4
822829 8 10 10 10 6 10 10 10 10 4
1016634 2 3 1 1 2 1 2 1 1 2
1140597 7 1 2 3 2 1 2 1 1 2
1174009 5 1 1 2 1 1 2 1 1 2
1218982 4 1 1 1 2 1 1 1 1 2
1225382 6 2 3 1 2 1 1 1 1 2
1235807 5 1 1 1 2 1 2 1 1 2
1238777 1 1 1 1 2 1 1 1 1 2
1260659 3 1 4 1 2 1 1 1 1 2
1277792 4 1 1 1 2 1 1 1 1 2
1311033 1 2 2 1 2 1 1 1 1 2
1315807 5 10 10 10 10 2 10 10 10 4
1318671 3 1 1 1 2 1 2 1 1 2
1323477 1 2 1 3 2 1 2 1 1 2
1326892 3 1 1 1 2 1 2 1 1 2
1334667 1 1 1 1 2 1 1 1 1 2
1339781 1 1 1 1 2 1 2 1 1 2
1345593 3 1 1 3 2 1 2 1 1 2
1347943 5 2 2 2 2 1 1 1 2 2
1353092 3 2 1 2 2 1 3 1 1 2
1368882 2 1 1 1 2 1 1 1 1 2
466906 1 1 1 1 2 1 1 1 1 2
536708 1 1 1 1 2 1 1 1 1 2
654546 1 1 1 3 2 1 1 1 1 2
714039 3 1 1 1 2 1 1 1 1 2
841769 2 1 1 1 2 1 1 1 1 2
