13.2 1.78 2.14 11.2 100 2.65 2.76 0.26 1.28 4.38 1.05 3.4 1050 1
13.24 2.59 2.87 21 118 2.8 2.69 0.39 1.82 4.32 1.04 2.93 735 1
14.2 1.76 2.45 15.2 112 3.27 3.39 0.34 1.97 6.75 1.05 2.85 1450 1
14.39 1.87 2.45 14.6 96 2.5 2.52 0.3 1.98 5.25 1.02 3.58 1290 1
13.86 1.35 2.27 16 98 2.98 3.15 0.22 1.85 7.22 1.01 3.55 1045 1
13.75 1.73 2.41 16 89 2.6 2.76 0.29 1.81 5.6 1.15 2.9 1320 1
14.75 1.73 2.39 11.4 91 3.1 3.69 0.43 2.81 5.4 1.25 2.73 1150 1
14.38 1.87 2.38 12 102 3.3 3.64 0.29 2.96 7.5 1.2 3 1547 1
13.63 1.81 2.7 17.2 112 2.85 2.91 0.3 1.46 7.3 1.28 2.88 1310 1
14.3 1.92 2.72 20 120 2.8 3.14 0.33 1.97 6.2 1.07 2.65 1280 1
13.39 1.77 2.62 16.1 93 2.85 2.94 0.34 1.45 4.8 0.92 3.22 1195 1
13.48 1.81 2.41 20.5 100 2.7 2.98 0.26 1.86 5.1 1.04 3.47 920 1
13.28 1.64 2.84 15.5 110 2.6 2.68 0.34 1.36 4.6 1.09 2.78 880 1
13.05 1.65 2.55 18 98 2.45 2.43 0.29 1.44 4.25 1.12 2.51 1105 1
13.07 1.5 2.1 15.5 98 2.4 2.64 0.28 1.37 3.7 1.18 2.69 1020 1
13.56 1.71 2.31 16.2 117 3.15 3.29 0.34 2.34 6.13 0.95 3.38 795 1
14.21 4.04 2.44 18.9 111 2.85 2.65 0.3 1.25 5.24 0.87 3.33 1080 1
14.38 3.59 2.28 16 102 3.25 3.17 0.27 2.19 4.9 1.04 3.44 1065 1
13.9 1.68 2.12 16 101 3.1 3.39 0.21 2.14 6.1 0.91 3.33 985 1
14.1 2.02 2.4 18.8 103 2.75 2.92 0.32 2.38 6.2 1.07 2.75 1060 1
13.77 1.9 2.68 17.1 115 3 2.79 0.39 1.68 6.3 1.13 2.93 1375 1
13.74 1.67 2.25 16.4 118 2.6 2.9 0.21 1.62 5.85 0.92 3.2 1060 1
13.56 1.73 2.46 20.5 116 2.96 2.78 0.2 2.45 6.25 0.98 3.03 1120 1
14.22 1.7 2.3 16.3 118 3.2 3 0.26 2.03 6.38 0.94 3.31 970 1
12.37 1.21 2.56 18.1 98 2.42 2.65 0.37 2.08 4.6 1.19 2.3 678 2
12.29 1.61 2.21 20.4 103 1.1 1.02 0.37 1.46 3.05 0.906 1.82 870 2
11.96 1.09 2.3 21 101 3.38 2.14 0.13 1.65 3.21 0.99 3.13 886 2
11.84 2.89 2.23 18 112 1.72 1.32 0.43 0.95 2.65 0.96 2.52 500 2
12 0.92 2 19 86 2.42 2.26 0.3 1.43 2.5 1.38 3.12 278 2
12 1.51 2.42 22 86 1.45 1.25 0.5 1.63 3.6 1.05 2.65 450 2
12.69 1.53 2.26 20.7 80 1.38 1.46 0.58 1.62 3.05 0.96 2.06 495 2
12.08 2.08 1.7 17.5 97 2.23 2.17 0.26 1.4 3.3 1.27 2.96 710 2
12.6 1.34 1.9 18.5 88 1.45 1.36 0.29 1.35 2.45 1.04 2.77 562 2
11.61 1.35 2.7 20 94 2.74 2.92 0.29 2.49 2.65 0.96 3.26 680 2
11.41 0.74 2.5 21 88 2.48 2.01 0.42 1.44 3.08 1.1 2.31 434 2
11.03 1.51 2.2 21.5 85 2.46 2.17 0.52 2.01 1.9 1.71 2.87 407 2
11.82 1.47 1.99 20.8 86 1.98 1.6 0.3 1.53 1.95 0.95 3.33 495 2
12.42 1.61 2.19 22.5 108 2 2.09 0.34 1.61 2.06 1.06 2.96 345 2
12 3.43 2 19 87 2 1.64 0.37 1.87 1.28 0.93 3.05 564 2
11.56 2.05 3.23 28.5 119 3.18 5.08 0.47 1.87 6 0.93 3.69 465 2
12.07 2.16 2.17 21 85 2.6 2.65 0.37 1.35 2.76 0.86 3.28 378 2
12.37 1.63 2.3 24.5 88 2.22 2.45 0.4 1.9 2.12 0.89 2.78 342 2
12.53 5.51 2.64 25 96 1.79 0.6 0.63 1.1 5 0.82 1.69 515 3
13.36 2.56 2.35 20 89 1.4 0.5 0.37 0.64 5.6 0.7 2.47 780 3
13.62 4.95 2.35 20 92 2 0.8 0.47 1.02 4.4 0.91 2.05 550 3
13.08 3.9 2.36 21.5 113 1.41 1.39 0.34 1.14 9.4 0.57 1.33 550 3
13.23 3.3 2.28 18.5 98 1.8 0.83 0.61 1.87 10.52 0.56 1.51 675 3
13.17 5.19 2.32 22 93 1.74 0.63 0.61 1.55 7.9 0.6 1.48 725 3
13.78 2.76 2.3 22 90 1.35 0.68 0.41 1.03 9.58 0.7 1.68 615 3
13.45 3.7 2.6 23 111 1.7 0.92 0.43 1.46 10.68 0.85 1.56 695 3
12.82 3.37 2.3 19.5 88 1.48 0.66 0.4 0.97 10.26 0.72 1.75 685 3
13.4 4.6 2.86 25 112 1.98 0.96 0.27 1.11 8.5 0.67 1.92 630 3
12.2 3.03 2.32 19 96 1.25 0.49 0.4 0.73 5.5 0.66 1.83 510 3
12.77 2.39 2.28 19.5 86 1.39 0.51 0.48 0.64 9.899999 0.57 1.63 470 3
13.27 4.28 2.26 20 120 1.59 0.69 0.43 1.35 10.2 0.59 1.56 835 3
14.13 4.1 2.74 24.5 96 2.05 0.76 0.56 1.35 9.2 0.61 1.6 560 3
