330 0.2268928028 0.2652900463 121.1542006708 3163.2394719946 26.1092017815 69.7173614502 99.0849640003 400.2257759827 0
410 0.3178244568 0.2974041045 255.8151790765 10622.5471101291 41.5243033993 67.5232086182 246.7428255438 508.5403560169 0
366.9423790985 0.2801253449 0.252025544 172.7455537387 7064.8159090557 40.8972373306 75.6043243408 155.3222849252 471.5881953798 0
300 0.1900663555 0.1668534765 97.1081295111 3039.5613030204 31.3007913789 51.3539733887 82.4181920286 387.0782275399 0
294.4748456196 0.2066469834 0.4677482395 194.8710353479 5541.2561262519 28.4355041084 36.7657966614 191.8048904696 445.5132993662 0
211 0.0539306739 0.0942477796 30.7534434583 151.9845775553 4.9420344672 14.2683744431 27.24312366 217.1307040276 1
245 0.189019158 0.081681409 62.9029550923 1235.9833558899 19.6490507334 42.152015686 46.6903554272 292.3762384463 1
352.6564467782 0.1219985147 0.0907571211 68.5278463867 1066.1578463393 15.558023527 43.6919250488 52.7928166702 382.7331865355 1
243.2939757359 0.0399680399 0.0670206433 68.5447777184 383.9284530426 5.6011335338 9.9913482666 67.8166557187 263.640761308 1
355 0.0640535835 0.0844739358 89.5584634547 1033.8542450686 11.5439033363 27.5626621246 86.5765610935 372.0399565985 1
160.3224525104 0.1769763862 0.163362818 37.2171240005 341.8814622363 9.1861333034 30.8891639709 20.759910398 187.5665182431 1
301.3043992291 0.10978121 0.0356047167 64.6161999261 942.7731906338 14.5903533744 29.0456771851 57.7200304355 335.7684587866 1
144 0.1206022513 0.0460766923 19.6476695229 70.4262388067 3.5844576236 18.1310138702 7.569493117 160.3737702928 1
178 0.1708677338 0.2129301687 41.5421667585 489.4405204763 11.7817764134 35.747795105 21.1623933118 215.9059341715 2
435.0931666481 0.07696902 0.1612684229 123.5975375889 1342.2776475808 10.8600678765 37.3847236633 117.8080379332 433.2023221434 2
250 0.0471238898 0.013962634 70.9070400207 224.1457873421 3.1611217628 9.1021757126 70.320400449 232.2776288185 2
481.4671493322 0.0785398163 0.0160570291 79.0591615565 1154.3382385593 14.6009420772 33.9291305542 71.408439192 501.8933575844 2
274.99339586 0.1471312559 0.1375319451 66.4579430417 1217.4156510031 18.3185875951 40.8496780396 52.4210077296 327.5586387041 2
327 0.1410226036 0.0844739358 76.2128681277 1664.6740761276 21.8424278868 43.2216911316 62.7717028567 379.261838625 2
223 0.1240929098 0.0795870139 33.0963349781 197.0125405291 5.9526996164 30.4548740387 12.9563896614 252.4833478365 3
185 0.1497492498 0.0851720675 39.8914092245 361.747980316 9.0683178997 26.8607616425 29.4927795403 210.1787188199 3
502 0.065275314 0.027925268 53.2394329932 834.2727305445 15.6702031491 33.3311424255 41.5147222365 544.0394144713 3
770 0.0416283304 0.0024345501 175.0196843412 346.0913114677 1.9774422104 25.2223300934 173.1927365629 654.7984187661 4
691.9720314285 0.0260054059 0.0865683309 190.6766918987 304.2707181313 1.5957415408 23.9757175446 189.1633309024 594.3156255552 4
1800 0.0342084533 0.0425860337 301.0603508989 4406.1543313109 14.6354520552 67.625328064 293.3669201065 1742.3757016886 5
1650 0.0476474886 0.0432841654 274.4261774962 5824.8951915781 21.2257272419 81.2395706177 262.1256558773 1603.0703476207 5
2800 0.0830776724 0.184306769 583.2592574834 31388.6528822211 53.8159531623 298.5829772949 501.0384943822 2896.5824833035 5
2000 0.1069886831 0.1054178868 520.2226492052 40087.9209837665 77.0591611976 204.09034729 478.5172231615 2088.6488701693 5
2600 0.2005383311 0.2080432468 1063.4414274728 174480.476217939 164.0715433031 418.687286377 977.5523672434 2664.5836230562 5
