1002945 5 4 4 5 7 10 3 2 1 2
1017122 8 10 10 8 7 10 9 7 1 4
1033078 2 1 1 1 2 1 1 1 5 2
1035283 1 1 1 1 1 1 3 1 1 2
1036172 2 1 1 1 2 1 2 1 1 2
1043999 1 1 1 1 2 3 3 1 1 2
1047630 7 4 6 4 6 1 4 3 1 4
1049815 4 1 1 1 2 1 3 1 1 2
1054593 10 5 5 3 6 7 7 10 1 4
1059552 1 1 1 1 2 1 3 1 1 2
1071760 2 1 1 1 2 1 3 1 1 2
1074610 2 1 1 2 2 1 3 1 1 2
1096800 6 6 6 9 6 ? 7 8 1 2
1102573 5 6 5 6 10 1 3 1 1 4
1103722 1 1 1 1 2 1 2 1 2 2
1105257 3 7 7 4 4 9 4 8 1 4
1106095 4 1 1 3 2 1 3 1 1 2
1110503 5 5 5 8 10 8 7 3 7 4
1110524 10 5 5 6 8 8 7 1 1 4
1113038 8 2 4 1 5 1 5 4 4 4
1115282 5 3 5 5 3 3 4 10 1 4
1121919 5 1 3 1 2 1 2 1 1 2
1133136 3 1 1 1 2 3 3 1 1 2
1137156 2 2 2 1 1 1 7 1 1 2
1143978 4 1 1 2 2 1 2 1 1 2
1164066 1 1 1 1 2 1 3 1 1 2
1165297 2 1 1 2 2 1 1 1 1 2
1166630 7 5 6 10 5 10 7 9 4 4
1166654 10 3 5 1 10 5 3 10 2 4
1171710 1 1 1 1 2 1 2 3 1 2
1173216 10 10 10 3 10 8 8 1 1 4
1173509 4 5 5 10 4 10 7 5 8 4
1173681 3 2 1 1 2 2 3 1 1 2
1174057 1 1 2 2 2 1 3 1 1 2
1174131 10 10 10 2 10 10 5 3 3 4
1177027 3 1 1 1 2 1 3 1 1 2
1177399 8 3 5 4 5 10 1 6 2 4
1177512 1 1 1 1 10 1 1 1 1 2
1181356 5 1 1 1 2 2 3 3 1 2
1183246 1 1 1 1 1 ? 2 1 1 2
1183516 3 1 1 1 2 1 1 1 1 2
1184241 2 1 1 1 2 1 2 1 1 2
1187457 3 1 1 3 8 1 5 8 1 2
1187805 8 8 7 4 10 10 7 8 7 4
1189266 7 2 4 1 6 10 5 4 3 4
1190394 4 1 1 1 2 3 1 1 1 2
1193091 1 2 2 1 2 1 2 1 1 2
1193683 1 1 2 1 3 ? 1 1 1 2
1198641 3 1 1 1 2 1 3 1 1 2
1200952 5 8 7 7 10 10 5 7 1 4
1202125 4 1 1 1 2 1 3 1 1 2
1205138 5 8 8 8 5 10 7 8 1 4
1206695 1 5 8 6 5 8 7 10 1 4
1206841 10 5 6 10 6 10 7 7 10 4
1208301 1 2 3 1 2 1 3 1 1 2
1210963 10 10 10 8 6 8 7 10 1 4
1212422 4 1 1 1 2 1 3 1 1 2
1214092 1 1 1 1 2 1 1 1 1 2
1214556 3 1 1 1 2 1 2 1 1 2
1214966 9 7 7 5 5 10 7 8 3 4
1217051 5 1 1 1 2 1 3 1 1 2
1218741 10 10 9 3 7 5 3 5 1 4
1218860 1 1 1 1 1 1 3 1 1 2
1219406 5 1 1 1 1 1 3 1 1 2
1219859 8 10 8 8 4 8 7 7 1 4
1223426 1 1 1 1 2 1 3 1 1 2
1223793 6 10 7 7 6 4 8 10 2 4
1224329 1 1 1 2 2 1 3 1 1 2
1225799 10 6 4 3 10 10 9 10 1 4
1228152 8 9 9 5 3 5 7 7 1 4
1231387 6 8 7 5 6 8 8 9 2 4
1276091 3 1 1 3 1 1 3 1 1 2
1277018 2 1 1 1 2 1 3 1 1 2
1285531 1 1 1 1 2 1 3 1 1 2
1287775 5 1 1 2 2 2 3 1 1 2
167528 4 1 1 1 2 1 3 6 1 2
1182404 3 1 1 1 2 1 1 1 1 2
1198641 3 1 1 1 2 1 3 1 1 2
324427 10 8 8 2 3 4 8 7 8 4
390840 8 4 7 1 3 10 3 9 2 4
411453 5 1 1 1 2 1 3 1 1 2
456282 1 1 1 1 2 1 3 1 1 2
486283 3 1 1 1 2 1 3 1 1 2
492268 10 4 6 1 2 10 5 3 1 4
508234 7 4 5 10 2 10 3 8 2 4
535331 3 1 1 1 3 1 2 1 1 2
543558 6 1 3 1 4 5 5 10 1 4
606722 5 5 7 8 6 10 7 4 1 4
635844 8 4 10 5 4 4 7 10 1 4
636130 1 1 1 1 2 1 3 1 1 2
640744 10 10 10 7 9 10 7 10 10 4
673637 3 1 1 1 2 5 5 1 1 2
684955 2 1 1 1 3 1 2 1 1 2
688033 1 1 1 1 2 1 1 1 1 2
693702 1 1 1 1 2 1 1 1 1 2
709287 6 8 7 8 6 8 8 9 1 4
730881 7 6 3 2 5 10 7 4 6 4
733639 3 1 1 1 2 1 3 1 1 2
733823 5 4 6 10 2 10 4 1 1 4
740492 1 1 1 1 2 1 3 1 1 2
743348 3 2 2 1 2 1 2 3 1 2
760001 8 10 3 2 6 4 3 10 1 4
760239 10 4 6 4 5 10 7 1 1 4
797327 6 5 5 8 4 10 3 4 1 4
809912 10 3 3 1 2 10 7 6 1 4
814911 1 1 1 1 2 1 1 1 1 2
822829 7 6 4 8 10 10 9 5 3 4
836433 5 1 1 3 2 1 1 1 1 2
837082 2 1 1 1 2 1 3 1 1 2
846832 3 4 5 3 7 3 4 6 1 2
855524 1 1 1 1 2 1 2 1 1 2
873549 10 3 5 4 3 7 3 5 3 4
888169 3 2 2 1 4 3 2 1 1 2
897172 2 1 1 1 2 1 2 1 1 2
160296 5 8 8 10 5 10 8 10 3 4
428598 1 1 3 1 1 1 2 1 1 2
493452 4 1 2 1 2 1 2 1 1 2
521441 5 1 1 2 2 1 2 1 1 2
654244 1 1 1 1 1 1 2 1 1 2
1071084 3 3 2 2 3 1 1 2 3 2
1131411 1 1 1 2 2 1 2 1 1 2
1158247 1 1 1 1 1 1 1 1 1 2
1158405 1 2 3 1 2 1 2 1 1 2
1168278 3 1 1 1 2 1 2 1 1 2
1196475 3 2 1 1 2 1 2 2 1 2
1206314 1 2 3 1 2 1 1 1 1 2
1229929 1 1 1 1 2 1 2 1 1 2
1236837 2 3 2 2 2 2 3 1 1 2
1238915 5 1 2 1 2 1 3 1 1 2
1239967 1 1 1 1 2 1 2 1 1 2
1253505 2 3 1 1 5 1 1 1 1 2
1258549 9 10 10 10 10 10 10 10 1 4
1258556 5 3 6 1 2 1 1 1 1 2
1276091 5 1 1 3 4 1 3 2 1 2
1277629 5 1 1 1 2 1 2 2 1 2
1295186 10 10 10 1 6 1 2 8 1 4
566509 5 1 1 1 2 1 1 1 1 2
827627 2 1 1 1 2 1 1 1 1 2
1182404 1 1 1 1 1 1 1 1 1 2
1202253 5 1 1 1 2 1 1 1 1 2
1230994 4 5 5 8 6 10 10 7 1 4
1246562 10 2 2 1 2 6 1 1 2 4
1257470 10 6 5 8 5 10 8 6 1 4
1267898 5 1 3 1 2 1 1 1 1 2
1268313 5 1 1 3 2 1 1 1 1 2
1268804 3 1 1 1 2 5 1 1 1 2
1296572 10 9 8 7 6 4 7 10 3 4
1298416 10 6 6 2 4 10 9 7 1 4
1181685 1 1 2 1 2 1 2 1 1 2
1238777 6 1 1 3 2 1 1 1 1 2
1299161 4 8 7 10 4 10 7 5 1 4
1076352 3 6 4 10 3 3 3 4 1 4
1084139 6 3 2 1 3 4 4 1 1 4
1224565 6 1 1 1 2 1 3 1 1 2
1238186 4 1 1 1 2 1 2 1 1 2
1253917 4 1 1 2 2 1 2 1 1 2
1277268 3 3 1 1 2 1 1 1 1 2
1299924 5 1 1 1 2 1 2 1 1 2
1304595 3 1 1 1 1 1 2 1 1 2
1313325 4 10 4 7 3 10 9 10 1 4
1320304 3 1 2 2 2 1 1 1 1 2
369565 4 1 1 1 3 1 1 1 1 2
749653 3 1 1 1 2 1 2 1 1 2
769612 4 1 1 1 2 1 1 1 1 2
807657 6 1 3 2 2 1 1 1 1 2
8233704 4 1 1 1 1 1 2 1 1 2
867392 4 2 2 1 2 1 2 1 1 2
1135090 4 1 1 1 2 1 2 1 1 2
1197527 5 1 1 1 2 1 2 1 1 2
1240603 2 1 1 1 1 1 1 1 1 2
1289391 1 1 1 1 2 1 3 1 1 2
1299924 3 2 2 2 2 1 4 2 1 2
1313982 4 3 1 1 2 1 4 8 1 2
1321942 5 1 1 1 2 1 3 1 1 2
1328755 3 1 1 1 2 1 2 1 1 2
1331405 4 1 1 1 2 1 3 2 1 2
1344121 8 10 4 4 8 10 8 2 1 4
142932 7 6 10 5 3 10 9 10 2 4
183936 3 1 1 1 2 1 2 1 1 2
695219 1 1 1 1 2 1 2 1 1 2
871549 5 1 2 1 2 1 2 1 1 2
1107684 6 10 5 5 4 10 6 10 1 4
1115762 3 1 1 1 2 1 1 1 1 2
1217717 5 1 1 6 3 1 1 1 1 2
1239420 1 1 1 1 2 1 1 1 1 2
1254538 8 10 10 10 6 10 10 10 1 4
1268275 9 8 8 9 6 3 4 1 1 4
1311875 5 1 2 1 2 1 1 1 1 2
1333063 5 1 3 1 2 1 3 1 1 2
1336798 3 1 1 1 2 1 2 1 1 2
411453 1 1 1 1 2 1 1 1 1 2
557583 5 10 10 10 10 10 10 1 1 4
1016634 2 3 1 1 2 1 2 1 1 2
1042252 3 1 1 1 2 1 2 1 1 2
1140597 7 1 2 3 2 1 2 1 1 2
1183596 3 1 3 1 3 4 1 1 1 2
1190546 2 1 1 1 2 5 1 1 1 2
1213273 2 1 1 1 2 1 1 1 1 2
1218982 4 1 1 1 2 1 1 1 1 2
1303489 3 1 1 1 2 1 2 1 1 2
1315807 5 10 10 10 10 2 10 10 10 4
1324681 4 1 1 1 2 1 2 1 1 2
1325159 3 1 1 1 2 1 3 1 1 2
1330361 5 1 1 1 2 1 2 1 1 2
1333877 5 4 5 1 8 1 3 6 1 2
1334015 7 8 8 7 3 10 7 2 3 4
1339781 4 1 1 1 2 1 3 1 1 2
1347943 5 2 2 2 2 1 1 1 2 2
1350319 5 7 4 1 6 1 7 10 3 4
1354840 5 3 2 1 3 1 1 1 1 2
1368273 1 1 1 1 2 1 1 1 1 2
1371026 5 10 10 10 4 10 5 6 3 4
466906 1 1 1 1 2 1 1 1 1 2
466906 1 1 1 1 2 1 1 1 1 2
534555 1 1 1 1 2 1 1 1 1 2
654546 1 1 1 3 2 1 1 1 1 2
763235 3 1 1 1 2 1 2 1 2 2
841769 2 1 1 1 2 1 1 1 1 2
888820 5 10 10 3 7 3 8 10 2 4
897471 4 8 6 4 3 4 10 6 1 4
