1016277 6 8 8 1 3 4 3 7 1 2
1017023 4 1 1 3 2 1 3 1 1 2
1017122 8 10 10 8 7 10 9 7 1 4
1035283 1 1 1 1 1 1 3 1 1 2
1047630 7 4 6 4 6 1 4 3 1 4
1050670 10 7 7 6 4 10 4 1 2 4
1056784 3 1 1 1 2 1 2 1 1 2
1059552 1 1 1 1 2 1 3 1 1 2
1066373 3 2 1 1 1 1 2 1 1 2
1066979 5 1 1 1 2 1 2 1 1 2
1071760 2 1 1 1 2 1 3 1 1 2
1072179 10 7 7 3 8 5 7 4 3 4
1079304 2 1 1 1 2 1 2 1 1 2
1100524 6 10 10 2 8 10 7 3 3 4
1105524 1 1 1 1 2 1 2 1 1 2
1106829 7 8 7 2 4 8 3 8 2 4
1110524 10 5 5 6 8 8 7 1 1 4
1113483 5 2 3 1 6 10 5 1 1 4
1113906 9 5 5 2 2 2 5 1 1 4
1115293 1 1 1 1 2 2 2 1 1 2
1116132 6 3 4 1 5 2 3 9 1 4
1116192 1 1 1 1 2 1 2 1 1 2
1117152 4 1 1 1 2 1 3 1 1 2
1120559 8 3 8 3 4 9 8 9 8 4
1125035 9 4 5 10 6 10 4 8 1 4
1126417 10 6 4 1 3 4 3 2 3 4
1131294 1 1 2 1 2 2 4 2 1 2
1133041 5 3 1 2 2 1 2 1 1 2
1143978 4 1 1 2 2 1 2 1 1 2
1147699 3 5 7 8 8 9 7 10 7 4
1155546 2 1 1 2 3 1 2 1 1 2
1156272 1 1 1 1 2 1 3 1 1 2
1158247 1 1 1 1 2 1 2 1 1 2
1164066 1 1 1 1 2 1 3 1 1 2
1166630 7 5 6 10 5 10 7 9 4 4
1167439 2 3 4 4 2 5 2 5 1 4
1170419 10 10 10 8 2 10 4 1 1 4
1172152 10 3 3 10 2 10 7 3 3 4
1173216 10 10 10 3 10 8 8 1 1 4
1173514 1 1 1 1 4 3 1 1 1 2
1176406 1 1 1 1 2 1 2 1 1 2
1176881 7 5 3 7 4 10 7 5 5 4
1180194 5 10 8 10 8 10 3 6 3 4
1183516 3 1 1 1 2 1 1 1 1 2
1184184 1 1 1 1 2 5 1 1 1 2
1184241 2 1 1 1 2 1 2 1 1 2
1185609 3 4 5 2 6 8 4 1 1 4
1185610 1 1 1 1 3 2 2 1 1 2
1188472 1 1 1 1 1 1 3 1 1 2
1190394 4 1 1 1 2 3 1 1 1 2
1196295 9 9 10 3 6 10 7 10 6 4
1197440 1 1 1 2 1 3 1 1 7 2
1199731 3 1 1 1 2 1 1 1 1 2
1200952 5 8 7 7 10 10 5 7 1 4
1201936 5 10 10 3 8 1 5 10 3 4
1204898 6 1 1 1 2 1 3 1 1 2
1206089 2 1 1 1 1 1 3 1 1 2
1206695 1 5 8 6 5 8 7 10 1 4
1212422 3 1 1 1 2 1 3 1 1 2
1213383 5 1 1 4 2 1 3 1 1 2
1216694 10 8 8 4 10 10 8 1 1 4
1216947 1 1 1 1 2 1 3 1 1 2
1217264 1 1 1 1 2 1 3 1 1 2
1219406 5 1 1 1 1 1 3 1 1 2
1219525 8 10 10 10 5 10 8 10 6 4
1219859 8 10 8 8 4 8 7 7 1 4
1221863 10 10 10 10 7 10 7 10 4 4
1223967 6 1 3 1 2 1 3 1 1 2
1225799 10 6 4 3 10 10 9 10 1 4
1227481 10 5 7 4 4 10 8 9 1 4
1230175 10 10 10 3 10 10 9 10 1 4
1231387 6 8 7 5 6 8 8 9 2 4
1241232 3 1 4 1 2 ? 3 1 1 2
1241559 10 8 8 2 8 10 4 8 10 4
1243256 10 4 3 2 3 10 5 3 2 4
128059 1 1 1 1 2 5 5 1 1 2
1285531 1 1 1 1 2 1 3 1 1 2
183913 1 2 2 1 2 1 1 1 1 2
191250 10 4 4 10 2 10 5 3 3 4
1017023 6 3 3 5 3 10 3 5 3 2
1182404 3 1 1 1 2 1 2 1 1 2
1198641 3 1 1 1 2 1 3 1 1 2
242970 5 7 7 1 5 8 3 4 1 2
255644 10 5 8 10 3 10 5 1 3 4
274137 8 8 9 4 5 10 7 8 1 4
411453 5 1 1 1 2 1 3 1 1 2
428903 7 2 4 1 3 4 3 3 1 4
492268 10 4 6 1 2 10 5 3 1 4
529329 10 10 10 10 10 10 4 10 10 4
560680 1 1 1 1 2 1 1 1 1 2
561477 1 1 1 1 2 1 3 1 1 2
616240 5 3 4 3 4 5 4 7 1 2
646904 1 1 1 1 2 1 3 1 1 2
666090 1 1 1 1 2 1 3 1 1 2
673637 3 1 1 1 2 5 5 1 1 2
684955 2 1 1 1 3 1 2 1 1 2
691628 8 6 4 10 10 1 3 5 1 4
704097 1 1 1 1 1 1 2 1 1 2
704168 4 6 5 6 7 ? 4 9 1 2
730881 7 6 3 2 5 10 7 4 6 4
740492 1 1 1 1 2 1 3 1 1 2
743348 3 2 2 1 2 1 2 3 1 2
764974 5 1 1 1 2 1 3 1 2 2
797327 6 5 5 8 4 10 3 4 1 4
798429 1 1 1 1 2 1 3 1 1 2
806423 8 5 5 5 2 10 4 3 1 4
810104 1 1 1 1 2 1 3 1 1 2
814911 1 1 1 1 2 1 1 1 1 2
826923 1 1 1 1 2 1 1 1 1 2
837082 2 1 1 1 2 1 3 1 1 2
846832 3 4 5 3 7 3 4 6 1 2
859164 5 3 3 1 3 3 3 3 3 4
888169 3 2 2 1 4 3 2 1 1 2
160296 5 8 8 10 5 10 8 10 3 4
493452 1 1 3 1 2 1 1 1 1 2
560680 3 1 2 1 2 1 2 1 1 2
654244 1 1 1 1 1 1 2 1 1 2
657753 3 1 1 4 3 1 2 2 1 2
1158247 1 1 1 1 1 1 1 1 1 2
1176187 3 1 1 1 2 1 3 1 1 2
1196475 3 2 1 1 2 1 2 2 1 2
1213784 3 1 1 1 2 1 1 1 1 2
1229929 1 1 1 1 2 1 2 1 1 2
1238633 10 10 10 6 8 4 8 5 1 4
1239967 1 1 1 1 2 1 2 1 1 2
1257648 4 3 3 1 2 1 3 3 1 2
1258556 5 3 6 1 2 1 1 1 1 2
1266154 8 7 8 2 4 2 5 10 1 4
1276091 1 3 1 1 2 1 2 2 1 2
1276091 5 1 1 3 4 1 3 2 1 2
1293439 3 2 2 3 2 1 1 1 1 2
1293439 6 9 7 5 5 8 4 2 1 2
780555 5 1 1 6 3 1 2 1 1 2
1058849 5 1 1 1 2 1 1 1 1 2
1227081 3 1 1 3 2 1 1 1 1 2
1238410 2 3 1 1 3 1 1 1 1 2
1266124 5 1 2 1 2 1 1 1 1 2
1181685 1 1 2 1 2 1 2 1 1 2
1318169 9 10 10 10 10 5 10 10 10 4
474162 8 7 8 5 5 10 9 10 1 4
1070522 3 1 1 1 1 1 2 1 1 2
1073960 10 10 10 10 6 10 8 1 5 4
1181567 1 1 1 1 1 1 1 1 1 2
1217952 4 1 1 1 2 1 2 1 1 2
1224565 6 1 1 1 2 1 3 1 1 2
1265899 4 1 1 1 2 1 3 1 1 2
1268766 1 1 1 1 2 1 1 1 1 2
1277268 3 3 1 1 2 1 1 1 1 2
1295508 1 1 1 1 2 4 1 1 1 2
1299924 5 1 1 1 2 1 2 1 1 2
1320077 1 1 1 1 1 1 2 1 1 2
1320304 3 1 2 2 2 1 1 1 1 2
769612 4 1 1 1 2 1 1 1 1 2
798429 4 1 1 1 2 1 3 1 1 2
1116192 5 1 2 1 2 1 3 1 1 2
1145420 6 1 1 1 2 1 2 1 1 2
1158157 5 1 1 1 2 2 2 1 1 2
1184586 4 1 1 1 2 1 2 1 1 2
1222464 6 10 10 10 4 10 7 10 1 4
1241035 7 8 3 7 4 5 7 8 2 4
1313658 3 1 1 1 2 1 1 1 1 2
1321264 5 2 2 2 1 1 2 1 1 2
1321942 5 1 1 1 2 1 3 1 1 2
1328755 3 1 1 1 2 1 2 1 1 2
1334071 4 1 1 1 2 3 2 1 1 2
1343374 10 10 8 10 6 5 10 3 1 4
1344121 8 10 4 4 8 10 8 2 1 4
690557 5 1 1 1 2 1 2 1 1 2
695091 1 1 1 1 2 1 2 1 1 2
824249 1 1 1 1 2 1 3 1 1 2
1107684 6 10 5 5 4 10 6 10 1 4
1268275 9 8 8 9 6 3 4 1 1 4
1315506 4 8 6 3 4 10 7 1 1 4
1325309 4 1 2 1 2 1 2 1 1 2
1333063 5 1 3 1 2 1 3 1 1 2
1333495 3 1 1 1 2 1 2 1 1 2
1334659 5 2 4 1 1 1 1 1 1 2
1336798 3 1 1 1 2 1 2 1 1 2
352431 10 5 10 3 5 8 7 8 3 4
1042252 3 1 1 1 2 1 2 1 1 2
1140597 7 1 2 3 2 1 2 1 1 2
1149548 1 1 1 1 2 1 1 1 1 2
1213273 2 1 1 1 2 1 1 1 1 2
1260659 3 1 4 1 2 1 1 1 1 2
1294413 1 1 1 1 2 1 1 1 1 2
1311108 1 1 1 3 2 1 1 1 1 2
1325159 3 1 1 1 2 1 3 1 1 2
1339781 4 1 1 1 2 1 3 1 1 2
1347943 5 2 2 2 2 1 1 1 2 2
1348851 3 1 1 1 2 1 3 1 1 2
1350319 5 7 4 1 6 1 7 10 3 4
1350423 5 10 10 8 5 5 7 10 1 4
1354840 2 1 1 1 2 1 3 1 1 2
1369821 10 10 10 10 5 10 10 10 7 4
534555 1 1 1 1 2 1 1 1 1 2
654546 1 1 1 1 2 1 1 1 8 2
695091 5 10 10 5 4 5 4 4 1 4
714039 3 1 1 1 2 1 1 1 1 2
776715 3 1 1 1 3 2 1 1 1 2
888820 5 10 10 3 7 3 8 10 2 4
897471 4 8 8 5 4 5 10 4 1 4
