1000025 5 1 1 1 2 1 3 1 1 2
1015425 3 1 1 1 2 2 3 1 1 2
1016277 6 8 8 1 3 4 3 7 1 2
1049815 4 1 1 1 2 1 3 1 1 2
1054590 7 3 2 10 5 10 5 4 4 4
1057013 8 4 5 1 2 ? 7 3 1 4
1065726 5 2 3 4 2 7 3 6 1 4
1067444 2 1 1 1 2 1 2 1 1 2
1079304 2 1 1 1 2 1 2 1 1 2
1081791 6 2 1 1 1 1 7 1 1 2
1091262 2 5 3 3 6 7 7 5 1 4
1100524 6 10 10 2 8 10 7 3 3 4
1103722 1 1 1 1 2 1 2 1 2 2
1105257 3 7 7 4 4 9 4 8 1 4
1106095 4 1 1 3 2 1 3 1 1 2
1106829 7 8 7 2 4 8 3 8 2 4
1108370 9 5 8 1 2 3 2 1 5 4
1110503 5 5 5 8 10 8 7 3 7 4
1111249 10 6 6 3 4 5 3 6 1 4
1113038 8 2 4 1 5 1 5 4 4 4
1115282 5 3 5 5 3 3 4 10 1 4
1116116 9 10 10 1 10 8 3 3 1 4
1118039 5 3 4 1 8 10 4 9 1 4
1132347 1 1 4 1 2 1 2 1 1 2
1137156 2 2 2 1 1 1 7 1 1 2
1143978 4 1 1 2 2 1 2 1 1 2
1143978 5 2 1 1 2 1 3 1 1 2
1147044 3 1 1 1 2 2 7 1 1 2
1147699 3 5 7 8 8 9 7 10 7 4
1147748 5 10 6 1 10 4 4 10 10 4
1152331 4 1 1 1 2 1 3 1 1 2
1156272 1 1 1 1 2 1 3 1 1 2
1156948 3 1 1 2 2 1 1 1 1 2
1166654 10 3 5 1 10 5 3 10 2 4
1167439 2 3 4 4 2 5 2 5 1 4
1168736 10 10 10 10 10 1 8 8 8 4
1170420 1 6 8 10 8 10 5 7 1 4
1171710 1 1 1 1 2 1 2 3 1 2
1171710 6 5 4 4 3 9 7 8 3 4
1171795 1 3 1 2 2 2 5 3 2 2
1173216 10 10 10 3 10 8 8 1 1 4
1173347 1 1 1 1 2 5 1 1 1 2
1173509 4 5 5 10 4 10 7 5 8 4
1173514 1 1 1 1 4 3 1 1 1 2
1174057 1 1 2 2 2 1 3 1 1 2
1174131 10 10 10 2 10 10 5 3 3 4
1176881 7 5 3 7 4 10 7 5 5 4
1177399 8 3 5 4 5 10 1 6 2 4
1177512 1 1 1 1 10 1 1 1 1 2
1179818 2 1 1 1 2 1 3 1 1 2
1180194 5 10 8 10 8 10 3 6 3 4
1181356 5 1 1 1 2 2 3 3 1 2
1185610 1 1 1 1 3 2 2 1 1 2
1187457 3 1 1 3 8 1 5 8 1 2
1187805 8 8 7 4 10 10 7 8 7 4
1190485 1 1 1 1 2 1 1 1 1 2
1193683 1 1 2 1 3 ? 1 1 1 2
1196915 10 7 7 4 5 10 5 7 2 4
1197979 4 1 1 1 2 2 3 2 1 2
1199731 3 1 1 1 2 1 1 1 1 2
1199983 1 1 1 1 2 1 3 1 1 2
1200847 6 10 10 10 8 10 10 10 7 4
1201834 2 1 1 1 2 1 3 1 1 2
1201936 5 10 10 3 8 1 5 10 3 4
1202125 4 1 1 1 2 1 3 1 1 2
1206841 10 5 6 10 6 10 7 7 10 4
1207986 5 8 4 10 5 8 9 10 1 4
1208301 1 2 3 1 2 1 3 1 1 2
1212422 4 1 1 1 2 1 3 1 1 2
1216694 10 8 8 4 10 10 8 1 1 4
1218741 10 10 9 3 7 5 3 5 1 4
1218860 1 1 1 1 1 1 3 1 1 2
1219406 5 1 1 1 1 1 3 1 1 2
1220330 1 1 1 1 2 1 3 1 1 2
1222047 10 10 10 10 3 10 10 6 1 4
1223282 1 1 1 1 2 1 2 1 1 2
1225799 10 6 4 3 10 10 9 10 1 4
1227244 1 1 1 1 2 1 2 1 1 2
1230175 10 10 10 3 10 10 9 10 1 4
1231387 6 8 7 5 6 8 8 9 2 4
1242364 8 10 10 8 6 9 3 10 10 4
1270479 5 1 3 3 2 2 2 3 1 2
128059 1 1 1 1 2 5 5 1 1 2
1285531 1 1 1 1 2 1 3 1 1 2
1287775 5 1 1 2 2 2 3 1 1 2
145447 8 4 4 1 2 9 3 3 1 4
167528 4 1 1 1 2 1 3 6 1 2
1182404 3 1 1 1 2 1 1 1 1 2
303213 10 4 4 10 6 10 5 5 1 4
320675 3 3 5 2 3 10 7 1 1 4
385103 1 1 1 1 2 1 3 1 1 2
428903 7 2 4 1 3 4 3 3 1 4
431495 3 1 1 1 2 1 3 2 1 2
432809 3 1 3 1 2 ? 2 1 1 2
434518 3 1 1 1 2 1 2 1 1 2
456282 1 1 1 1 2 1 3 1 1 2
476903 10 5 7 3 3 7 3 3 8 4
486283 3 1 1 1 2 1 3 1 1 2
492268 10 4 6 1 2 10 5 3 1 4
527363 8 10 10 10 8 10 10 7 3 4
616240 5 3 4 3 4 5 4 7 1 2
636130 1 1 1 1 2 1 3 1 1 2
667204 7 8 7 6 4 3 8 8 4 4
684955 2 1 1 1 3 1 2 1 1 2
688033 1 1 1 1 2 1 1 1 1 2
691628 8 6 4 10 10 1 3 5 1 4
704168 4 6 5 6 7 ? 4 9 1 2
706426 5 5 5 2 5 10 4 3 1 4
709287 6 8 7 8 6 8 8 9 1 4
730881 7 6 3 2 5 10 7 4 6 4
733823 5 4 6 10 2 10 4 1 1 4
760001 8 10 3 2 6 4 3 10 1 4
760239 10 4 6 4 5 10 7 1 1 4
764974 5 1 1 1 2 1 3 1 2 2
785208 5 4 6 6 4 10 4 3 1 4
785615 8 6 7 3 3 10 3 4 2 4
831268 1 1 1 1 1 1 1 3 1 2
846832 3 4 5 3 7 3 4 6 1 2
850831 2 7 10 10 7 10 4 9 4 4
859164 5 3 3 1 3 3 3 3 3 4
888169 3 2 2 1 4 3 2 1 1 2
896404 2 1 1 1 2 1 3 1 1 2
95719 6 10 10 10 8 10 7 10 7 4
160296 5 8 8 10 5 10 8 10 3 4
428598 1 1 3 1 1 1 2 1 1 2
521441 5 1 1 2 2 1 2 1 1 2
640712 1 1 1 1 2 1 2 1 1 2
654244 1 1 1 1 1 1 2 1 1 2
846423 10 6 3 6 4 10 7 8 4 4
1002504 3 2 2 2 2 1 3 2 1 2
1114570 2 1 1 1 2 1 2 2 1 2
1158405 1 2 3 1 2 1 2 1 1 2
1168278 3 1 1 1 2 1 2 1 1 2
1211265 3 10 8 7 6 9 9 3 8 4
1223003 5 3 3 1 2 1 2 1 1 2
1231853 4 2 2 1 2 1 2 1 1 2
1236837 2 3 2 2 2 2 3 1 1 2
1238464 1 1 1 1 1 ? 2 1 1 2
1239232 3 3 2 6 3 3 3 5 1 2
1257815 5 1 3 1 2 1 2 1 1 2
1257938 3 1 1 1 2 1 1 1 1 2
1258556 5 3 6 1 2 1 1 1 1 2
1276091 1 3 1 1 2 1 2 2 1 2
558538 4 1 3 3 2 1 1 1 1 2
608157 10 4 3 10 4 10 10 1 1 4
677910 5 2 2 4 2 4 1 1 1 2
1182404 1 1 1 1 1 1 1 1 1 2
1238410 2 3 1 1 3 1 1 1 1 2
1268804 3 1 1 1 2 5 1 1 1 2
1276091 6 1 1 3 2 1 1 1 1 2
1280258 4 1 1 1 2 1 1 2 1 2
1293966 4 1 1 1 2 1 1 1 1 2
1296572 10 9 8 7 6 4 7 10 3 4
1181685 1 1 2 1 2 1 2 1 1 2
1302428 5 3 2 4 2 1 1 1 1 2
1070522 3 1 1 1 1 1 2 1 1 2
1119189 5 8 9 4 3 10 7 1 1 4
1217952 4 1 1 1 2 1 2 1 1 2
1268766 1 1 1 1 2 1 1 1 1 2
1295508 1 1 1 1 2 4 1 1 1 2
1306282 6 6 7 10 3 10 8 10 2 4
1313325 4 10 4 7 3 10 9 10 1 4
1320077 1 1 1 1 1 1 1 1 1 2
1320304 3 1 2 2 2 1 1 1 1 2
807657 6 1 3 2 2 1 1 1 1 2
837480 7 4 4 3 4 10 6 9 1 4
869828 1 1 1 1 1 1 3 1 1 2
1043068 3 1 1 1 2 1 2 1 1 2
1145420 6 1 1 1 2 1 2 1 1 2
1186936 2 1 3 2 2 1 2 1 1 2
1240603 2 1 1 1 1 1 1 1 1 2
1306339 4 4 2 1 2 5 2 1 2 2
1313658 3 1 1 1 2 1 1 1 1 2
1321348 2 1 1 1 2 1 2 1 1 2
1321942 5 1 1 1 2 1 3 1 1 2
1328331 1 1 1 1 2 1 3 1 1 2
1331405 4 1 1 1 2 1 3 2 1 2
1343374 10 10 8 10 6 5 10 3 1 4
385103 5 1 2 1 2 1 3 1 1 2
824249 1 1 1 1 2 1 3 1 1 2
1107684 6 10 5 5 4 10 6 10 1 4
1115762 3 1 1 1 2 1 1 1 1 2
1217717 5 1 1 6 3 1 1 1 1 2
1239420 1 1 1 1 2 1 1 1 1 2
1261751 5 1 1 1 2 1 2 2 1 2
1268275 9 8 8 9 6 3 4 1 1 4
1272166 5 1 1 1 2 1 1 1 1 2
1325309 4 1 2 1 2 1 2 1 1 2
1352663 5 4 6 8 4 1 8 10 1 4
188336 5 3 2 8 5 10 8 1 2 4
557583 5 10 10 10 10 10 10 1 1 4
636375 5 1 1 1 2 1 1 1 1 2
1031608 2 1 1 1 1 1 2 1 1 2
1061990 4 1 1 1 2 1 2 1 1 2
1140597 7 1 2 3 2 1 2 1 1 2
1149548 1 1 1 1 2 1 1 1 1 2
1253955 8 7 4 4 5 3 5 10 1 4
1260659 3 1 4 1 2 1 1 1 1 2
1268952 10 10 7 8 7 1 10 10 3 4
1311108 1 1 1 3 2 1 1 1 1 2
1315807 5 10 10 10 10 2 10 10 10 4
1323477 1 2 1 3 2 1 2 1 1 2
1324572 5 1 1 1 2 1 2 2 1 2
1324681 4 1 1 1 2 1 2 1 1 2
1333877 5 4 5 1 8 1 3 6 1 2
1334015 7 8 8 7 3 10 7 2 3 4
1345593 3 1 1 3 2 1 2 1 1 2
1350423 5 10 10 8 5 5 7 10 1 4
1352848 3 10 7 8 5 8 7 4 1 4
1354840 2 1 1 1 2 1 3 1 1 2
1368267 5 1 1 1 2 1 1 1 1 2
1368273 1 1 1 1 2 1 1 1 1 2
1368882 2 1 1 1 2 1 1 1 1 2
1369821 10 10 10 10 5 10 10 10 7 4
466906 1 1 1 1 2 1 1 1 1 2
534555 1 1 1 1 2 1 1 1 1 2
566346 3 1 1 1 2 1 2 3 1 2
763235 3 1 1 1 2 1 2 1 2 2
841769 2 1 1 1 2 1 1 1 1 2
888820 5 10 10 3 7 3 8 10 2 4
897471 4 8 6 4 3 4 10 6 1 4
