330 0.2268928028 0.2652900463 121.1542006708 3163.2394719946 26.1092017815 69.7173614502 99.0849640003 400.2257759827 0
362.83126591 0.200712864 0.2443460953 124.9125593692 3290.4624462766 26.3421265475 69.3893890381 103.8665518819 424.7965033868 0
275.6773933601 0.15393804 0.1877974275 91.5278933393 1756.2348373883 19.1879739969 39.3051834106 82.6586821528 331.5883016673 0
423 0.2195624199 0.2617993878 172.371241023 6108.1062965247 35.4357621392 79.056350708 153.1729028745 558.274515328 0
366.9423790985 0.2801253449 0.252025544 172.7455537387 7064.8159090557 40.8972373306 75.6043243408 155.3222849252 471.5881953798 0
325 0.2246238747 0.286932129 229.2158633923 5705.3320895085 24.8906511315 35.6027145386 227.2647937395 462.7030069339 0
294.4748456196 0.2066469834 0.4677482395 194.8710353479 5541.2561262519 28.4355041084 36.7657966614 191.8048904696 445.5132993662 0
211 0.0539306739 0.0942477796 30.7534434583 151.9845775553 4.9420344672 14.2683744431 27.24312366 217.1307040276 1
243.2939757359 0.0399680399 0.0670206433 68.5447777184 383.9284530426 5.6011335338 9.9913482666 67.8166557187 263.640761308 1
272 0.0914552528 0.0048869219 63.7893803122 718.946310198 11.2706269708 20.0855560303 60.6907291188 286.920220324 1
341.6200131082 0.0919788516 0.0740019603 85.0430285558 1370.8380678239 16.1193467719 29.028968811 79.935196807 385.1334598423 1
301.3043992291 0.10978121 0.0356047167 64.6161999261 942.7731906338 14.5903533744 29.0456771851 57.7200304355 335.7684587866 1
178 0.1708677338 0.2129301687 41.5421667585 489.4405204763 11.7817764134 35.747795105 21.1623933118 215.9059341715 2
435.0931666481 0.07696902 0.1612684229 123.5975375889 1342.2776475808 10.8600678765 37.3847236633 117.8080379332 433.2023221434 2
250 0.0471238898 0.013962634 70.9070400207 224.1457873421 3.1611217628 9.1021757126 70.320400449 232.2776288185 2
339.5085476096 0.0453785606 0.0300196631 88.6298094262 331.0803904377 3.7355421678 19.8255805969 87.6211804354 307.7931936632 2
481.4671493322 0.0785398163 0.0160570291 79.0591615565 1154.3382385593 14.6009420772 33.9291305542 71.408439192 501.8933575844 2
370.3957246909 0.1047197551 0 115.9232531157 1308.1204304417 11.284366124 31.3670310974 112.715101601 365.9776512618 2
327 0.1410226036 0.0844739358 76.2128681277 1664.6740761276 21.8424278868 43.2216911316 62.7717028567 379.261838625 2
470.5164201366 0.1274090354 0.0663225116 150.2240222783 2657.9103674885 17.6929783079 47.5606307983 142.4964679752 491.4724884651 3
250 0.0870919297 0.0928515162 29.6375102856 180.7612437575 6.0990697942 26.1420974731 13.9632632319 280.1229064263 3
197 0.1326450232 0.0740019603 33.4606529676 409.6471412714 12.2426523376 26.9928073883 19.7738131904 231.7837876143 3
216.4132572942 0.1178097245 0.0684169067 53.5996000209 280.4454864735 5.2322309563 22.7905349731 48.5129740146 215.3729200694 3
124.1287282354 0.1319468915 0.1089085453 20.5926329443 78.3427938378 3.8044087927 18.4623985291 9.1212056109 134.8926969829 3
103 0.1581268302 0.2918190509 23.754811344 78.2584737249 3.2944262361 22.3236026764 8.1208260291 124.9785610053 3
1496.7360544463 0.1038470905 0.0823795407 640.2759503982 11071.9977976663 17.292540491 108.2869186401 631.052482108 1178.274277509 4
1700 0.0439822972 0.1051268014 120.6530096363 12331.1030943741 102.2030294275 120.2973175049 -9.2576964639 2212.1781964657 5
2600 0.2005383311 0.2080432468 1063.4414274728 174480.476217939 164.0715433031 418.687286377 977.5523672434 2664.5836230562 5
