362.83126591 0.200712864 0.2443460953 124.9125593692 3290.4624462766 26.3421265475 69.3893890381 103.8665518819 424.7965033868 0
485.6688054544 0.2302089283 0.1340412866 253.8936986073 8135.968359074 32.0447825358 64.8554458618 245.4705306437 541.363975057 0
390 0.3583160954 0.2038544566 245.6861030662 10055.83687254 40.929612001 70.3247833252 236.4901696665 477.5483599605 0
269.4959462918 0.2075196481 0.0383972435 80.4110854818 1963.6052480989 24.4195838961 44.7401542664 66.8383093174 329.0906470766 0
500 0.1926843494 0.1947787445 144.6885779146 3055.0129631204 21.114403135 96.563369751 107.751102979 542.897088892 0
243.2939757359 0.0399680399 0.0670206433 68.5447777184 383.9284530426 5.6011335338 9.9913482666 67.8166557187 263.640761308 1
355 0.0640535835 0.0844739358 89.5584634547 1033.8542450686 11.5439033363 27.5626621246 86.5765610935 372.0399565985 1
195 0.1391027414 0.20525072 37.4621956231 328.384051619 8.7657449372 35.0238265991 13.2946502587 232.5876276733 2
250 0.0471238898 0.013962634 70.9070400207 224.1457873421 3.1611217628 9.1021757126 70.320400449 232.2776288185 2
481.4671493322 0.0785398163 0.0160570291 79.0591615565 1154.3382385593 14.6009420772 33.9291305542 71.408439192 501.8933575844 2
196.3648643227 0.1829105056 0.142418867 54.583080277 843.2625274855 15.4491560976 34.1494140625 42.5808653465 239.944072785 2
544.6543494729 0.0637045177 0.0020943951 100.7880802493 1189.290233286 11.7999095761 29.4122219086 96.5801499813 553.3582098767 2
310 0.1747074581 0.1654572131 98.5099614229 2741.0320443757 27.8249225234 49.3278617859 85.270009838 388.9778083603 2
274.99339586 0.1471312559 0.1375319451 66.4579430417 1217.4156510031 18.3185875951 40.8496780396 52.4210077296 327.5586387041 2
152 0.1658062789 0.2275909345 34.2195504039 94.354327958 2.7573222571 31.2792778015 13.8774777297 180.6095533186 3
303 0.0633554518 0.0397935069 22.5678927048 102.5003089897 4.5418644235 21.8308410645 5.7205006289 321.646837362 3
502 0.065275314 0.027925268 53.2394329932 834.2727305445 15.6702031491 33.3311424255 41.5147222365 544.0394144713 3
176 0.0898844565 0.0767944871 20.5885241068 79.7054245831 3.8713520294 18.2264919281 9.5750878548 191.9928785117 3
1385.6647213356 0.0923279174 0.0893608577 202.480043717 8785.0287327512 43.3871337218 143.0921936035 143.2577800188 1524.6092039901 4
1084.2470372215 0.0734783615 0 191.8979532327 2937.9715445225 15.3100723329 66.5636291504 179.9836313497 1064.1038276399 4
1461.7503424331 0.0408407045 0.0495673508 391.8460234008 5574.0028199661 14.2249824857 57.2314796448 387.6439908583 1428.8399755134 4
1111.8140678207 0.0987856357 0.0712094335 386.9870937242 7659.7421335884 19.7932754291 86.0251235962 377.3045041864 990.978913442 4
2100 0.0619591884 -0.0453785606 390.4825067441 16640.7236193443 42.6157979729 125.9004135132 380.644703446 2073.0286853636 5
1700 0.0439822972 0.1051268014 120.6530096363 12331.1030943741 102.2030294275 120.2973175049 -9.2576964639 2212.1781964657 5
2350 0.0815068761 0.2715732316 515.2894771025 27758.6402610935 53.8699924889 289.5690612793 426.2311599176 2457.6767356259 5
2800 0.0830776724 0.184306769 583.2592574834 31388.6528822211 53.8159531623 298.5829772949 501.0384943822 2896.5824833035 5
2000 0.1069886831 0.1054178868 520.2226492052 40087.9209837665 77.0591611976 204.09034729 478.5172231615 2088.6488701693 5
