1015425 3 1 1 1 2 2 3 1 1 2
1016277 6 8 8 1 3 4 3 7 1 2
1017023 4 1 1 3 2 1 3 1 1 2
1033078 4 2 1 1 2 1 2 1 1 2
1043999 1 1 1 1 2 3 3 1 1 2
1047630 7 4 6 4 6 1 4 3 1 4
1054590 7 3 2 10 5 10 5 4 4 4
1054593 10 5 5 3 6 7 7 10 1 4
1066979 5 1 1 1 2 1 2 1 1 2
1075123 3 1 2 1 2 1 2 1 1 2
1079304 2 1 1 1 2 1 2 1 1 2
1091262 2 5 3 3 6 7 7 5 1 4
1105524 1 1 1 1 2 1 2 1 1 2
1110102 10 3 6 2 3 5 4 10 2 4
1110524 10 5 5 6 8 8 7 1 1 4
1113038 8 2 4 1 5 1 5 4 4 4
1115293 1 1 1 1 2 2 2 1 1 2
1121732 1 1 1 1 2 1 3 2 1 2
1131294 1 1 2 1 2 2 4 2 1 2
1133136 3 1 1 1 2 3 3 1 1 2
1136142 2 1 1 1 3 1 2 1 1 2
1147044 3 1 1 1 2 2 7 1 1 2
1156272 1 1 1 1 2 1 3 1 1 2
1165926 9 6 9 2 10 6 2 9 10 4
1166654 10 3 5 1 10 5 3 10 2 4
1167439 2 3 4 4 2 5 2 5 1 4
1168359 8 2 3 1 6 3 7 1 1 4
1170419 10 10 10 8 2 10 4 1 1 4
1173347 1 1 1 1 2 5 1 1 1 2
1176881 7 5 3 7 4 10 7 5 5 4
1178580 5 1 3 1 2 1 2 1 1 2
1180194 5 10 8 10 8 10 3 6 3 4
1181356 5 1 1 1 2 2 3 3 1 2
1182410 3 1 1 1 2 1 1 1 1 2
1183240 4 1 2 1 2 1 2 1 1 2
1183246 1 1 1 1 1 ? 2 1 1 2
1183911 2 1 1 1 2 1 1 1 1 2
1184184 1 1 1 1 2 5 1 1 1 2
1184241 2 1 1 1 2 1 2 1 1 2
1187805 8 8 7 4 10 10 7 8 7 4
1190485 1 1 1 1 2 1 1 1 1 2
1196295 9 9 10 3 6 10 7 10 6 4
1196915 10 7 7 4 5 10 5 7 2 4
1197979 4 1 1 1 2 2 3 2 1 2
1197993 5 6 7 8 8 10 3 10 3 4
1198641 3 1 1 1 2 1 3 1 1 2
1199731 3 1 1 1 2 1 1 1 1 2
1200847 6 10 10 10 8 10 10 10 7 4
1201834 2 1 1 1 2 1 3 1 1 2
1201936 5 10 10 3 8 1 5 10 3 4
1205138 5 8 8 8 5 10 7 8 1 4
1206089 2 1 1 1 1 1 3 1 1 2
1208301 1 2 3 1 2 1 3 1 1 2
1212232 5 1 1 1 2 1 2 1 1 2
1213383 5 1 1 4 2 1 3 1 1 2
1214092 1 1 1 1 2 1 1 1 1 2
1216694 10 8 8 4 10 10 8 1 1 4
1219406 5 1 1 1 1 1 3 1 1 2
1226612 7 5 6 3 3 8 7 4 1 4
1227210 10 5 5 6 3 10 7 9 2 4
1227244 1 1 1 1 2 1 2 1 1 2
1228152 8 9 9 5 3 5 7 7 1 4
1231706 8 4 6 3 3 1 4 3 1 2
1241559 10 8 8 2 8 10 4 8 10 4
1277018 2 1 1 1 2 1 3 1 1 2
167528 4 1 1 1 2 1 3 6 1 2
191250 10 4 4 10 2 10 5 3 3 4
1017023 6 3 3 5 3 10 3 5 3 2
1168736 5 6 6 2 4 10 3 6 1 4
255644 10 5 8 10 3 10 5 1 3 4
274137 8 8 9 4 5 10 7 8 1 4
314428 7 9 4 10 10 3 5 3 3 4
1182404 5 1 4 1 2 1 3 2 1 2
320675 3 3 5 2 3 10 7 1 1 4
320675 3 3 5 2 3 10 7 1 1 4
431495 3 1 1 1 2 1 3 2 1 2
434518 3 1 1 1 2 1 2 1 1 2
486283 3 1 1 1 2 1 3 1 1 2
508234 7 4 5 10 2 10 3 8 2 4
543558 6 1 3 1 4 5 5 10 1 4
560680 1 1 1 1 2 1 1 1 1 2
561477 1 1 1 1 2 1 3 1 1 2
601265 10 4 4 6 2 10 2 3 1 4
606140 1 1 1 1 2 ? 2 1 1 2
606722 5 5 7 8 6 10 7 4 1 4
636130 1 1 1 1 2 1 3 1 1 2
646904 1 1 1 1 2 1 3 1 1 2
684955 2 1 1 1 3 1 2 1 1 2
691628 8 6 4 10 10 1 3 5 1 4
704168 4 6 5 6 7 ? 4 9 1 2
733639 3 1 1 1 2 ? 3 1 1 2
740492 1 1 1 1 2 1 3 1 1 2
752904 10 1 1 1 2 10 5 4 1 4
760001 8 10 3 2 6 4 3 10 1 4
76389 10 4 7 2 2 8 6 1 1 4
797327 6 5 5 8 4 10 3 4 1 4
798429 1 1 1 1 2 1 3 1 1 2
704097 1 1 1 1 1 1 2 1 1 2
814911 1 1 1 1 2 1 1 1 1 2
822829 7 6 4 8 10 10 9 5 3 4
832567 4 2 3 5 3 8 7 6 1 4
95719 6 10 10 10 8 10 7 10 7 4
428598 1 1 3 1 1 1 2 1 1 2
493452 1 1 3 1 2 1 1 1 1 2
493452 4 1 2 1 2 1 2 1 1 2
636437 1 1 1 1 2 1 1 1 1 2
640712 1 1 1 1 2 1 2 1 1 2
846423 10 6 3 6 4 10 7 8 4 4
1002504 3 2 2 2 2 1 3 2 1 2
1071084 3 3 2 2 3 1 1 2 3 2
1151734 10 8 7 4 3 10 7 9 1 4
1176187 3 1 1 1 2 1 3 1 1 2
1223003 5 3 3 1 2 1 2 1 1 2
1223306 3 1 1 1 2 4 1 1 1 2
1229929 1 1 1 1 2 1 2 1 1 2
1234554 1 1 1 1 2 1 2 1 1 2
1239232 3 3 2 6 3 3 3 5 1 2
1239967 1 1 1 1 2 1 2 1 1 2
1257938 3 1 1 1 2 1 1 1 1 2
1258556 5 3 6 1 2 1 1 1 1 2
1266154 8 7 8 2 4 2 5 10 1 4
1272039 1 1 1 1 2 1 2 1 1 2
1276091 1 3 1 1 2 1 2 2 1 2
1276091 5 1 1 3 4 1 3 2 1 2
1277629 5 1 1 1 2 1 2 2 1 2
1293439 3 2 2 3 2 1 1 1 1 2
1294562 10 8 10 1 3 10 5 1 1 4
527337 4 1 1 1 2 1 1 1 1 2
827627 2 1 1 1 2 1 1 1 1 2
1049837 1 1 1 1 2 1 1 1 1 2
1182404 1 1 1 1 1 1 1 1 1 2
1201870 4 1 1 3 1 1 2 1 1 2
1238410 2 3 1 1 3 1 1 1 1 2
1259008 8 8 9 6 6 3 10 10 1 4
1267898 5 1 3 1 2 1 1 1 1 2
1268313 5 1 1 3 2 1 1 1 1 2
1280258 4 1 1 1 2 1 1 2 1 2
1298416 10 6 6 2 4 10 9 7 1 4
1181685 1 1 2 1 2 1 2 1 1 2
1238777 6 1 1 3 2 1 1 1 1 2
1277145 5 1 1 1 2 1 1 1 1 2
1287282 3 1 1 1 2 1 1 1 1 2
1296593 5 2 1 1 2 1 1 1 1 2
1318169 9 10 10 10 10 5 10 10 10 4
1115293 1 1 1 1 2 1 1 1 1 2
1170945 3 1 1 1 1 1 2 1 1 2
1204558 4 1 1 1 2 1 2 1 1 2
1277268 3 3 1 1 2 1 1 1 1 2
1304595 3 1 1 1 1 1 2 1 1 2
1313325 4 10 4 7 3 10 9 10 1 4
1320077 1 1 1 1 1 1 1 1 1 2
333093 1 1 1 1 3 1 1 1 1 2
412300 10 4 5 4 3 5 7 3 1 4
769612 3 1 1 2 2 1 1 1 1 2
869828 1 1 1 1 1 1 3 1 1 2
1043068 3 1 1 1 2 1 2 1 1 2
1056171 2 1 1 1 2 1 2 1 1 2
1061990 1 1 3 2 2 1 3 1 1 2
1113061 5 1 1 1 2 1 3 1 1 2
1197527 5 1 1 1 2 1 2 1 1 2
1287971 3 1 1 1 2 1 2 1 1 2
1313982 4 3 1 1 2 1 4 8 1 2
1321931 5 1 1 1 2 1 2 1 1 2
1328331 1 1 1 1 2 1 3 1 1 2
1328755 3 1 1 1 2 1 2 1 1 2
1331405 4 1 1 1 2 1 3 2 1 2
1331412 5 7 10 10 5 10 10 10 1 4
142932 7 6 10 5 3 10 9 10 2 4
695219 1 1 1 1 2 1 2 1 1 2
824249 1 1 1 1 2 1 3 1 1 2
871549 5 1 2 1 2 1 2 1 1 2
878358 5 7 10 6 5 10 7 5 1 4
1107684 6 10 5 5 4 10 6 10 1 4
1239420 1 1 1 1 2 1 1 1 1 2
1254538 8 10 10 10 6 10 10 10 1 4
1295529 2 5 7 6 4 10 7 6 1 4
1311875 5 1 2 1 2 1 1 1 1 2
1325309 4 1 2 1 2 1 2 1 1 2
1333063 5 1 3 1 2 1 3 1 1 2
1333495 3 1 1 1 2 1 2 1 1 2
1344449 1 1 1 1 1 1 2 1 1 2
352431 10 5 10 3 5 8 7 8 3 4
1031608 2 1 1 1 1 1 2 1 1 2
1061990 4 1 1 1 2 1 2 1 1 2
1140597 7 1 2 3 2 1 2 1 1 2
1149548 1 1 1 1 2 1 1 1 1 2
1213273 2 1 1 1 2 1 1 1 1 2
1235807 5 1 1 1 2 1 2 1 1 2
1238777 1 1 1 1 2 1 1 1 1 2
1277792 4 1 1 1 2 1 1 1 1 2
1277792 5 1 1 3 2 1 1 1 1 2
1318671 3 1 1 1 2 1 2 1 1 2
1325159 3 1 1 1 2 1 3 1 1 2
1334015 7 8 8 7 3 10 7 2 3 4
1339781 4 1 1 1 2 1 3 1 1 2
13454352 1 1 3 1 2 1 2 1 1 2
1345452 1 1 3 1 2 1 2 1 1 2
1347749 1 1 1 1 2 1 1 1 1 2
1350319 5 7 4 1 6 1 7 10 3 4
1350423 5 10 10 8 5 5 7 10 1 4
1354840 2 1 1 1 2 1 3 1 1 2
1355260 1 1 1 1 2 1 2 1 1 2
603148 4 1 1 1 2 1 1 1 1 2
695091 5 10 10 5 4 5 4 4 1 4
