1015425 3 1 1 1 2 2 3 1 1 2
1018099 1 1 1 1 2 10 3 1 1 2
1035283 1 1 1 1 1 1 3 1 1 2
1036172 2 1 1 1 2 1 2 1 1 2
1043999 1 1 1 1 2 3 3 1 1 2
1047630 7 4 6 4 6 1 4 3 1 4
1050670 10 7 7 6 4 10 4 1 2 4
1050718 6 1 1 1 2 1 3 1 1 2
1065726 5 2 3 4 2 7 3 6 1 4
1066979 5 1 1 1 2 1 2 1 1 2
1070935 1 1 3 1 2 1 1 1 1 2
1071760 2 1 1 1 2 1 3 1 1 2
1075123 3 1 2 1 2 1 2 1 1 2
1080185 10 10 10 8 6 1 8 9 1 4
1084584 5 4 4 9 2 10 5 6 1 4
1108370 9 5 8 1 2 3 2 1 5 4
1110102 10 3 6 2 3 5 4 10 2 4
1115293 1 1 1 1 2 2 2 1 1 2
1116998 10 4 2 1 3 2 4 3 10 4
1124651 1 3 3 2 2 1 7 2 1 2
1133041 5 3 1 2 2 1 2 1 1 2
1136142 2 1 1 1 3 1 2 1 1 2
1137156 2 2 2 1 1 1 7 1 1 2
1148278 3 3 6 4 5 8 4 4 1 4
1157734 4 1 1 1 2 1 3 1 1 2
1158247 1 1 1 1 2 1 2 1 1 2
1166654 10 3 5 1 10 5 3 10 2 4
1171845 8 6 4 3 5 9 3 1 1 4
1172152 10 3 3 10 2 10 7 3 3 4
1173216 10 10 10 3 10 8 8 1 1 4
1173347 8 3 3 1 2 2 3 2 1 2
1173514 1 1 1 1 4 3 1 1 1 2
1174057 4 2 1 1 2 2 3 1 1 2
1174428 5 3 5 1 8 10 5 3 1 4
1177399 8 3 5 4 5 10 1 6 2 4
1177512 1 1 1 1 10 1 1 1 1 2
1178580 5 1 3 1 2 1 2 1 1 2
1179818 2 1 1 1 2 1 3 1 1 2
1180831 3 1 1 1 3 1 2 1 1 2
1183246 1 1 1 1 1 ? 2 1 1 2
1187805 8 8 7 4 10 10 7 8 7 4
1193091 1 2 2 1 2 1 2 1 1 2
1197080 4 1 1 1 2 1 3 2 1 2
1197510 5 1 1 1 2 ? 3 1 1 2
1197993 5 6 7 8 8 10 3 10 3 4
1199219 1 1 1 2 1 1 1 1 1 2
1199731 3 1 1 1 2 1 1 1 1 2
1201834 2 1 1 1 2 1 3 1 1 2
1203096 1 1 1 1 1 1 3 1 1 2
1204242 1 1 1 1 2 1 1 1 1 2
1206089 2 1 1 1 1 1 3 1 1 2
1212232 5 1 1 1 2 1 2 1 1 2
1212422 3 1 1 1 2 1 3 1 1 2
1218105 5 10 10 9 6 10 7 10 5 4
1218860 1 1 1 1 1 1 3 1 1 2
1219525 8 10 10 10 5 10 8 10 6 4
1221863 10 10 10 10 7 10 7 10 4 4
1222047 10 10 10 10 3 10 10 6 1 4
1222936 8 7 8 7 5 5 5 10 2 4
1227481 10 5 7 4 4 10 8 9 1 4
1241232 3 1 4 1 2 ? 3 1 1 2
1241559 10 8 8 2 8 10 4 8 10 4
1242364 8 10 10 8 6 9 3 10 10 4
1243256 10 4 3 2 3 10 5 3 2 4
128059 1 1 1 1 2 5 5 1 1 2
1285531 1 1 1 1 2 1 3 1 1 2
144888 8 10 10 8 5 10 7 8 1 4
167528 4 1 1 1 2 1 3 6 1 2
169356 3 1 1 1 2 ? 3 1 1 2
183913 1 2 2 1 2 1 1 1 1 2
1100524 6 10 10 2 8 10 7 3 3 4
1182404 3 1 1 1 2 1 1 1 1 2
1182404 3 1 1 1 2 1 2 1 1 2
263538 5 10 10 6 10 10 10 6 5 4
274137 8 8 9 4 5 10 7 8 1 4
303213 10 4 4 10 6 10 5 5 1 4
1198641 10 10 6 3 3 10 4 3 2 4
320675 3 3 5 2 3 10 7 1 1 4
324427 10 8 8 2 3 4 8 7 8 4
452264 1 1 1 1 2 1 2 1 1 2
456282 1 1 1 1 2 1 3 1 1 2
486283 3 1 1 1 2 1 3 1 1 2
529329 10 10 10 10 10 10 4 10 10 4
601265 10 4 4 6 2 10 2 3 1 4
606140 1 1 1 1 2 ? 2 1 1 2
616240 5 3 4 3 4 5 4 7 1 2
646904 1 1 1 1 2 1 3 1 1 2
659642 10 8 4 4 4 10 3 10 4 4
666090 1 1 1 1 2 1 3 1 1 2
684955 2 1 1 1 3 1 2 1 1 2
691628 8 6 4 10 10 1 3 5 1 4
706426 5 5 5 2 5 10 4 3 1 4
730881 7 6 3 2 5 10 7 4 6 4
756136 1 1 1 1 2 1 2 1 1 2
760239 10 4 6 4 5 10 7 1 1 4
76389 10 4 7 2 2 8 6 1 1 4
798429 1 1 1 1 2 1 3 1 1 2
806423 8 5 5 5 2 10 4 3 1 4
822829 7 6 4 8 10 10 9 5 3 4
830690 5 2 2 2 3 1 1 3 1 2
832567 4 2 3 5 3 8 7 6 1 4
836433 5 1 1 3 2 1 1 1 1 2
850831 2 7 10 10 7 10 4 9 4 4
873549 10 3 5 4 3 7 3 5 3 4
877943 3 10 3 10 6 10 5 1 4 4
888523 4 4 4 2 2 3 2 1 1 2
493452 1 1 3 1 2 1 1 1 1 2
521441 5 1 1 2 2 1 2 1 1 2
636437 1 1 1 1 2 1 1 1 1 2
640712 1 1 1 1 2 1 2 1 1 2
685977 5 3 4 1 4 1 3 1 1 2
846423 10 6 3 6 4 10 7 8 4 4
1114570 5 3 3 2 3 1 3 1 1 2
1156017 3 1 1 1 2 1 2 1 1 2
1168278 3 1 1 1 2 1 2 1 1 2
1196475 3 2 1 1 2 1 2 2 1 2
1223543 1 2 1 3 2 1 1 2 1 2
1237674 3 1 2 1 2 1 2 1 1 2
1238464 1 1 1 1 1 ? 2 1 1 2
1238633 10 10 10 6 8 4 8 5 1 4
1258549 9 10 10 10 10 10 10 10 1 4
1266154 8 7 8 2 4 2 5 10 1 4
1276091 1 3 1 1 2 1 2 2 1 2
1293439 6 9 7 5 5 8 4 2 1 2
1295186 10 10 10 1 6 1 2 8 1 4
558538 4 1 3 3 2 1 1 1 1 2
566509 5 1 1 1 2 1 1 1 1 2
780555 5 1 1 6 3 1 2 1 1 2
1058849 5 1 1 1 2 1 1 1 1 2
1227081 3 1 1 3 2 1 1 1 1 2
1238410 2 3 1 1 3 1 1 1 1 2
1257470 10 6 5 8 5 10 8 6 1 4
1266124 5 1 2 1 2 1 1 1 1 2
1268313 5 1 1 3 2 1 1 1 1 2
1276091 6 1 1 3 2 1 1 1 1 2
1299596 6 6 6 5 4 10 7 6 2 4
1105524 4 1 1 1 2 1 1 1 1 2
1277145 5 1 1 1 2 1 1 1 1 2
1296025 4 1 2 1 2 1 1 1 1 2
1296593 5 2 1 1 2 1 1 1 1 2
1299161 4 8 7 10 4 10 7 5 1 4
1301945 5 1 1 1 1 1 1 1 1 2
1318169 9 10 10 10 10 5 10 10 10 4
474162 8 7 8 5 5 10 9 10 1 4
1002025 1 1 1 3 1 3 1 1 1 2
1073960 10 10 10 10 6 10 8 1 5 4
1076352 3 6 4 10 3 3 3 4 1 4
1181567 1 1 1 1 1 1 1 1 1 2
1253917 4 1 1 2 2 1 2 1 1 2
1299924 5 1 1 1 2 1 2 1 1 2
1299994 5 1 1 1 2 1 1 1 1 2
412300 10 4 5 4 3 5 7 3 1 4
769612 4 1 1 1 2 1 1 1 1 2
807657 6 1 3 2 2 1 1 1 1 2
867392 4 2 2 1 2 1 2 1 1 2
869828 1 1 1 1 1 1 3 1 1 2
1056171 2 1 1 1 2 1 2 1 1 2
1116192 5 1 2 1 2 1 3 1 1 2
1135090 4 1 1 1 2 1 2 1 1 2
1158157 5 1 1 1 2 2 2 1 1 2
1240603 2 1 1 1 1 1 1 1 1 2
1287971 3 1 1 1 2 1 2 1 1 2
1313982 4 3 1 1 2 1 4 8 1 2
1321321 5 1 1 3 2 1 1 1 1 2
1321931 5 1 1 1 2 1 2 1 1 2
1321942 5 1 1 1 2 1 3 1 1 2
1331405 4 1 1 1 2 1 3 2 1 2
1334071 4 1 1 1 2 3 2 1 1 2
1343068 8 4 4 1 6 10 2 5 2 4
1343374 10 10 8 10 6 5 10 3 1 4
324382 1 1 1 1 2 1 2 1 1 2
695091 1 1 1 1 2 1 2 1 1 2
871549 5 1 2 1 2 1 2 1 1 2
878358 5 7 10 6 5 10 7 5 1 4
1239420 1 1 1 1 2 1 1 1 1 2
1268275 9 8 8 9 6 3 4 1 1 4
1272166 5 1 1 1 2 1 1 1 1 2
1294261 4 10 8 5 4 1 10 1 1 4
1315506 4 8 6 3 4 10 7 1 1 4
1325309 4 1 2 1 2 1 2 1 1 2
352431 10 5 10 3 5 8 7 8 3 4
353098 4 1 1 2 2 1 1 1 1 2
557583 5 10 10 10 10 10 10 1 1 4
1041043 4 1 3 1 2 1 2 1 1 2
1073836 5 1 1 1 2 1 2 1 1 2
1149548 1 1 1 1 2 1 1 1 1 2
1174009 5 1 1 2 1 1 2 1 1 2
1257366 3 1 1 1 2 1 1 1 1 2
1311033 1 2 2 1 2 1 1 1 1 2
1311108 1 1 1 3 2 1 1 1 1 2
1319609 3 1 1 2 3 4 1 1 1 2
1334015 7 8 8 7 3 10 7 2 3 4
1334667 1 1 1 1 2 1 1 1 1 2
1339781 4 1 1 1 2 1 3 1 1 2
13454352 1 1 3 1 2 1 2 1 1 2
1345452 1 1 3 1 2 1 2 1 1 2
1347943 5 2 2 2 2 1 1 1 2 2
1350319 5 7 4 1 6 1 7 10 3 4
1350423 5 10 10 8 5 5 7 10 1 4
466906 1 1 1 1 2 1 1 1 1 2
566346 3 1 1 1 2 1 2 3 1 2
695091 5 10 10 5 4 5 4 4 1 4
763235 3 1 1 1 2 1 2 1 2 2
776715 3 1 1 1 3 2 1 1 1 2
841769 2 1 1 1 2 1 1 1 1 2
897471 4 8 8 5 4 5 10 4 1 4
