1017122 8 10 10 8 7 10 9 7 1 4
1018099 1 1 1 1 2 10 3 1 1 2
1018561 2 1 2 1 2 1 3 1 1 2
1056784 3 1 1 1 2 1 2 1 1 2
1066373 3 2 1 1 1 1 2 1 1 2
1072179 10 7 7 3 8 5 7 4 3 4
1074610 2 1 1 2 2 1 3 1 1 2
1079304 2 1 1 1 2 1 2 1 1 2
1081791 6 2 1 1 1 1 7 1 1 2
1100524 6 10 10 2 8 10 7 3 3 4
1105257 3 7 7 4 4 9 4 8 1 4
1108370 9 5 8 1 2 3 2 1 5 4
1113906 9 5 5 2 2 2 5 1 1 4
1116116 9 10 10 1 10 8 3 3 1 4
1116132 6 3 4 1 5 2 3 9 1 4
1126417 10 6 4 1 3 4 3 2 3 4
1143978 5 2 1 1 2 1 3 1 1 2
1148278 3 3 6 4 5 8 4 4 1 4
1168359 8 2 3 1 6 3 7 1 1 4
1168736 10 10 10 10 10 1 8 8 8 4
1169049 7 3 4 4 3 3 3 2 7 4
1170420 1 6 8 10 8 10 5 7 1 4
1171710 1 1 1 1 2 1 2 3 1 2
1171795 1 3 1 2 2 2 5 3 2 2
1173347 1 1 1 1 2 5 1 1 1 2
1174131 10 10 10 2 10 10 5 3 3 4
1177027 3 1 1 1 2 1 3 1 1 2
1177512 1 1 1 1 10 1 1 1 1 2
1178580 5 1 3 1 2 1 2 1 1 2
1181356 5 1 1 1 2 2 3 3 1 2
1183516 3 1 1 1 2 1 1 1 1 2
1185609 3 4 5 2 6 8 4 1 1 4
1185610 1 1 1 1 3 2 2 1 1 2
1189266 7 2 4 1 6 10 5 4 3 4
1189286 10 10 8 6 4 5 8 10 1 4
1190485 1 1 1 1 2 1 1 1 1 2
1192325 5 5 5 6 3 10 3 1 1 4
1193091 1 2 2 1 2 1 2 1 1 2
1193210 2 1 1 1 2 1 3 1 1 2
1197979 4 1 1 1 2 2 3 2 1 2
1198641 3 1 1 1 2 1 3 1 1 2
1199983 1 1 1 1 2 1 3 1 1 2
1200772 1 1 1 1 2 1 2 1 1 2
1200847 6 10 10 10 8 10 10 10 7 4
1201834 2 1 1 1 2 1 3 1 1 2
1201936 5 10 10 3 8 1 5 10 3 4
1206695 1 5 8 6 5 8 7 10 1 4
1207986 5 8 4 10 5 8 9 10 1 4
1212251 1 1 1 1 2 1 3 1 1 2
1213375 8 4 4 5 4 7 7 8 2 2
1213383 5 1 1 4 2 1 3 1 1 2
1218860 1 1 1 1 1 1 3 1 1 2
1219406 5 1 1 1 1 1 3 1 1 2
1219859 8 10 8 8 4 8 7 7 1 4
1221863 10 10 10 10 7 10 7 10 4 4
1223282 1 1 1 1 2 1 2 1 1 2
1223967 6 1 3 1 2 1 3 1 1 2
1227244 1 1 1 1 2 1 2 1 1 2
1231706 8 4 6 3 3 1 4 3 1 2
1232225 10 4 5 5 5 10 4 1 1 4
1241559 10 8 8 2 8 10 4 8 10 4
1241679 9 8 8 5 6 2 4 10 4 4
1242364 8 10 10 8 6 9 3 10 10 4
1285531 1 1 1 1 2 1 3 1 1 2
144888 8 10 10 8 5 10 7 8 1 4
1017023 6 3 3 5 3 10 3 5 3 2
1168736 5 6 6 2 4 10 3 6 1 4
263538 5 10 10 6 10 10 10 6 5 4
411453 5 1 1 1 2 1 3 1 1 2
431495 3 1 1 1 2 1 3 2 1 2
434518 3 1 1 1 2 1 2 1 1 2
452264 1 1 1 1 2 1 2 1 1 2
488173 1 4 3 10 4 10 5 6 1 4
535331 3 1 1 1 3 1 2 1 1 2
555977 5 6 6 8 6 10 4 10 4 4
561477 1 1 1 1 2 1 3 1 1 2
601265 10 4 4 6 2 10 2 3 1 4
606722 5 5 7 8 6 10 7 4 1 4
63375 9 1 2 6 4 10 7 7 2 4
688033 1 1 1 1 2 1 1 1 1 2
709287 6 8 7 8 6 8 8 9 1 4
730881 7 6 3 2 5 10 7 4 6 4
733823 5 4 6 10 2 10 4 1 1 4
760001 8 10 3 2 6 4 3 10 1 4
797327 6 5 5 8 4 10 3 4 1 4
798429 1 1 1 1 2 1 3 1 1 2
814911 1 1 1 1 2 1 1 1 1 2
832226 3 4 4 10 5 1 3 3 1 4
859164 5 3 3 1 3 3 3 3 3 4
866325 8 10 5 3 8 4 4 10 3 4
492561 4 3 2 1 3 1 2 1 1 2
493452 4 1 2 1 2 1 2 1 1 2
560680 3 1 2 1 2 1 2 1 1 2
654244 1 1 1 1 1 1 2 1 1 2
1114570 5 3 3 2 3 1 3 1 1 2
1114570 2 1 1 1 2 1 2 2 1 2
1151734 10 8 7 4 3 10 7 9 1 4
1206314 1 2 3 1 2 1 1 1 1 2
1223543 1 2 1 3 2 1 1 2 1 2
1237674 3 1 2 1 2 1 2 1 1 2
1238021 1 1 1 1 2 1 2 1 1 2
1238464 1 1 1 1 1 ? 2 1 1 2
1257200 10 10 10 7 10 10 8 2 1 4
1257938 3 1 1 1 2 1 1 1 1 2
1266154 8 7 8 2 4 2 5 10 1 4
1272039 1 1 1 1 2 1 2 1 1 2
1276091 5 1 1 3 4 1 3 2 1 2
1294562 10 8 10 1 3 10 5 1 1 4
558538 4 1 3 3 2 1 1 1 1 2
566509 5 1 1 1 2 1 1 1 1 2
608157 10 4 3 10 4 10 10 1 1 4
734111 1 1 1 3 2 3 1 1 1 2
734111 1 1 1 1 2 2 1 1 1 2
1201870 4 1 1 3 1 1 2 1 1 2
1227081 3 1 1 3 2 1 1 1 1 2
1246562 10 2 2 1 2 6 1 1 2 4
1259008 8 8 9 6 6 3 10 10 1 4
1266124 5 1 2 1 2 1 1 1 1 2
1268313 5 1 1 3 2 1 1 1 1 2
1268804 3 1 1 1 2 5 1 1 1 2
1293966 4 1 1 1 2 1 1 1 1 2
1296572 10 9 8 7 6 4 7 10 3 4
1181685 1 1 2 1 2 1 2 1 1 2
1257608 6 1 1 1 1 1 1 1 1 2
1277145 5 1 1 1 2 1 1 1 1 2
474162 8 7 8 5 5 10 9 10 1 4
1133991 4 1 1 1 1 1 2 1 1 2
1204558 4 1 1 1 2 1 2 1 1 2
1253917 4 1 1 2 2 1 2 1 1 2
1286943 8 10 10 10 7 5 4 8 7 4
1299924 5 1 1 1 2 1 2 1 1 2
1313325 4 10 4 7 3 10 9 10 1 4
1320077 1 1 1 1 1 1 2 1 1 2
1320304 3 1 2 2 2 1 1 1 1 2
333093 1 1 1 1 3 1 1 1 1 2
749653 3 1 1 1 2 1 2 1 1 2
1116192 5 1 2 1 2 1 3 1 1 2
1145420 6 1 1 1 2 1 2 1 1 2
1186936 2 1 3 2 2 1 2 1 1 2
1240603 3 1 1 1 1 1 1 1 1 2
1287971 3 1 1 1 2 1 2 1 1 2
1289391 1 1 1 1 2 1 3 1 1 2
1306339 4 4 2 1 2 5 2 1 2 2
1313658 3 1 1 1 2 1 1 1 1 2
1321321 5 1 1 3 2 1 1 1 1 2
1321348 2 1 1 1 2 1 2 1 1 2
1321931 5 1 1 1 2 1 2 1 1 2
690557 5 1 1 1 2 1 2 1 1 2
695091 1 1 1 1 2 1 2 1 1 2
1261751 5 1 1 1 2 1 2 2 1 2
1272166 5 1 1 1 2 1 1 1 1 2
1298484 10 3 4 5 3 10 4 1 1 4
1315506 4 8 6 3 4 10 7 1 1 4
1334659 5 2 4 1 1 1 1 1 1 2
1344449 1 1 1 1 1 1 2 1 1 2
188336 5 3 2 8 5 10 8 1 2 4
822829 8 10 10 10 6 10 10 10 10 4
1016634 2 3 1 1 2 1 2 1 1 2
1061990 4 1 1 1 2 1 2 1 1 2
1073836 5 1 1 1 2 1 2 1 1 2
1096352 6 3 3 3 3 2 6 1 1 2
1190546 2 1 1 1 2 5 1 1 1 2
1218982 4 1 1 1 2 1 1 1 1 2
1260659 3 1 4 1 2 1 1 1 1 2
1268952 10 10 7 8 7 1 10 10 3 4
1311033 1 2 2 1 2 1 1 1 1 2
1311108 1 1 1 3 2 1 1 1 1 2
1319609 3 1 1 2 3 4 1 1 1 2
1323477 1 2 1 3 2 1 2 1 1 2
1324681 4 1 1 1 2 1 2 1 1 2
13454352 1 1 3 1 2 1 2 1 1 2
1345593 3 1 1 3 2 1 2 1 1 2
1350319 5 7 4 1 6 1 7 10 3 4
1350423 5 10 10 8 5 5 7 10 1 4
1353092 3 2 1 2 2 1 3 1 1 2
1354840 5 3 2 1 3 1 1 1 1 2
1355260 1 1 1 1 2 1 2 1 1 2
1371920 5 1 1 1 2 1 3 2 1 2
654546 1 1 1 1 2 1 1 1 8 2
763235 3 1 1 1 2 1 2 1 2 2
776715 3 1 1 1 3 2 1 1 1 2
841769 2 1 1 1 2 1 1 1 1 2
