1002945 5 4 4 5 7 10 3 2 1 2
1035283 1 1 1 1 1 1 3 1 1 2
1043999 1 1 1 1 2 3 3 1 1 2
1048672 4 1 1 1 2 1 2 1 1 2
1050670 10 7 7 6 4 10 4 1 2 4
1054590 7 3 2 10 5 10 5 4 4 4
1067444 2 1 1 1 2 1 2 1 1 2
1070935 1 1 3 1 2 1 1 1 1 2
1072179 10 7 7 3 8 5 7 4 3 4
1074610 2 1 1 2 2 1 3 1 1 2
1075123 3 1 2 1 2 1 2 1 1 2
1079304 2 1 1 1 2 1 2 1 1 2
1084584 5 4 4 9 2 10 5 6 1 4
1096800 6 6 6 9 6 ? 7 8 1 2
1102573 5 6 5 6 10 1 3 1 1 4
1103608 10 10 10 4 8 1 8 10 1 4
1106829 7 8 7 2 4 8 3 8 2 4
1108370 9 5 8 1 2 3 2 1 5 4
1110503 5 5 5 8 10 8 7 3 7 4
1111249 10 6 6 3 4 5 3 6 1 4
1113906 9 5 5 2 2 2 5 1 1 4
1115282 5 3 5 5 3 3 4 10 1 4
1116116 9 10 10 1 10 8 3 3 1 4
1116192 1 1 1 1 2 1 2 1 1 2
1121732 1 1 1 1 2 1 3 2 1 2
1121919 5 1 3 1 2 1 2 1 1 2
1123061 6 10 2 8 10 2 7 8 10 4
1125035 9 4 5 10 6 10 4 8 1 4
1136142 2 1 1 1 3 1 2 1 1 2
1143978 4 1 1 2 2 1 2 1 1 2
1143978 5 2 1 1 2 1 3 1 1 2
1147044 3 1 1 1 2 2 7 1 1 2
1147699 3 5 7 8 8 9 7 10 7 4
1147748 5 10 6 1 10 4 4 10 10 4
1148873 3 6 6 6 5 10 6 8 3 4
1155546 2 1 1 2 3 1 2 1 1 2
1156272 1 1 1 1 2 1 3 1 1 2
1164066 1 1 1 1 2 1 3 1 1 2
1167471 4 1 2 1 2 1 3 1 1 2
1169049 7 3 4 4 3 3 3 2 7 4
1171710 1 1 1 1 2 1 2 3 1 2
1171845 8 6 4 3 5 9 3 1 1 4
1173235 3 3 2 1 2 3 3 1 1 2
1173347 1 1 1 1 2 5 1 1 1 2
1173509 4 5 5 10 4 10 7 5 8 4
1173514 1 1 1 1 4 3 1 1 1 2
1174131 10 10 10 2 10 10 5 3 3 4
1176406 1 1 1 1 2 1 2 1 1 2
1177027 3 1 1 1 2 1 3 1 1 2
1180194 5 10 8 10 8 10 3 6 3 4
1182410 3 1 1 1 2 1 1 1 1 2
1183246 1 1 1 1 1 ? 2 1 1 2
1183983 9 5 5 4 4 5 4 3 3 4
1184241 2 1 1 1 2 1 2 1 1 2
1185610 1 1 1 1 3 2 2 1 1 2
1189266 7 2 4 1 6 10 5 4 3 4
1189286 10 10 8 6 4 5 8 10 1 4
1196295 9 9 10 3 6 10 7 10 6 4
1198128 10 8 10 10 6 1 3 1 10 4
1199731 3 1 1 1 2 1 1 1 1 2
1202125 4 1 1 1 2 1 3 1 1 2
1205579 8 7 6 4 4 10 5 1 1 4
1206841 10 5 6 10 6 10 7 7 10 4
1207986 5 8 4 10 5 8 9 10 1 4
1210963 10 10 10 8 6 8 7 10 1 4
1211202 7 5 10 10 10 10 4 10 3 4
1212232 5 1 1 1 2 1 2 1 1 2
1212251 1 1 1 1 2 1 3 1 1 2
1212422 3 1 1 1 2 1 3 1 1 2
1216694 10 8 8 4 10 10 8 1 1 4
1217264 1 1 1 1 2 1 3 1 1 2
1220330 1 1 1 1 2 1 3 1 1 2
1222047 10 10 10 10 3 10 10 6 1 4
1223282 1 1 1 1 2 1 2 1 1 2
1226612 7 5 6 3 3 8 7 4 1 4
1227210 10 5 5 6 3 10 7 9 2 4
1231706 8 4 6 3 3 1 4 3 1 2
1236043 3 3 2 1 3 1 3 6 1 2
1241232 3 1 4 1 2 ? 3 1 1 2
1270479 5 1 3 3 2 2 2 3 1 2
1277018 2 1 1 1 2 1 3 1 1 2
128059 1 1 1 1 2 5 5 1 1 2
1285531 1 1 1 1 2 1 3 1 1 2
1287775 5 1 1 2 2 2 3 1 1 2
167528 4 1 1 1 2 1 3 6 1 2
191250 10 4 4 10 2 10 5 3 3 4
1116116 9 10 10 1 10 8 3 3 1 4
242970 5 7 7 1 5 8 3 4 1 2
385103 1 1 1 1 2 1 3 1 1 2
434518 3 1 1 1 2 1 2 1 1 2
456282 1 1 1 1 2 1 3 1 1 2
476903 10 5 7 3 3 7 3 3 8 4
488173 1 4 3 10 4 10 5 6 1 4
508234 7 4 5 10 2 10 3 8 2 4
543558 6 1 3 1 4 5 5 10 1 4
560680 1 1 1 1 2 1 1 1 1 2
563649 8 8 8 1 2 ? 6 10 1 4
606722 5 5 7 8 6 10 7 4 1 4
61634 5 4 3 1 2 ? 2 3 1 2
646904 1 1 1 1 2 1 3 1 1 2
653777 8 3 4 9 3 10 3 3 1 4
666942 1 1 1 1 2 1 3 1 1 2
667204 7 8 7 6 4 3 8 8 4 4
691628 8 6 4 10 10 1 3 5 1 4
730881 7 6 3 2 5 10 7 4 6 4
733639 3 1 1 1 2 1 3 1 1 2
743348 3 2 2 1 2 1 2 3 1 2
785208 5 4 6 6 4 10 4 3 1 4
798429 1 1 1 1 2 1 3 1 1 2
704097 1 1 1 1 1 1 2 1 1 2
822829 7 6 4 8 10 10 9 5 3 4
826923 1 1 1 1 2 1 1 1 1 2
832567 4 2 3 5 3 8 7 6 1 4
836433 5 1 1 3 2 1 1 1 1 2
850831 2 7 10 10 7 10 4 9 4 4
857774 4 1 1 1 3 1 2 2 1 2
866325 8 10 5 3 8 4 4 10 3 4
873549 10 3 5 4 3 7 3 5 3 4
160296 5 8 8 10 5 10 8 10 3 4
493452 4 1 2 1 2 1 2 1 1 2
636437 1 1 1 1 2 1 1 1 1 2
654244 1 1 1 1 1 1 2 1 1 2
1114570 5 3 3 2 3 1 3 1 1 2
1114570 2 1 1 1 2 1 2 2 1 2
1131411 1 1 1 2 2 1 2 1 1 2
1151734 10 8 7 4 3 10 7 9 1 4
1156017 3 1 1 1 2 1 2 1 1 2
1158247 1 1 1 1 1 1 1 1 1 2
1168278 3 1 1 1 2 1 2 1 1 2
1223003 5 3 3 1 2 1 2 1 1 2
1229929 1 1 1 1 2 1 2 1 1 2
1234554 1 1 1 1 2 1 2 1 1 2
1240337 5 2 2 2 2 2 3 2 2 2
1255384 3 2 2 3 2 3 3 1 1 2
1257648 4 3 3 1 2 1 3 3 1 2
1294562 10 8 10 1 3 10 5 1 1 4
1295186 10 10 10 1 6 1 2 8 1 4
780555 5 1 1 6 3 1 2 1 1 2
1049837 1 1 1 1 2 1 1 1 1 2
1246562 10 2 2 1 2 6 1 1 2 4
1267898 5 1 3 1 2 1 1 1 1 2
1268313 5 1 1 3 2 1 1 1 1 2
1299596 6 6 6 5 4 10 7 6 2 4
1269574 4 1 1 1 2 1 1 1 1 2
1296263 4 1 1 1 2 1 1 1 1 2
1302428 5 3 2 4 2 1 1 1 1 2
474162 8 7 8 5 5 10 9 10 1 4
787451 5 1 2 1 2 1 1 1 1 2
1070522 3 1 1 1 1 1 2 1 1 2
1142706 5 10 10 10 6 10 6 5 2 4
1155967 5 1 2 10 4 5 2 1 1 2
1217952 4 1 1 1 2 1 2 1 1 2
1224565 6 1 1 1 2 1 3 1 1 2
1265899 4 1 1 1 2 1 3 1 1 2
1299924 5 1 1 1 2 1 2 1 1 2
1299994 5 1 1 1 2 1 1 1 1 2
333093 1 1 1 1 3 1 1 1 1 2
369565 4 1 1 1 3 1 1 1 1 2
672113 7 5 6 10 4 10 5 3 1 4
749653 3 1 1 1 2 1 2 1 1 2
8233704 4 1 1 1 1 1 2 1 1 2
837480 7 4 4 3 4 10 6 9 1 4
1043068 3 1 1 1 2 1 2 1 1 2
1056171 2 1 1 1 2 1 2 1 1 2
1113061 5 1 1 1 2 1 3 1 1 2
1116192 5 1 2 1 2 1 3 1 1 2
1158157 5 1 1 1 2 2 2 1 1 2
1184586 4 1 1 1 2 1 2 1 1 2
1289391 1 1 1 1 2 1 3 1 1 2
1313982 4 3 1 1 2 1 4 8 1 2
1328331 1 1 1 1 2 1 3 1 1 2
1343374 10 10 8 10 6 5 10 3 1 4
142932 7 6 10 5 3 10 9 10 2 4
690557 5 1 1 1 2 1 2 1 1 2
824249 1 1 1 1 2 1 3 1 1 2
1217717 5 1 1 6 3 1 1 1 1 2
1268275 9 8 8 9 6 3 4 1 1 4
1350568 4 1 1 1 2 1 2 1 1 2
352431 10 5 10 3 5 8 7 8 3 4
557583 5 10 10 10 10 10 10 1 1 4
1042252 3 1 1 1 2 1 2 1 1 2
1061990 4 1 1 1 2 1 2 1 1 2
1149548 1 1 1 1 2 1 1 1 1 2
1257366 3 1 1 1 2 1 1 1 1 2
1277792 5 1 1 3 2 1 1 1 1 2
1288608 3 1 1 1 2 1 2 1 1 2
1299596 2 1 1 1 2 1 1 1 1 2
1303489 3 1 1 1 2 1 2 1 1 2
1318671 3 1 1 1 2 1 2 1 1 2
1323477 1 2 1 3 2 1 2 1 1 2
1334667 1 1 1 1 2 1 1 1 1 2
1352848 3 10 7 8 5 8 7 4 1 4
1355260 1 1 1 1 2 1 2 1 1 2
1368882 2 1 1 1 2 1 1 1 1 2
566346 3 1 1 1 2 1 2 3 1 2
603148 4 1 1 1 2 1 1 1 1 2
654546 1 1 1 1 2 1 1 1 8 2
841769 2 1 1 1 2 1 1 1 1 2
888820 5 10 10 3 7 3 8 10 2 4
