1000025 5 1 1 1 2 1 3 1 1 2
1002945 5 4 4 5 7 10 3 2 1 2
1017023 4 1 1 3 2 1 3 1 1 2
1033078 4 2 1 1 2 1 2 1 1 2
1036172 2 1 1 1 2 1 2 1 1 2
1044572 8 7 5 10 7 9 5 5 4 4
1065726 5 2 3 4 2 7 3 6 1 4
1066373 3 2 1 1 1 1 2 1 1 2
1067444 2 1 1 1 2 1 2 1 1 2
1070935 1 1 3 1 2 1 1 1 1 2
1070935 3 1 1 1 1 1 2 1 1 2
1080185 10 10 10 8 6 1 8 9 1 4
1081791 6 2 1 1 1 1 7 1 1 2
1091262 2 5 3 3 6 7 7 5 1 4
1100524 6 10 10 2 8 10 7 3 3 4
1103722 1 1 1 1 2 1 2 1 2 2
1108370 9 5 8 1 2 3 2 1 5 4
1108449 5 3 3 4 2 4 3 4 1 4
1111249 10 6 6 3 4 5 3 6 1 4
1116116 9 10 10 1 10 8 3 3 1 4
1121919 5 1 3 1 2 1 2 1 1 2
1125035 9 4 5 10 6 10 4 8 1 4
1133041 5 3 1 2 2 1 2 1 1 2
1133136 3 1 1 1 2 3 3 1 1 2
1143978 4 1 1 2 2 1 2 1 1 2
1143978 5 2 1 1 2 1 3 1 1 2
1148278 3 3 6 4 5 8 4 4 1 4
1148873 3 6 6 6 5 10 6 8 3 4
1156948 3 1 1 2 2 1 1 1 1 2
1167471 4 1 2 1 2 1 3 1 1 2
1168359 8 2 3 1 6 3 7 1 1 4
1168736 10 10 10 10 10 1 8 8 8 4
1171795 1 3 1 2 2 2 5 3 2 2
1172152 10 3 3 10 2 10 7 3 3 4
1173216 10 10 10 3 10 8 8 1 1 4
1173347 8 3 3 1 2 2 3 2 1 2
1173509 4 5 5 10 4 10 7 5 8 4
1173514 1 1 1 1 4 3 1 1 1 2
1174057 4 2 1 1 2 2 3 1 1 2
1174131 10 10 10 2 10 10 5 3 3 4
1180194 5 10 8 10 8 10 3 6 3 4
1184184 1 1 1 1 2 5 1 1 1 2
1184840 1 1 3 1 2 ? 2 1 1 2
1187805 8 8 7 4 10 10 7 8 7 4
1188472 1 1 1 1 1 1 3 1 1 2
1189266 7 2 4 1 6 10 5 4 3 4
1192325 5 5 5 6 3 10 3 1 1 4
1193091 1 2 2 1 2 1 2 1 1 2
1197440 1 1 1 2 1 3 1 1 7 2
1197510 5 1 1 1 2 ? 3 1 1 2
1197993 5 6 7 8 8 10 3 10 3 4
1205138 5 8 8 8 5 10 7 8 1 4
1205579 8 7 6 4 4 10 5 1 1 4
1206089 2 1 1 1 1 1 3 1 1 2
1206841 10 5 6 10 6 10 7 7 10 4
1213375 8 4 4 5 4 7 7 8 2 2
1214966 9 7 7 5 5 10 7 8 3 4
1218105 5 10 10 9 6 10 7 10 5 4
1219406 5 1 1 1 1 1 3 1 1 2
1219859 8 10 8 8 4 8 7 7 1 4
1220330 1 1 1 1 2 1 3 1 1 2
1222047 10 10 10 10 3 10 10 6 1 4
1222936 8 7 8 7 5 5 5 10 2 4
1223967 6 1 3 1 2 1 3 1 1 2
1226012 4 1 1 3 1 5 2 1 1 4
1227210 10 5 5 6 3 10 7 9 2 4
1227244 1 1 1 1 2 1 2 1 1 2
1227481 10 5 7 4 4 10 8 9 1 4
1228311 1 1 1 1 1 1 3 1 1 2
1230688 7 4 7 4 3 7 7 6 1 4
1231706 8 4 6 3 3 1 4 3 1 2
1236043 3 3 2 1 3 1 3 6 1 2
1241679 9 8 8 5 6 2 4 10 4 4
1242364 8 10 10 8 6 9 3 10 10 4
1276091 3 1 1 3 1 1 3 1 1 2
128059 1 1 1 1 2 5 5 1 1 2
1285531 1 1 1 1 2 1 3 1 1 2
1116116 9 10 10 1 10 8 3 3 1 4
1182404 3 1 1 1 2 1 1 1 1 2
1182404 3 1 1 1 2 1 2 1 1 2
314428 7 9 4 10 10 3 5 3 3 4
1198641 10 10 6 3 3 10 4 3 2 4
324427 10 8 8 2 3 4 8 7 8 4
390840 8 4 7 1 3 10 3 9 2 4
411453 5 1 1 1 2 1 3 1 1 2
431495 3 1 1 1 2 1 3 2 1 2
456282 1 1 1 1 2 1 3 1 1 2
488173 1 4 3 10 4 10 5 6 1 4
527363 8 10 10 10 8 10 10 7 3 4
529329 10 10 10 10 10 10 4 10 10 4
555977 5 6 6 8 6 10 4 10 4 4
616240 5 3 4 3 4 5 4 7 1 2
63375 9 1 2 6 4 10 7 7 2 4
640744 10 10 10 7 9 10 7 10 10 4
704097 1 1 1 1 1 1 2 1 1 2
709287 6 8 7 8 6 8 8 9 1 4
733639 3 1 1 1 2 1 3 1 1 2
752904 10 1 1 1 2 10 5 4 1 4
760239 10 4 6 4 5 10 7 1 1 4
764974 5 1 1 1 2 1 3 1 2 2
785615 8 6 7 3 3 10 3 4 2 4
797327 6 5 5 8 4 10 3 4 1 4
806423 8 5 5 5 2 10 4 3 1 4
809912 10 3 3 1 2 10 7 6 1 4
822829 7 6 4 8 10 10 9 5 3 4
830690 5 2 2 2 3 1 1 3 1 2
836433 5 1 1 3 2 1 1 1 1 2
846832 3 4 5 3 7 3 4 6 1 2
857774 4 1 1 1 3 1 2 2 1 2
859164 5 3 3 1 3 3 3 3 3 4
866325 8 10 5 3 8 4 4 10 3 4
873549 10 3 5 4 3 7 3 5 3 4
896404 2 1 1 1 2 1 3 1 1 2
160296 5 8 8 10 5 10 8 10 3 4
428598 1 1 3 1 1 1 2 1 1 2
493452 1 1 3 1 2 1 1 1 1 2
636437 1 1 1 1 2 1 1 1 1 2
657753 3 1 1 4 3 1 2 2 1 2
846423 10 6 3 6 4 10 7 8 4 4
1002504 3 2 2 2 2 1 3 2 1 2
1080233 7 6 6 3 2 10 7 1 1 4
1114570 2 1 1 1 2 1 2 2 1 2
1176187 3 1 1 1 2 1 3 1 1 2
1196263 4 1 1 1 2 1 1 1 1 2
1223543 1 2 1 3 2 1 1 2 1 2
1238633 10 10 10 6 8 4 8 5 1 4
1238915 5 1 2 1 2 1 3 1 1 2
1239347 8 7 8 5 10 10 7 2 1 4
1255384 3 2 2 3 2 3 3 1 1 2
1257200 10 10 10 7 10 10 8 2 1 4
1258549 9 10 10 10 10 10 10 10 1 4
1258556 5 3 6 1 2 1 1 1 1 2
1294562 10 8 10 1 3 10 5 1 1 4
566509 5 1 1 1 2 1 1 1 1 2
734111 1 1 1 3 2 3 1 1 1 2
734111 1 1 1 1 2 2 1 1 1 2
1049837 1 1 1 1 2 1 1 1 1 2
1058849 5 1 1 1 2 1 1 1 1 2
1193544 5 7 9 8 6 10 8 10 1 4
1246562 10 2 2 1 2 6 1 1 2 4
1293966 4 1 1 1 2 1 1 1 1 2
1298416 10 6 6 2 4 10 9 7 1 4
1299596 6 6 6 5 4 10 7 6 2 4
1238777 6 1 1 3 2 1 1 1 1 2
1269574 4 1 1 1 2 1 1 1 1 2
1296593 5 2 1 1 2 1 1 1 1 2
1299161 4 8 7 10 4 10 7 5 1 4
1302428 5 3 2 4 2 1 1 1 1 2
1002025 1 1 1 3 1 3 1 1 1 2
1142706 5 10 10 10 6 10 6 5 2 4
1155967 5 1 2 10 4 5 2 1 1 2
1181567 1 1 1 1 1 1 1 1 1 2
1182404 4 2 1 1 2 1 1 1 1 2
1268766 1 1 1 1 2 1 1 1 1 2
1297327 5 1 1 1 2 1 1 1 1 2
1304595 3 1 1 1 1 1 2 1 1 2
1306282 6 6 7 10 3 10 8 10 2 4
1320304 3 1 2 2 2 1 1 1 1 2
749653 3 1 1 1 2 1 2 1 1 2
807657 6 1 3 2 2 1 1 1 1 2
869828 1 1 1 1 1 1 3 1 1 2
1043068 3 1 1 1 2 1 2 1 1 2
1061990 1 1 3 2 2 1 3 1 1 2
1113061 5 1 1 1 2 1 3 1 1 2
1145420 6 1 1 1 2 1 2 1 1 2
1158157 5 1 1 1 2 2 2 1 1 2
1197527 5 1 1 1 2 1 2 1 1 2
1222464 6 10 10 10 4 10 7 10 1 4
1241035 7 8 3 7 4 5 7 8 2 4
1306339 4 4 2 1 2 5 2 1 2 2
1334071 4 1 1 1 2 3 2 1 1 2
324382 1 1 1 1 2 1 2 1 1 2
378275 10 9 7 3 4 2 7 7 1 4
385103 5 1 2 1 2 1 3 1 1 2
695091 1 1 1 1 2 1 2 1 1 2
1115762 3 1 1 1 2 1 1 1 1 2
1239420 1 1 1 1 2 1 1 1 1 2
1272166 5 1 1 1 2 1 1 1 1 2
1295529 2 5 7 6 4 10 7 6 1 4
1325309 4 1 2 1 2 1 2 1 1 2
1333063 5 1 3 1 2 1 3 1 1 2
188336 5 3 2 8 5 10 8 1 2 4
557583 5 10 10 10 10 10 10 1 1 4
1016634 2 3 1 1 2 1 2 1 1 2
1041043 4 1 3 1 2 1 2 1 1 2
1083817 3 1 1 1 2 1 2 1 1 2
1149548 1 1 1 1 2 1 1 1 1 2
1174009 5 1 1 2 1 1 2 1 1 2
1190546 2 1 1 1 2 5 1 1 1 2
1213273 2 1 1 1 2 1 1 1 1 2
1225382 6 2 3 1 2 1 1 1 1 2
1235807 5 1 1 1 2 1 2 1 1 2
1285722 4 1 1 3 2 1 1 1 1 2
1290203 3 1 1 1 2 1 2 1 1 2
1294413 1 1 1 1 2 1 1 1 1 2
1311033 1 2 2 1 2 1 1 1 1 2
1315807 5 10 10 10 10 2 10 10 10 4
1323477 1 2 1 3 2 1 2 1 1 2
1325159 3 1 1 1 2 1 3 1 1 2
1339781 1 1 1 1 2 1 2 1 1 2
1347943 5 2 2 2 2 1 1 1 2 2
1350423 5 10 10 8 5 5 7 10 1 4
1354840 2 1 1 1 2 1 3 1 1 2
1368273 1 1 1 1 2 1 1 1 1 2
466906 1 1 1 1 2 1 1 1 1 2
534555 1 1 1 1 2 1 1 1 1 2
566346 3 1 1 1 2 1 2 3 1 2
