0.367089
0.323077
0.380282
0.31746
0.418919
0.363636
0.309859
0.385714
0.3125
0.279412
0.333333
0.295775
0.43662
0.302632
0.383562
0.430556
0.387097
0.39726
0.328571
0.385714
0.242857
0.266667
0.447368
0.311688
0.297297
0.315068
0.285714
0.4125
0.275362
0.285714
0.28
0.315789
0.367647
0.287671
0.302632
0.3375
0.294118
0.381579
0.225352
0.184211
0.350649
0.364865
0.319444
0.363636
0.347222
0.342857
0.205479
0.175676
0.333333
0.341772
0.4125
0.416667
0.4
0.279412
0.338028
0.289855
0.279412
0.397436
0.28
0.342105
0.367089
0.257576
0.324324
0.426667
0.285714
0.315789
0.402597
0.397059
0.287671
0.36
0.369048
0.369863
0.351351
0.3125
0.359375
0.346154
0.333333
0.253333
0.278481
0.295775
0.283951
0.202899
0.24
0.369863
0.3375
0.394366
0.355263
0.324324
0.298701
0.348485
0.415584
0.4
0.375
0.314286
0.155844
0.315068
0.314286
0.342105
0.363636
0.342466
