1626978952 
1626978962 
1626978972 
1626978982 
1626978992 
1626979002 
1626979012 
1626979022 
1626979032 
1626979042 
1626979052 
1626979062 
1626979072 
1626979082 
1626979092 
1626979102 
1626979112 
1626979122 
1626979132 
1626979142 
1626979152 
1626979162 
1626979172 
1626979182 
1626979192 
1626979202 
1626979212 
1626979222 
1626979232 
1626979242 
1626979252 
1626979262 
1626979272 
1626979282 
1626979292 
1626979302 
1626979312 
1626979322 
1626979332 
1626979342 
1626979352 
1626979362 
1626979372 
1626979382 
1626979392 
1626979402 
1626979412 
1626979422 
1626979432 
1626979442 
1626979452 
1626979462 
1626979472 
1626979482 
1626979492 
1626979502 
1626979512 
1626979522 
1626979532 
1626979542 
1626979552 
1626979562 
1626979572 
1626979582 
1626979592 
1626979602 
1626979612 
1626979622 
1626979632 
1626979642 
1626979652 
1626979662 
1626979672 
1626979682 
1626979692 
1626979702 
1626979712 
1626979722 
1626979732 
1626979742 
1626979752 
1626979762 
1626979772 
1626979782 
1626979792 
1626979802 
1626979812 
1626979822 
1626979832 
1626979842 
1626979852 
1626979862 
1626979872 
1626979882 
1626979892 
1626979902 
1626979912 
1626979922 
1626979932 
1626979942 
