0.323529
0.270677
0.303279
0.267241
0.267176
0.242424
0.272
0.333333
0.33871
0.224638
0.315385
0
0.379032
0.223881
0.31746
0.321739
0.336283
0.347107
0.317073
0.294574
0.468254
0.257812
0.361538
0.283465
0.347458
0.295082
0.277778
0.226277
0.265152
0.346154
0.289256
0.233577
0.296875
0.293651
0.298387
0.344
0.315385
0.235294
0.292683
0.344262
0.338583
0.286822
0.336
0.338983
0.307087
0.328244
0.353383
0.265152
0.222222
0.214286
0.222222
0.29771
0.28
0.349206
0.384615
0.307087
0.22963
0.344538
0.310078
0.338583
0.34375
0.313869
0.317073
0.322314
0.320611
0.316176
0.338983
0.244444
0.322835
0.352
0.312977
0.31405
0.276923
0.363636
0.282443
0.358779
0.312
0.31405
0.336
0.322314
0.314516
0.305344
0.310078
0.330508
0.31746
0
0.344
0.639344
0.267717
0.338983
0.316667
0.366667
0.342657
0.319328
0.301587
0.354331
0.34375
0.290598
0.305344
0.315385
