1016277 6 8 8 1 3 4 3 7 1 2
1017122 8 10 10 8 7 10 9 7 1 4
1018561 2 1 2 1 2 1 3 1 1 2
1035283 1 1 1 1 1 1 3 1 1 2
1054590 7 3 2 10 5 10 5 4 4 4
1059552 1 1 1 1 2 1 3 1 1 2
1065726 5 2 3 4 2 7 3 6 1 4
1070935 1 1 3 1 2 1 1 1 1 2
1074610 2 1 1 2 2 1 3 1 1 2
1075123 3 1 2 1 2 1 2 1 1 2
1091262 2 5 3 3 6 7 7 5 1 4
1096800 6 6 6 9 6 ? 7 8 1 2
1100524 6 10 10 2 8 10 7 3 3 4
1103722 1 1 1 1 2 1 2 1 2 2
1106095 4 1 1 3 2 1 3 1 1 2
1106829 7 8 7 2 4 8 3 8 2 4
1112209 8 10 10 1 3 6 3 9 1 4
1115293 1 1 1 1 2 2 2 1 1 2
1117152 4 1 1 1 2 1 3 1 1 2
1120559 8 3 8 3 4 9 8 9 8 4
1121732 1 1 1 1 2 1 3 2 1 2
1155546 2 1 1 2 3 1 2 1 1 2
1157734 4 1 1 1 2 1 3 1 1 2
1166654 10 3 5 1 10 5 3 10 2 4
1167439 2 3 4 4 2 5 2 5 1 4
1168359 8 2 3 1 6 3 7 1 1 4
1168736 10 10 10 10 10 1 8 8 8 4
1169049 7 3 4 4 3 3 3 2 7 4
1170419 10 10 10 8 2 10 4 1 1 4
1170420 1 6 8 10 8 10 5 7 1 4
1171795 1 3 1 2 2 2 5 3 2 2
1173509 4 5 5 10 4 10 7 5 8 4
1173681 3 2 1 1 2 2 3 1 1 2
1177512 1 1 1 1 10 1 1 1 1 2
1180194 5 10 8 10 8 10 3 6 3 4
1180831 3 1 1 1 3 1 2 1 1 2
1181356 5 1 1 1 2 2 3 3 1 2
1182410 3 1 1 1 2 1 1 1 1 2
1183240 4 1 2 1 2 1 2 1 1 2
1183246 1 1 1 1 1 ? 2 1 1 2
1183983 9 5 5 4 4 5 4 3 3 4
1184184 1 1 1 1 2 5 1 1 1 2
1189286 10 10 8 6 4 5 8 10 1 4
1193091 1 2 2 1 2 1 2 1 1 2
1193683 1 1 2 1 3 ? 1 1 1 2
1196915 10 7 7 4 5 10 5 7 2 4
1197440 1 1 1 2 1 3 1 1 7 2
1202812 5 3 3 3 6 10 3 1 1 4
1207986 5 8 4 10 5 8 9 10 1 4
1212232 5 1 1 1 2 1 2 1 1 2
1216947 1 1 1 1 2 1 3 1 1 2
1219525 8 10 10 10 5 10 8 10 6 4
1221863 10 10 10 10 7 10 7 10 4 4
1222936 8 7 8 7 5 5 5 10 2 4
1223282 1 1 1 1 2 1 2 1 1 2
1223426 1 1 1 1 2 1 3 1 1 2
1223793 6 10 7 7 6 4 8 10 2 4
1224329 1 1 1 2 2 1 3 1 1 2
1226012 4 1 1 3 1 5 2 1 1 4
1231387 6 8 7 5 6 8 8 9 2 4
1231706 8 4 6 3 3 1 4 3 1 2
1236043 3 3 2 1 3 1 3 6 1 2
1241232 3 1 4 1 2 ? 3 1 1 2
1241559 10 8 8 2 8 10 4 8 10 4
1241679 9 8 8 5 6 2 4 10 4 4
1243256 10 4 3 2 3 10 5 3 2 4
1285531 1 1 1 1 2 1 3 1 1 2
1287775 5 1 1 2 2 2 3 1 1 2
242970 5 7 7 1 5 8 3 4 1 2
255644 10 5 8 10 3 10 5 1 3 4
263538 5 10 10 6 10 10 10 6 5 4
274137 8 8 9 4 5 10 7 8 1 4
1198641 10 10 6 3 3 10 4 3 2 4
320675 3 3 5 2 3 10 7 1 1 4
324427 10 8 8 2 3 4 8 7 8 4
434518 3 1 1 1 2 1 2 1 1 2
486662 2 1 1 2 2 1 3 1 1 2
543558 6 1 3 1 4 5 5 10 1 4
606140 1 1 1 1 2 ? 2 1 1 2
606722 5 5 7 8 6 10 7 4 1 4
616240 5 3 4 3 4 5 4 7 1 2
636130 1 1 1 1 2 1 3 1 1 2
640744 10 10 10 7 9 10 7 10 10 4
709287 6 8 7 8 6 8 8 9 1 4
721482 4 4 4 4 6 5 7 3 1 2
733823 5 4 6 10 2 10 4 1 1 4
743348 3 2 2 1 2 1 2 3 1 2
752904 10 1 1 1 2 10 5 4 1 4
760001 8 10 3 2 6 4 3 10 1 4
760239 10 4 6 4 5 10 7 1 1 4
797327 6 5 5 8 4 10 3 4 1 4
806423 8 5 5 5 2 10 4 3 1 4
810104 1 1 1 1 2 1 3 1 1 2
826923 1 1 1 1 2 1 1 1 1 2
857774 4 1 1 1 3 1 2 2 1 2
859164 5 3 3 1 3 3 3 3 3 4
866325 8 10 5 3 8 4 4 10 3 4
877291 6 10 10 10 10 10 8 10 10 4
877943 3 10 3 10 6 10 5 1 4 4
888169 3 2 2 1 4 3 2 1 1 2
888523 4 4 4 2 2 3 2 1 1 2
160296 5 8 8 10 5 10 8 10 3 4
342245 1 1 3 1 2 1 1 1 1 2
428598 1 1 3 1 1 1 2 1 1 2
493452 1 1 3 1 2 1 1 1 1 2
493452 4 1 2 1 2 1 2 1 1 2
636437 1 1 1 1 2 1 1 1 1 2
654244 1 1 1 1 1 1 2 1 1 2
805448 1 1 1 1 2 1 1 1 1 2
1026122 2 1 1 1 2 1 1 1 1 2
1080233 7 6 6 3 2 10 7 1 1 4
1114570 2 1 1 1 2 1 2 2 1 2
1151734 10 8 7 4 3 10 7 9 1 4
1156017 3 1 1 1 2 1 2 1 1 2
1158247 1 1 1 1 1 1 1 1 1 2
1213784 3 1 1 1 2 1 1 1 1 2
1223003 5 3 3 1 2 1 2 1 1 2
1223306 3 1 1 1 2 4 1 1 1 2
1223543 1 2 1 3 2 1 1 2 1 2
1237674 3 1 2 1 2 1 2 1 1 2
1238633 10 10 10 6 8 4 8 5 1 4
1239232 3 3 2 6 3 3 3 5 1 2
1239347 8 7 8 5 10 10 7 2 1 4
1255384 3 2 2 3 2 3 3 1 1 2
1257200 10 10 10 7 10 10 8 2 1 4
1257648 4 3 3 1 2 1 3 3 1 2
1258549 9 10 10 10 10 10 10 10 1 4
1276091 1 3 1 1 2 1 2 2 1 2
1293439 3 2 2 3 2 1 1 1 1 2
1293439 6 9 7 5 5 8 4 2 1 2
1295186 10 10 10 1 6 1 2 8 1 4
558538 4 1 3 3 2 1 1 1 1 2
677910 5 2 2 4 2 4 1 1 1 2
1049837 1 1 1 1 2 1 1 1 1 2
1182404 1 1 1 1 1 1 1 1 1 2
1202253 5 1 1 1 2 1 1 1 1 2
1227081 3 1 1 3 2 1 1 1 1 2
1230994 4 5 5 8 6 10 10 7 1 4
1246562 10 2 2 1 2 6 1 1 2 4
1257470 10 6 5 8 5 10 8 6 1 4
1259008 8 8 9 6 6 3 10 10 1 4
1267898 5 1 3 1 2 1 1 1 1 2
1293966 4 1 1 1 2 1 1 1 1 2
1181685 1 1 2 1 2 1 2 1 1 2
1211594 3 1 1 1 1 1 2 1 1 2
1277145 5 1 1 1 2 1 1 1 1 2
1296025 4 1 2 1 2 1 1 1 1 2
1296263 4 1 1 1 2 1 1 1 1 2
1299161 4 8 7 10 4 10 7 5 1 4
787451 5 1 2 1 2 1 1 1 1 2
1076352 3 6 4 10 3 3 3 4 1 4
1133991 4 1 1 1 1 1 2 1 1 2
1238186 4 1 1 1 2 1 2 1 1 2
1286943 8 10 10 10 7 5 4 8 7 4
1298360 1 1 1 1 2 1 1 1 1 2
1299924 5 1 1 1 2 1 2 1 1 2
1330439 4 7 8 3 4 10 9 1 1 4
369565 4 1 1 1 3 1 1 1 1 2
798429 4 1 1 1 2 1 3 1 1 2
807657 6 1 3 2 2 1 1 1 1 2
1113061 5 1 1 1 2 1 3 1 1 2
1135090 4 1 1 1 2 1 2 1 1 2
1158157 5 1 1 1 2 2 2 1 1 2
1186936 2 1 3 2 2 1 2 1 1 2
1241035 7 8 3 7 4 5 7 8 2 4
1313982 4 3 1 1 2 1 4 8 1 2
1321348 2 1 1 1 2 1 2 1 1 2
1321942 5 1 1 1 2 1 3 1 1 2
1331405 4 1 1 1 2 1 3 2 1 2
1333104 3 1 2 1 2 1 3 1 1 2
1343374 10 10 8 10 6 5 10 3 1 4
183936 3 1 1 1 2 1 2 1 1 2
378275 10 9 7 3 4 2 7 7 1 4
385103 5 1 2 1 2 1 3 1 1 2
690557 5 1 1 1 2 1 2 1 1 2
695091 1 1 1 1 2 1 2 1 1 2
824249 1 1 1 1 2 1 3 1 1 2
1107684 6 10 5 5 4 10 6 10 1 4
1217717 5 1 1 6 3 1 1 1 1 2
1239420 1 1 1 1 2 1 1 1 1 2
1254538 8 10 10 10 6 10 10 10 1 4
1350568 4 1 1 1 2 1 2 1 1 2
188336 5 3 2 8 5 10 8 1 2 4
352431 10 5 10 3 5 8 7 8 3 4
803531 5 10 10 10 5 2 8 5 1 4
1016634 2 3 1 1 2 1 2 1 1 2
1042252 3 1 1 1 2 1 2 1 1 2
1083817 3 1 1 1 2 1 2 1 1 2
1213273 2 1 1 1 2 1 1 1 1 2
1225382 6 2 3 1 2 1 1 1 1 2
1235807 5 1 1 1 2 1 2 1 1 2
1253955 8 7 4 4 5 3 5 10 1 4
1257366 3 1 1 1 2 1 1 1 1 2
1277792 4 1 1 1 2 1 1 1 1 2
1288608 3 1 1 1 2 1 2 1 1 2
1290203 3 1 1 1 2 1 2 1 1 2
1294413 1 1 1 1 2 1 1 1 1 2
1315807 5 10 10 10 10 2 10 10 10 4
1319609 3 1 1 2 3 4 1 1 1 2
1324681 4 1 1 1 2 1 2 1 1 2
1326892 3 1 1 1 2 1 2 1 1 2
1334015 7 8 8 7 3 10 7 2 3 4
1339781 1 1 1 1 2 1 2 1 1 2
1339781 4 1 1 1 2 1 3 1 1 2
1348851 3 1 1 1 2 1 3 1 1 2
1350319 5 7 4 1 6 1 7 10 3 4
1350423 5 10 10 8 5 5 7 10 1 4
1355260 1 1 1 1 2 1 2 1 1 2
1365075 4 1 4 1 2 1 1 1 1 2
1365328 1 1 2 1 2 1 2 1 1 2
1368882 2 1 1 1 2 1 1 1 1 2
1371920 5 1 1 1 2 1 3 2 1 2
534555 1 1 1 1 2 1 1 1 1 2
536708 1 1 1 1 2 1 1 1 1 2
695091 5 10 10 5 4 5 4 4 1 4
897471 4 8 6 4 3 4 10 6 1 4
897471 4 8 8 5 4 5 10 4 1 4
