1015425 3 1 1 1 2 2 3 1 1 2
1018099 1 1 1 1 2 10 3 1 1 2
1018561 2 1 2 1 2 1 3 1 1 2
1043999 1 1 1 1 2 3 3 1 1 2
1067444 2 1 1 1 2 1 2 1 1 2
1070935 1 1 3 1 2 1 1 1 1 2
1071760 2 1 1 1 2 1 3 1 1 2
1072179 10 7 7 3 8 5 7 4 3 4
1080185 10 10 10 8 6 1 8 9 1 4
1081791 6 2 1 1 1 1 7 1 1 2
1084584 5 4 4 9 2 10 5 6 1 4
1096800 6 6 6 9 6 ? 7 8 1 2
1102573 5 6 5 6 10 1 3 1 1 4
1103608 10 10 10 4 8 1 8 10 1 4
1105257 3 7 7 4 4 9 4 8 1 4
1105524 1 1 1 1 2 1 2 1 1 2
1121732 1 1 1 1 2 1 3 2 1 2
1124651 1 3 3 2 2 1 7 2 1 2
1131294 1 1 2 1 2 2 4 2 1 2
1143978 5 2 1 1 2 1 3 1 1 2
1147748 5 10 6 1 10 4 4 10 10 4
1148278 3 3 6 4 5 8 4 4 1 4
1148873 3 6 6 6 5 10 6 8 3 4
1155546 2 1 1 2 3 1 2 1 1 2
1166630 7 5 6 10 5 10 7 9 4 4
1166654 10 3 5 1 10 5 3 10 2 4
1167439 2 3 4 4 2 5 2 5 1 4
1168359 8 2 3 1 6 3 7 1 1 4
1168736 10 10 10 10 10 1 8 8 8 4
1169049 7 3 4 4 3 3 3 2 7 4
1170419 10 10 10 8 2 10 4 1 1 4
1170420 1 6 8 10 8 10 5 7 1 4
1171710 1 1 1 1 2 1 2 3 1 2
1171845 8 6 4 3 5 9 3 1 1 4
1173216 10 10 10 3 10 8 8 1 1 4
1174057 4 2 1 1 2 2 3 1 1 2
1174428 5 3 5 1 8 10 5 3 1 4
1176406 1 1 1 1 2 1 2 1 1 2
1180523 3 1 1 1 2 1 2 2 1 2
1180831 3 1 1 1 3 1 2 1 1 2
1181356 5 1 1 1 2 2 3 3 1 2
1182404 4 1 1 1 2 1 2 1 1 2
1183246 1 1 1 1 1 ? 2 1 1 2
1183983 9 5 5 4 4 5 4 3 3 4
1184241 2 1 1 1 2 1 2 1 1 2
1184840 1 1 3 1 2 ? 2 1 1 2
1187805 8 8 7 4 10 10 7 8 7 4
1193210 2 1 1 1 2 1 3 1 1 2
1196295 9 9 10 3 6 10 7 10 6 4
1196915 10 7 7 4 5 10 5 7 2 4
1197440 1 1 1 2 1 3 1 1 7 2
1200847 6 10 10 10 8 10 10 10 7 4
1200892 8 6 5 4 3 10 6 1 1 4
1201834 2 1 1 1 2 1 3 1 1 2
1201936 5 10 10 3 8 1 5 10 3 4
1204898 6 1 1 1 2 1 3 1 1 2
1211202 7 5 10 10 10 10 4 10 3 4
1212232 5 1 1 1 2 1 2 1 1 2
1212422 3 1 1 1 2 1 3 1 1 2
1214966 9 7 7 5 5 10 7 8 3 4
1216694 10 8 8 4 10 10 8 1 1 4
1218105 5 10 10 9 6 10 7 10 5 4
1218741 10 10 9 3 7 5 3 5 1 4
1219406 5 1 1 1 1 1 3 1 1 2
1223282 1 1 1 1 2 1 2 1 1 2
1223793 6 10 7 7 6 4 8 10 2 4
1223967 6 1 3 1 2 1 3 1 1 2
1228152 8 9 9 5 3 5 7 7 1 4
1241559 10 8 8 2 8 10 4 8 10 4
1241679 9 8 8 5 6 2 4 10 4 4
1243256 10 4 3 2 3 10 5 3 2 4
1276091 3 1 1 3 1 1 3 1 1 2
1277018 2 1 1 1 2 1 3 1 1 2
128059 1 1 1 1 2 5 5 1 1 2
1287775 5 1 1 2 2 2 3 1 1 2
167528 4 1 1 1 2 1 3 6 1 2
183913 1 2 2 1 2 1 1 1 1 2
242970 5 7 7 1 5 8 3 4 1 2
263538 5 10 10 6 10 10 10 6 5 4
274137 8 8 9 4 5 10 7 8 1 4
303213 10 4 4 10 6 10 5 5 1 4
1182404 5 1 4 1 2 1 3 2 1 2
324427 10 8 8 2 3 4 8 7 8 4
428903 7 2 4 1 3 4 3 3 1 4
431495 3 1 1 1 2 1 3 2 1 2
432809 3 1 3 1 2 ? 2 1 1 2
486662 2 1 1 2 2 1 3 1 1 2
492268 10 4 6 1 2 10 5 3 1 4
508234 7 4 5 10 2 10 3 8 2 4
527363 8 10 10 10 8 10 10 7 3 4
555977 5 6 6 8 6 10 4 10 4 4
561477 1 1 1 1 2 1 3 1 1 2
601265 10 4 4 6 2 10 2 3 1 4
606140 1 1 1 1 2 ? 2 1 1 2
636130 1 1 1 1 2 1 3 1 1 2
646904 1 1 1 1 2 1 3 1 1 2
653777 8 3 4 9 3 10 3 3 1 4
666942 1 1 1 1 2 1 3 1 1 2
673637 3 1 1 1 2 5 5 1 1 2
704097 1 1 1 1 1 1 2 1 1 2
704168 4 6 5 6 7 ? 4 9 1 2
730881 7 6 3 2 5 10 7 4 6 4
733639 3 1 1 1 2 ? 3 1 1 2
752904 10 1 1 1 2 10 5 4 1 4
760001 8 10 3 2 6 4 3 10 1 4
76389 10 4 7 2 2 8 6 1 1 4
770066 5 2 2 2 2 1 2 2 1 2
830690 5 2 2 2 3 1 1 3 1 2
832226 3 4 4 10 5 1 3 3 1 4
837082 2 1 1 1 2 1 3 1 1 2
859164 5 3 3 1 3 3 3 3 3 4
877291 6 10 10 10 10 10 8 10 10 4
896404 2 1 1 1 2 1 3 1 1 2
428598 1 1 3 1 1 1 2 1 1 2
640712 1 1 1 1 2 1 2 1 1 2
654244 1 1 1 1 1 1 2 1 1 2
657753 3 1 1 4 3 1 2 2 1 2
805448 1 1 1 1 2 1 1 1 1 2
1002504 3 2 2 2 2 1 3 2 1 2
1114570 2 1 1 1 2 1 2 2 1 2
1131411 1 1 1 2 2 1 2 1 1 2
1156017 3 1 1 1 2 1 2 1 1 2
1176187 3 1 1 1 2 1 3 1 1 2
1196263 4 1 1 1 2 1 1 1 1 2
1213784 3 1 1 1 2 1 1 1 1 2
1234554 1 1 1 1 2 1 2 1 1 2
1236837 2 3 2 2 2 2 3 1 1 2
1238021 1 1 1 1 2 1 2 1 1 2
1239967 1 1 1 1 2 1 2 1 1 2
1240337 5 2 2 2 2 2 3 2 2 2
1253505 2 3 1 1 5 1 1 1 1 2
1257648 4 3 3 1 2 1 3 3 1 2
1276091 2 1 1 1 2 1 2 1 1 2
1277629 5 1 1 1 2 1 2 2 1 2
1293439 3 2 2 3 2 1 1 1 1 2
1293439 6 9 7 5 5 8 4 2 1 2
1295186 10 10 10 1 6 1 2 8 1 4
566509 5 1 1 1 2 1 1 1 1 2
1202253 5 1 1 1 2 1 1 1 1 2
1227081 3 1 1 3 2 1 1 1 1 2
1257470 10 6 5 8 5 10 8 6 1 4
1267898 5 1 3 1 2 1 1 1 1 2
1293966 4 1 1 1 2 1 1 1 1 2
1269574 4 1 1 1 2 1 1 1 1 2
1277145 5 1 1 1 2 1 1 1 1 2
1287282 3 1 1 1 2 1 1 1 1 2
1296593 5 2 1 1 2 1 1 1 1 2
474162 8 7 8 5 5 10 9 10 1 4
1070522 3 1 1 1 1 1 2 1 1 2
1073960 10 10 10 10 6 10 8 1 5 4
1084139 6 3 2 1 3 4 4 1 1 4
1181567 1 1 1 1 1 1 1 1 1 2
1182404 4 2 1 1 2 1 1 1 1 2
1217952 4 1 1 1 2 1 2 1 1 2
1277268 3 3 1 1 2 1 1 1 1 2
1295508 1 1 1 1 2 4 1 1 1 2
1298360 1 1 1 1 2 1 1 1 1 2
1299924 5 1 1 1 2 1 2 1 1 2
1313325 4 10 4 7 3 10 9 10 1 4
1320077 1 1 1 1 1 1 2 1 1 2
1330439 4 7 8 3 4 10 9 1 1 4
333093 1 1 1 1 3 1 1 1 1 2
369565 4 1 1 1 3 1 1 1 1 2
769612 3 1 1 2 2 1 1 1 1 2
8233704 4 1 1 1 1 1 2 1 1 2
1135090 4 1 1 1 2 1 2 1 1 2
1171578 3 1 1 1 2 1 1 1 1 2
1186936 2 1 3 2 2 1 2 1 1 2
1222464 6 10 10 10 4 10 7 10 1 4
1240603 2 1 1 1 1 1 1 1 1 2
1240603 3 1 1 1 1 1 1 1 1 2
1299924 3 2 2 2 2 1 4 2 1 2
1306339 4 4 2 1 2 5 2 1 2 2
1313658 3 1 1 1 2 1 1 1 1 2
1321931 5 1 1 1 2 1 2 1 1 2
1331405 4 1 1 1 2 1 3 2 1 2
1334071 4 1 1 1 2 3 2 1 1 2
1343068 8 4 4 1 6 10 2 5 2 4
142932 7 6 10 5 3 10 9 10 2 4
1115762 3 1 1 1 2 1 1 1 1 2
1311875 5 1 2 1 2 1 1 1 1 2
1320141 5 1 1 1 2 1 2 1 1 2
1325309 4 1 2 1 2 1 2 1 1 2
1344449 1 1 1 1 1 1 2 1 1 2
1016634 2 3 1 1 2 1 2 1 1 2
1042252 3 1 1 1 2 1 2 1 1 2
1057067 1 1 1 1 1 ? 1 1 1 2
1083817 3 1 1 1 2 1 2 1 1 2
1190546 2 1 1 1 2 5 1 1 1 2
1218982 4 1 1 1 2 1 1 1 1 2
1235807 5 1 1 1 2 1 2 1 1 2
1299596 2 1 1 1 2 1 1 1 1 2
1311108 1 1 1 3 2 1 1 1 1 2
1324572 5 1 1 1 2 1 2 2 1 2
1330361 5 1 1 1 2 1 2 1 1 2
1334015 7 8 8 7 3 10 7 2 3 4
1334667 1 1 1 1 2 1 1 1 1 2
13454352 1 1 3 1 2 1 2 1 1 2
1347749 1 1 1 1 2 1 1 1 1 2
1348851 3 1 1 1 2 1 3 1 1 2
1350423 5 10 10 8 5 5 7 10 1 4
1368267 5 1 1 1 2 1 1 1 1 2
1368273 1 1 1 1 2 1 1 1 1 2
536708 1 1 1 1 2 1 1 1 1 2
566346 3 1 1 1 2 1 2 3 1 2
603148 4 1 1 1 2 1 1 1 1 2
695091 5 10 10 5 4 5 4 4 1 4
763235 3 1 1 1 2 1 2 1 2 2
776715 3 1 1 1 3 2 1 1 1 2
841769 2 1 1 1 2 1 1 1 1 2
