1017122 8 10 10 8 7 10 9 7 1 4
1035283 1 1 1 1 1 1 3 1 1 2
1047630 7 4 6 4 6 1 4 3 1 4
1049815 4 1 1 1 2 1 3 1 1 2
1050670 10 7 7 6 4 10 4 1 2 4
1050718 6 1 1 1 2 1 3 1 1 2
1056784 3 1 1 1 2 1 2 1 1 2
1059552 1 1 1 1 2 1 3 1 1 2
1066373 3 2 1 1 1 1 2 1 1 2
1067444 2 1 1 1 2 1 2 1 1 2
1070935 1 1 3 1 2 1 1 1 1 2
1070935 3 1 1 1 1 1 2 1 1 2
1074610 2 1 1 2 2 1 3 1 1 2
1081791 6 2 1 1 1 1 7 1 1 2
1091262 2 5 3 3 6 7 7 5 1 4
1103608 10 10 10 4 8 1 8 10 1 4
1105524 1 1 1 1 2 1 2 1 1 2
1108449 5 3 3 4 2 4 3 4 1 4
1110102 10 3 6 2 3 5 4 10 2 4
1112209 8 10 10 1 3 6 3 9 1 4
1113038 8 2 4 1 5 1 5 4 4 4
1115293 1 1 1 1 2 2 2 1 1 2
1132347 1 1 4 1 2 1 2 1 1 2
1133041 5 3 1 2 2 1 2 1 1 2
1137156 2 2 2 1 1 1 7 1 1 2
1147699 3 5 7 8 8 9 7 10 7 4
1155546 2 1 1 2 3 1 2 1 1 2
1156272 1 1 1 1 2 1 3 1 1 2
1158247 1 1 1 1 2 1 2 1 1 2
1166630 7 5 6 10 5 10 7 9 4 4
1167439 2 3 4 4 2 5 2 5 1 4
1173216 10 10 10 3 10 8 8 1 1 4
1173509 4 5 5 10 4 10 7 5 8 4
1173514 1 1 1 1 4 3 1 1 1 2
1174428 5 3 5 1 8 10 5 3 1 4
1175937 5 4 6 7 9 7 8 10 1 4
1177399 8 3 5 4 5 10 1 6 2 4
1177512 1 1 1 1 10 1 1 1 1 2
1180194 5 10 8 10 8 10 3 6 3 4
1180523 3 1 1 1 2 1 2 2 1 2
1182404 4 1 1 1 2 1 2 1 1 2
1183240 4 1 2 1 2 1 2 1 1 2
1183246 1 1 1 1 1 ? 2 1 1 2
1183911 2 1 1 1 2 1 1 1 1 2
1184840 1 1 3 1 2 ? 2 1 1 2
1185610 1 1 1 1 3 2 2 1 1 2
1188472 1 1 1 1 1 1 3 1 1 2
1189286 10 10 8 6 4 5 8 10 1 4
1190485 1 1 1 1 2 1 1 1 1 2
1193683 1 1 2 1 3 ? 1 1 1 2
1196295 9 9 10 3 6 10 7 10 6 4
1197080 4 1 1 1 2 1 3 2 1 2
1197440 1 1 1 2 1 3 1 1 7 2
1197979 4 1 1 1 2 2 3 2 1 2
1198128 10 8 10 10 6 1 3 1 10 4
1200772 1 1 1 1 2 1 2 1 1 2
1202812 5 3 3 3 6 10 3 1 1 4
1204242 1 1 1 1 2 1 1 1 1 2
1205579 8 7 6 4 4 10 5 1 1 4
1211202 7 5 10 10 10 10 4 10 3 4
1212422 4 1 1 1 2 1 3 1 1 2
1213383 5 1 1 4 2 1 3 1 1 2
1218105 5 10 10 9 6 10 7 10 5 4
1218741 10 10 9 3 7 5 3 5 1 4
1219525 8 10 10 10 5 10 8 10 6 4
1222047 10 10 10 10 3 10 10 6 1 4
1225799 10 6 4 3 10 10 9 10 1 4
1226612 7 5 6 3 3 8 7 4 1 4
1227481 10 5 7 4 4 10 8 9 1 4
1231387 6 8 7 5 6 8 8 9 2 4
1231706 8 4 6 3 3 1 4 3 1 2
1236043 3 3 2 1 3 1 3 6 1 2
1241559 10 8 8 2 8 10 4 8 10 4
167528 4 1 1 1 2 1 3 6 1 2
169356 3 1 1 1 2 ? 3 1 1 2
191250 10 4 4 10 2 10 5 3 3 4
411453 5 1 1 1 2 1 3 1 1 2
476903 10 5 7 3 3 7 3 3 8 4
486283 3 1 1 1 2 1 3 1 1 2
560680 1 1 1 1 2 1 1 1 1 2
601265 10 4 4 6 2 10 2 3 1 4
606722 5 5 7 8 6 10 7 4 1 4
63375 9 1 2 6 4 10 7 7 2 4
635844 8 4 10 5 4 4 7 10 1 4
640744 10 10 10 7 9 10 7 10 10 4
666090 1 1 1 1 2 1 3 1 1 2
673637 3 1 1 1 2 5 5 1 1 2
693702 1 1 1 1 2 1 1 1 1 2
704168 4 6 5 6 7 ? 4 9 1 2
730881 7 6 3 2 5 10 7 4 6 4
733639 3 1 1 1 2 1 3 1 1 2
743348 3 2 2 1 2 1 2 3 1 2
76389 10 4 7 2 2 8 6 1 1 4
764974 5 1 1 1 2 1 3 1 2 2
797327 6 5 5 8 4 10 3 4 1 4
798429 1 1 1 1 2 1 3 1 1 2
806423 8 5 5 5 2 10 4 3 1 4
814265 2 1 1 1 2 1 1 1 1 2
822829 7 6 4 8 10 10 9 5 3 4
830690 5 2 2 2 3 1 1 3 1 2
855524 1 1 1 1 2 1 2 1 1 2
857774 4 1 1 1 3 1 2 2 1 2
866325 8 10 5 3 8 4 4 10 3 4
873549 10 3 5 4 3 7 3 5 3 4
877943 3 10 3 10 6 10 5 1 4 4
897172 2 1 1 1 2 1 2 1 1 2
160296 5 8 8 10 5 10 8 10 3 4
342245 1 1 3 1 2 1 1 1 1 2
493452 1 1 3 1 2 1 1 1 1 2
654244 1 1 1 1 1 1 2 1 1 2
805448 1 1 1 1 2 1 1 1 1 2
846423 10 6 3 6 4 10 7 8 4 4
1022257 2 1 1 1 2 1 1 1 1 2
1080233 7 6 6 3 2 10 7 1 1 4
1114570 5 3 3 2 3 1 3 1 1 2
1131411 1 1 1 2 2 1 2 1 1 2
1158405 1 2 3 1 2 1 2 1 1 2
1168278 3 1 1 1 2 1 2 1 1 2
1196475 3 2 1 1 2 1 2 2 1 2
1223003 5 3 3 1 2 1 2 1 1 2
1229929 1 1 1 1 2 1 2 1 1 2
1238464 1 1 1 1 1 ? 2 1 1 2
1238633 10 10 10 6 8 4 8 5 1 4
1239347 8 7 8 5 10 10 7 2 1 4
1257200 10 10 10 7 10 10 8 2 1 4
1276091 5 1 1 3 4 1 3 2 1 2
566509 5 1 1 1 2 1 1 1 1 2
608157 10 4 3 10 4 10 10 1 1 4
677910 5 2 2 4 2 4 1 1 1 2
734111 1 1 1 3 2 3 1 1 1 2
780555 5 1 1 6 3 1 2 1 1 2
1049837 1 1 1 1 2 1 1 1 1 2
1227081 3 1 1 3 2 1 1 1 1 2
1230994 4 5 5 8 6 10 10 7 1 4
1238410 2 3 1 1 3 1 1 1 1 2
1259008 8 8 9 6 6 3 10 10 1 4
1276091 6 1 1 3 2 1 1 1 1 2
1181685 1 1 2 1 2 1 2 1 1 2
1238777 6 1 1 3 2 1 1 1 1 2
1257608 6 1 1 1 1 1 1 1 1 2
1277145 5 1 1 1 2 1 1 1 1 2
1296025 4 1 2 1 2 1 1 1 1 2
1301945 5 1 1 1 1 1 1 1 1 2
1302428 5 3 2 4 2 1 1 1 1 2
1115293 1 1 1 1 2 1 1 1 1 2
1181567 1 1 1 1 1 1 1 1 1 2
1217952 4 1 1 1 2 1 2 1 1 2
1238186 4 1 1 1 2 1 2 1 1 2
1253917 4 1 1 2 2 1 2 1 1 2
1299924 5 1 1 1 2 1 2 1 1 2
1299994 5 1 1 1 2 1 1 1 1 2
1304595 3 1 1 1 1 1 2 1 1 2
1306282 6 6 7 10 3 10 8 10 2 4
1313325 4 10 4 7 3 10 9 10 1 4
749653 3 1 1 1 2 1 2 1 1 2
798429 4 1 1 1 2 1 3 1 1 2
807657 6 1 3 2 2 1 1 1 1 2
867392 4 2 2 1 2 1 2 1 1 2
1056171 2 1 1 1 2 1 2 1 1 2
1113061 5 1 1 1 2 1 3 1 1 2
1135090 4 1 1 1 2 1 2 1 1 2
1145420 6 1 1 1 2 1 2 1 1 2
1171578 3 1 1 1 2 1 1 1 1 2
1174841 5 3 1 1 2 1 1 1 1 2
1197527 5 1 1 1 2 1 2 1 1 2
1222464 6 10 10 10 4 10 7 10 1 4
1299924 3 2 2 2 2 1 4 2 1 2
1306339 4 4 2 1 2 5 2 1 2 2
1321264 5 2 2 2 1 1 2 1 1 2
1321348 2 1 1 1 2 1 2 1 1 2
1321942 5 1 1 1 2 1 3 1 1 2
1328755 3 1 1 1 2 1 2 1 1 2
1331405 4 1 1 1 2 1 3 2 1 2
1334071 4 1 1 1 2 3 2 1 1 2
1343068 8 4 4 1 6 10 2 5 2 4
1343374 10 10 8 10 6 5 10 3 1 4
1344121 8 10 4 4 8 10 8 2 1 4
324382 1 1 1 1 2 1 2 1 1 2
385103 5 1 2 1 2 1 3 1 1 2
690557 5 1 1 1 2 1 2 1 1 2
695091 1 1 1 1 2 1 2 1 1 2
695219 1 1 1 1 2 1 2 1 1 2
824249 1 1 1 1 2 1 3 1 1 2
1115762 3 1 1 1 2 1 1 1 1 2
1239420 1 1 1 1 2 1 1 1 1 2
1254538 8 10 10 10 6 10 10 10 1 4
1315506 4 8 6 3 4 10 7 1 1 4
1334659 5 2 4 1 1 1 1 1 1 2
1344449 1 1 1 1 1 1 2 1 1 2
1352663 5 4 6 8 4 1 8 10 1 4
352431 10 5 10 3 5 8 7 8 3 4
353098 4 1 1 2 2 1 1 1 1 2
411453 1 1 1 1 2 1 1 1 1 2
557583 5 10 10 10 10 10 10 1 1 4
636375 5 1 1 1 2 1 1 1 1 2
1031608 2 1 1 1 1 1 2 1 1 2
1042252 3 1 1 1 2 1 2 1 1 2
1174009 5 1 1 2 1 1 2 1 1 2
1225382 6 2 3 1 2 1 1 1 1 2
1253955 8 7 4 4 5 3 5 10 1 4
1260659 3 1 4 1 2 1 1 1 1 2
1275807 4 2 4 3 2 2 2 1 1 2
1277792 5 1 1 3 2 1 1 1 1 2
1285722 4 1 1 3 2 1 1 1 1 2
1288608 3 1 1 1 2 1 2 1 1 2
1294413 1 1 1 1 2 1 1 1 1 2
1311033 1 2 2 1 2 1 1 1 1 2
1318671 3 1 1 1 2 1 2 1 1 2
1323477 1 2 1 3 2 1 2 1 1 2
1334015 7 8 8 7 3 10 7 2 3 4
13454352 1 1 3 1 2 1 2 1 1 2
1350319 5 7 4 1 6 1 7 10 3 4
1354840 5 3 2 1 3 1 1 1 1 2
1368267 5 1 1 1 2 1 1 1 1 2
1369821 10 10 10 10 5 10 10 10 7 4
1371026 5 10 10 10 4 10 5 6 3 4
1371920 5 1 1 1 2 1 3 2 1 2
603148 4 1 1 1 2 1 1 1 1 2
654546 1 1 1 1 2 1 1 1 8 2
776715 3 1 1 1 3 2 1 1 1 2
897471 4 8 8 5 4 5 10 4 1 4
