524.7940719572 0.1874483617 0.0321140582 228.8002278843 6843.5984811891 29.9108027316 60.2048797607 220.7372120052 556.828334181 0
362.83126591 0.200712864 0.2443460953 124.9125593692 3290.4624462766 26.3421265475 69.3893890381 103.8665518819 424.7965033868 0
389.8729777095 0.1500983157 0.0977384381 118.6258142706 2475.557077623 20.8686203154 49.7571487427 107.6861641614 429.3857878604 0
500 0.2272418686 0.0509636142 219.2955022803 9819.4496142339 44.7772503865 76.8684997559 207.2666404204 602.5278406267 0
211 0.0539306739 0.0942477796 30.7534434583 151.9845775553 4.9420344672 14.2683744431 27.24312366 217.1307040276 1
341.6200131082 0.0919788516 0.0740019603 85.0430285558 1370.8380678239 16.1193467719 29.028968811 79.935196807 385.1334598423 1
160.3224525104 0.1769763862 0.163362818 37.2171240005 341.8814622363 9.1861333034 30.8891639709 20.759910398 187.5665182431 1
178 0.1708677338 0.2129301687 41.5421667585 489.4405204763 11.7817764134 35.747795105 21.1623933118 215.9059341715 2
435.0931666481 0.07696902 0.1612684229 123.5975375889 1342.2776475808 10.8600678765 37.3847236633 117.8080379332 433.2023221434 2
339.5085476096 0.0453785606 0.0300196631 88.6298094262 331.0803904377 3.7355421678 19.8255805969 87.6211804354 307.7931936632 2
252 0.1061160185 0.0314159265 38.5442095271 493.7904229154 12.8110143903 25.5411453247 28.8670396589 280.65829935 2
172.5157972533 0.1272345025 0.0383972435 37.5436732244 192.2181478854 5.1198545954 19.3220806122 32.1898208105 174.9337699538 2
274.99339586 0.1471312559 0.1375319451 66.4579430417 1217.4156510031 18.3185875951 40.8496780396 52.4210077296 327.5586387041 2
152 0.1658062789 0.2275909345 34.2195504039 94.354327958 2.7573222571 31.2792778015 13.8774777297 180.6095533186 3
197 0.1326450232 0.0740019603 33.4606529676 409.6471412714 12.2426523376 26.9928073883 19.7738131904 231.7837876143 3
502 0.065275314 0.027925268 53.2394329932 834.2727305445 15.6702031491 33.3311424255 41.5147222365 544.0394144713 3
1724.0898944487 0.0527089434 -0.020943951 404.1262083188 3053.9668898369 7.5569632134 71.4275894165 399.1942440827 1489.3867124079 4
1647.9398111586 0.0809832773 0.0865683309 576.7703763685 11852.4850634255 20.5497465699 111.4359130859 565.9029104183 1402.8777374758 4
2100 0.0619591884 -0.0453785606 390.4825067441 16640.7236193443 42.6157979729 125.9004135132 380.644703446 2073.0286853636 5
2350 0.0815068761 0.2715732316 515.2894771025 27758.6402610935 53.8699924889 289.5690612793 426.2311599176 2457.6767356259 5
1900 0.0544542727 0.1137954672 272.6180288705 7481.5934698544 27.4435021809 138.3592681885 234.8984958066 1924.5178953496 5
1800 0.0691150384 0.1570796327 385.564704349 13831.7248887707 35.8739395301 157.5700073242 351.8974774277 1823.0323641657 5
2329.8401379049 0.0661479787 0.3532546406 377.2533677978 25369.0399246382 67.2466890693 336.0751647949 171.3872267703 2686.4353462708 5
1600 0.0719075652 -0.0663225116 436.9436030304 12655.342134564 28.9633308436 103.7327041626 432.1297489466 1475.3715337125 5
