524.7940719572 0.1874483617 0.0321140582 228.8002278843 6843.5984811891 29.9108027316 60.2048797607 220.7372120052 556.828334181 0
330 0.2268928028 0.2652900463 121.1542006708 3163.2394719946 26.1092017815 69.7173614502 99.0849640003 400.2257759827 0
389.8729777095 0.1500983157 0.0977384381 118.6258142706 2475.557077623 20.8686203154 49.7571487427 107.6861641614 429.3857878604 0
275.6773933601 0.15393804 0.1877974275 91.5278933393 1756.2348373883 19.1879739969 39.3051834106 82.6586821528 331.5883016673 0
470 0.2131047017 0.2254965394 184.5900565767 8185.3608372261 44.3434548373 84.4824829102 164.1225107308 603.3157150786 0
500 0.2272418686 0.0509636142 219.2955022803 9819.4496142339 44.7772503865 76.8684997559 207.2666404204 602.5278406267 0
300 0.1900663555 0.1668534765 97.1081295111 3039.5613030204 31.3007913789 51.3539733887 82.4181920286 387.0782275399 0
325 0.2246238747 0.286932129 229.2158633923 5705.3320895085 24.8906511315 35.6027145386 227.2647937395 462.7030069339 0
294.4748456196 0.2066469834 0.4677482395 194.8710353479 5541.2561262519 28.4355041084 36.7657966614 191.8048904696 445.5132993662 0
243.2939757359 0.0399680399 0.0670206433 68.5447777184 383.9284530426 5.6011335338 9.9913482666 67.8166557187 263.640761308 1
259.8851450408 0.0706858347 0.006981317 58.243807276 465.0872650386 7.9851796575 17.5068378448 56.3402407903 267.5174460284 1
250 0.0680678408 -0.0153588974 57.1724311623 652.9013493691 11.4198633169 17.7769813538 55.79126957 278.3086151587 1
200 0.0376991118 0.1172861257 42.3166752875 220.810906646 5.2180589601 10.6757640839 40.9478822685 218.0343130907 1
355 0.0640535835 0.0844739358 89.5584634547 1033.8542450686 11.5439033363 27.5626621246 86.5765610935 372.0399565985 1
481.4671493322 0.0785398163 0.0160570291 79.0591615565 1154.3382385593 14.6009420772 33.9291305542 71.408439192 501.8933575844 2
252 0.1061160185 0.0314159265 38.5442095271 493.7904229154 12.8110143903 25.5411453247 28.8670396589 280.65829935 2
172.5157972533 0.1272345025 0.0383972435 37.5436732244 192.2181478854 5.1198545954 19.3220806122 32.1898208105 174.9337699538 2
303 0.0633554518 0.0397935069 22.5678927048 102.5003089897 4.5418644235 21.8308410645 5.7205006289 321.646837362 3
178 0.1495747169 0.0991347015 40.2906209757 474.4046992996 11.7745690637 25.9208278656 30.8454992657 209.1807379131 3
176 0.0898844565 0.0767944871 20.5885241068 79.7054245831 3.8713520294 18.2264919281 9.5750878548 191.9928785117 3
145 0.1176351916 0.1103048087 21.2189421288 82.4555615648 3.8859412059 20.3030815125 6.1667151899 162.5109272172 3
1724.0898944487 0.0527089434 -0.020943951 404.1262083188 3053.9668898369 7.5569632134 71.4275894165 399.1942440827 1489.3867124079 4
1385.6647213356 0.0923279174 0.0893608577 202.480043717 8785.0287327512 43.3871337218 143.0921936035 143.2577800188 1524.6092039901 4
1461.7503424331 0.0408407045 0.0495673508 391.8460234008 5574.0028199661 14.2249824857 57.2314796448 387.6439908583 1428.8399755134 4
1111.8140678207 0.0987856357 0.0712094335 386.9870937242 7659.7421335884 19.7932754291 86.0251235962 377.3045041864 990.978913442 4
1647.9398111586 0.0809832773 0.0865683309 576.7703763685 11852.4850634255 20.5497465699 111.4359130859 565.9029104183 1402.8777374758 4
1800 0.0919788516 0.20525072 362.8633212991 15021.5538883288 41.397278277 217.8339691162 290.2036402901 1893.6637123933 5
1900 0.0544542727 0.1137954672 272.6180288705 7481.5934698544 27.4435021809 138.3592681885 234.8984958066 1924.5178953496 5
2000 0.0671951762 0.1242674427 330.2716456314 15381.0976865603 46.571051103 169.1979827881 283.639564377 2063.0732120677 5
2600 0.2005383311 0.2080432468 1063.4414274728 174480.476217939 164.0715433031 418.687286377 977.5523672434 2664.5836230562 5
1600 0.0719075652 -0.0663225116 436.9436030304 12655.342134564 28.9633308436 103.7327041626 432.1297489466 1475.3715337125 5
