13.16 2.36 2.67 18.6 101 2.8 3.24 0.3 2.81 5.68 1.03 3.17 1185 1
13.86 1.35 2.27 16 98 2.98 3.15 0.22 1.85 7.22 1.01 3.55 1045 1
14.12 1.48 2.32 16.8 95 2.2 2.43 0.26 1.57 5 1.17 2.82 1280 1
13.75 1.73 2.41 16 89 2.6 2.76 0.29 1.81 5.6 1.15 2.9 1320 1
13.63 1.81 2.7 17.2 112 2.85 2.91 0.3 1.46 7.3 1.28 2.88 1310 1
13.71 1.86 2.36 16.6 101 2.61 2.88 0.27 1.69 3.8 1.11 4 1035 1
12.85 1.6 2.52 17.8 95 2.48 2.37 0.26 1.46 3.93 1.09 3.63 1015 1
13.5 1.81 2.61 20 96 2.53 2.61 0.28 1.66 3.52 1.12 3.82 845 1
13.39 1.77 2.62 16.1 93 2.85 2.94 0.34 1.45 4.8 0.92 3.22 1195 1
13.58 1.66 2.36 19.1 106 2.86 3.19 0.22 1.95 6.9 1.09 2.88 1515 1
13.68 1.83 2.36 17.2 104 2.42 2.69 0.42 1.97 3.84 1.23 2.87 990 1
13.51 1.8 2.65 19 110 2.35 2.53 0.29 1.54 4.2 1.1 2.87 1095 1
13.48 1.81 2.41 20.5 100 2.7 2.98 0.26 1.86 5.1 1.04 3.47 920 1
14.22 3.99 2.51 13.2 128 3 3.04 0.2 2.08 5.1 0.89 3.53 760 1
13.05 1.77 2.1 17 107 3 3 0.28 2.03 5.04 0.88 3.35 885 1
13.9 1.68 2.12 16 101 3.1 3.39 0.21 2.14 6.1 0.91 3.33 985 1
13.05 1.73 2.04 12.4 92 2.72 3.27 0.17 2.91 7.2 1.12 2.91 1150 1
13.83 1.65 2.6 17.2 94 2.45 2.99 0.22 2.29 5.6 1.24 3.37 1265 1
13.56 1.73 2.46 20.5 116 2.96 2.78 0.2 2.45 6.25 0.98 3.03 1120 1
13.29 1.97 2.68 16.8 102 3 3.23 0.31 1.66 6 1.07 2.84 1270 1
12.37 1.13 2.16 19 87 3.5 3.1 0.19 1.87 4.45 1.22 2.87 420 2
12.17 1.45 2.53 19 104 1.89 1.75 0.45 1.03 2.95 1.45 2.23 355 2
13.11 1.01 1.7 15 78 2.98 3.18 0.26 2.28 5.3 1.12 3.18 502 2
13.34 0.94 2.36 17 110 2.53 1.3 0.55 0.42 3.17 1.02 1.93 750 2
12.29 1.61 2.21 20.4 103 1.1 1.02 0.37 1.46 3.05 0.906 1.82 870 2
11.66 1.88 1.92 16 97 1.61 1.57 0.34 1.15 3.8 1.23 2.14 428 2
12.08 1.13 2.51 24 78 2 1.58 0.4 1.4 2.2 1.31 2.72 630 2
13.05 3.86 2.32 22.5 85 1.65 1.59 0.61 1.62 4.8 0.84 2.01 515 2
11.84 0.89 2.58 18 94 2.2 2.21 0.22 2.35 3.05 0.79 3.08 520 2
12.16 1.61 2.31 22.8 90 1.78 1.69 0.43 1.56 2.45 1.33 2.26 495 2
11.65 1.67 2.62 26 88 1.92 1.61 0.4 1.34 2.6 1.36 3.21 562 2
12.08 1.83 2.32 18.5 81 1.6 1.5 0.52 1.64 2.4 1.08 2.27 480 2
12.69 1.53 2.26 20.7 80 1.38 1.46 0.58 1.62 3.05 0.96 2.06 495 2
12.29 2.83 2.22 18 88 2.45 2.25 0.25 1.99 2.15 1.15 3.3 290 2
11.81 2.12 2.74 21.5 134 1.6 0.99 0.14 1.56 2.5 0.95 2.26 625 2
12.37 1.07 2.1 18.5 88 3.52 3.75 0.24 1.95 4.5 1.04 2.77 660 2
12.42 2.55 2.27 22 90 1.68 1.84 0.66 1.42 2.7 0.86 3.3 315 2
11.61 1.35 2.7 20 94 2.74 2.92 0.29 2.49 2.65 0.96 3.26 680 2
11.76 2.68 2.92 20 103 1.75 2.03 0.6 1.05 3.8 1.23 2.5 607 2
12.08 1.39 2.5 22.5 84 2.56 2.29 0.43 1.04 2.9 0.93 3.19 385 2
12.42 1.61 2.19 22.5 108 2 2.09 0.34 1.61 2.06 1.06 2.96 345 2
12.77 3.43 1.98 16 80 1.63 1.25 0.43 0.83 3.4 0.7 2.12 372 2
12 3.43 2 19 87 2 1.64 0.37 1.87 1.28 0.93 3.05 564 2
11.45 2.4 2.42 20 96 2.9 2.79 0.32 1.83 3.25 0.8 3.39 625 2
11.79 2.13 2.78 28.5 92 2.13 2.24 0.58 1.76 3 0.97 2.44 466 2
12.37 1.63 2.3 24.5 88 2.22 2.45 0.4 1.9 2.12 0.89 2.78 342 2
12.86 1.35 2.32 18 122 1.51 1.25 0.21 0.94 4.1 0.76 1.29 630 3
12.88 2.99 2.4 20 104 1.3 1.22 0.24 0.83 5.4 0.74 1.42 530 3
12.81 2.31 2.4 24 98 1.15 1.09 0.27 0.83 5.7 0.66 1.36 560 3
12.51 1.24 2.25 17.5 85 2 0.58 0.6 1.25 5.45 0.75 1.51 650 3
13.49 3.59 2.19 19.5 88 1.62 0.48 0.58 0.88 5.7 0.81 1.82 580 3
13.62 4.95 2.35 20 92 2 0.8 0.47 1.02 4.4 0.91 2.05 550 3
13.88 5.04 2.23 20 80 0.98 0.34 0.4 0.68 4.9 0.58 1.33 415 3
12.79 2.67 2.48 22 112 1.48 1.36 0.24 1.26 10.8 0.48 1.47 480 3
13.23 3.3 2.28 18.5 98 1.8 0.83 0.61 1.87 10.52 0.56 1.51 675 3
13.78 2.76 2.3 22 90 1.35 0.68 0.41 1.03 9.58 0.7 1.68 615 3
13.58 2.58 2.69 24.5 105 1.55 0.84 0.39 1.54 8.66 0.74 1.8 750 3
13.17 2.59 2.37 20 120 1.65 0.68 0.53 1.46 9.3 0.6 1.62 840 3
14.13 4.1 2.74 24.5 96 2.05 0.76 0.56 1.35 9.2 0.61 1.6 560 3
