0.591549
0.567989
0.564246
0.562849
0.575589
0.575758
0.572802
0.46583
0.57359
0.561254
0.588398
0.590786
0.583452
0.578431
0.581363
0.597493
0.568655
0.598106
0.574932
0.6053
0.590848
0.59887
0.579652
0.589532
0.563662
0.566334
0.586111
0.563121
0.604749
0.586835
0.604585
0.578059
0.574438
0.559621
0.580468
0.608819
0.574176
0.57468
0.591549
0.57932
0.598894
0.596615
0.565826
0.594444
0.597122
0.590659
0.558783
0.601695
0.591168
0.592246
0.576056
0.583807
0.612725
0.579173
0.598894
0.613276
0.565847
0.566622
0.556927
0.512262
0.573864
0.583215
0.580822
0.562238
0.575419
0.560907
0.611185
0.560942
0.591781
0.561181
0.590411
0.604046
0.577406
0.58037
0.564356
0.590717
0.476124
0.571229
0.548201
0.586538
0.580872
0.574022
0.569848
0.580872
0.571623
0.581461
0.569638
0.568871
0.600282
0.583565
0.590711
0.589235
0.580601
0.571429
0.575107
0.592541
0.580332
0.573222
0.587755
0.559671
