0.87037
0.673077
0.653061
1
0.92381
1
0.648148
1
0.638095
0.608247
0.912621
0.970874
1
1
0.643564
0.989796
0.63
0.971429
0.964286
0.981818
0.627451
0.91
0.964286
0.952381
0.971154
0.652632
0.961538
0.981481
0.638889
1
0.989691
0.924528
1
0.616162
1
1
0.66055
0.622642
1
0.990566
0.676768
0.684783
0.650943
0.631579
0.6875
0.663551
0.971698
0.991228
0.936937
0.65
0.970874
0.972727
0.613861
0.911765
0.666667
0.961905
1
1
1
0.642857
1
0.657895
0.609091
0.963303
0.990196
0.889908
1
0.649485
0.981651
0.613208
1
1
1
0.989247
0.641509
1
0.901786
0.642202
0.872727
0.666667
1
0.631068
0.626263
0.989583
1
0.657895
0.650485
0.666667
1
0.962963
0.666667
1
1
1
0.66055
0.661157
0.896226
0.657658
0.978947
1
