389.8729777095 0.1500983157 0.0977384381 118.6258142706 2475.557077623 20.8686203154 49.7571487427 107.6861641614 429.3857878604 0
500 0.2272418686 0.0509636142 219.2955022803 9819.4496142339 44.7772503865 76.8684997559 207.2666404204 602.5278406267 0
269.4959462918 0.2075196481 0.0383972435 80.4110854818 1963.6052480989 24.4195838961 44.7401542664 66.8383093174 329.0906470766 0
211 0.0539306739 0.0942477796 30.7534434583 151.9845775553 4.9420344672 14.2683744431 27.24312366 217.1307040276 1
352.6564467782 0.1219985147 0.0907571211 68.5278463867 1066.1578463393 15.558023527 43.6919250488 52.7928166702 382.7331865355 1
272 0.0914552528 0.0048869219 63.7893803122 718.946310198 11.2706269708 20.0855560303 60.6907291188 286.920220324 1
160.3224525104 0.1769763862 0.163362818 37.2171240005 341.8814622363 9.1861333034 30.8891639709 20.759910398 187.5665182431 1
301.3043992291 0.10978121 0.0356047167 64.6161999261 942.7731906338 14.5903533744 29.0456771851 57.7200304355 335.7684587866 1
195 0.1391027414 0.20525072 37.4621956231 328.384051619 8.7657449372 35.0238265991 13.2946502587 232.5876276733 2
250 0.0471238898 0.013962634 70.9070400207 224.1457873421 3.1611217628 9.1021757126 70.320400449 232.2776288185 2
236 0.1246165086 0.2017600615 48.4511296285 236.8801114611 4.8890523973 36.0066223145 32.4196702591 244.9651545602 2
252 0.1061160185 0.0314159265 38.5442095271 493.7904229154 12.8110143903 25.5411453247 28.8670396589 280.65829935 2
260.2775210255 0.0790634151 0.0328121899 58.8176114077 277.2590342852 4.7138778276 17.8686695099 56.0376840227 248.6234122408 2
274.99339586 0.1471312559 0.1375319451 66.4579430417 1217.4156510031 18.3185875951 40.8496780396 52.4210077296 327.5586387041 2
281.3232629077 0.2323033234 0.4377285764 157.8841811867 5305.1232060811 33.6013599729 46.3843345642 150.9168917359 398.8955488424 2
327 0.1410226036 0.0844739358 76.2128681277 1664.6740761276 21.8424278868 43.2216911316 62.7717028567 379.261838625 2
470.5164201366 0.1274090354 0.0663225116 150.2240222783 2657.9103674885 17.6929783079 47.5606307983 142.4964679752 491.4724884651 3
223 0.1240929098 0.0795870139 33.0963349781 197.0125405291 5.9526996164 30.4548740387 12.9563896614 252.4833478365 3
152 0.1658062789 0.2275909345 34.2195504039 94.354327958 2.7573222571 31.2792778015 13.8774777297 180.6095533186 3
303 0.0633554518 0.0397935069 22.5678927048 102.5003089897 4.5418644235 21.8308410645 5.7205006289 321.646837362 3
197 0.1326450232 0.0740019603 33.4606529676 409.6471412714 12.2426523376 26.9928073883 19.7738131904 231.7837876143 3
216.4132572942 0.1178097245 0.0684169067 53.5996000209 280.4454864735 5.2322309563 22.7905349731 48.5129740146 215.3729200694 3
178 0.1495747169 0.0991347015 40.2906209757 474.4046992996 11.7745690637 25.9208278656 30.8454992657 209.1807379131 3
502 0.065275314 0.027925268 53.2394329932 834.2727305445 15.6702031491 33.3311424255 41.5147222365 544.0394144713 3
176 0.0898844565 0.0767944871 20.5885241068 79.7054245831 3.8713520294 18.2264919281 9.5750878548 191.9928785117 3
103 0.1581268302 0.2918190509 23.754811344 78.2584737249 3.2944262361 22.3236026764 8.1208260291 124.9785610053 3
1724.0898944487 0.0527089434 -0.020943951 404.1262083188 3053.9668898369 7.5569632134 71.4275894165 399.1942440827 1489.3867124079 4
1084.2470372215 0.0734783615 0 191.8979532327 2937.9715445225 15.3100723329 66.5636291504 179.9836313497 1064.1038276399 4
649.3693973479 0.1075122819 0.0188495559 207.1116914337 3344.432677502 16.1479666085 50.5474700928 200.848714465 623.9088141112 4
770 0.0416283304 0.0024345501 175.0196843412 346.0913114677 1.9774422104 25.2223300934 173.1927365629 654.7984187661 4
691.9720314285 0.0260054059 0.0865683309 190.6766918987 304.2707181313 1.5957415408 23.9757175446 189.1633309024 594.3156255552 4
1461.7503424331 0.0408407045 0.0495673508 391.8460234008 5574.0028199661 14.2249824857 57.2314796448 387.6439908583 1428.8399755134 4
1647.9398111586 0.0809832773 0.0865683309 576.7703763685 11852.4850634255 20.5497465699 111.4359130859 565.9029104183 1402.8777374758 4
1535.8507395877 0.0884881931 0.0041887902 637.3496743714 10814.0501683075 16.9672169033 96.6103973389 632.1651151578 1197.7621500369 4
1800 0.0342084533 0.0425860337 301.0603508989 4406.1543313109 14.6354520552 67.625328064 293.3669201065 1742.3757016886 5
1666.1487855641 0.0123918377 0.0584514737 72.9310502943 1402.2316649584 19.2268129871 51.8547668457 58.595762951 1746.5775035735 5
1949.1181546753 0.0517983105 0.016500689 170.3314948528 3212.0770546743 18.8577987732 101.4558486938 136.8193285925 1941.3673831863 5
2800 0.0830776724 0.184306769 583.2592574834 31388.6528822211 53.8159531623 298.5829772949 501.0384943822 2896.5824833035 5
2000 0.0671951762 0.1242674427 330.2716456314 15381.0976865603 46.571051103 169.1979827881 283.639564377 2063.0732120677 5
2600 0.2005383311 0.2080432468 1063.4414274728 174480.476217939 164.0715433031 418.687286377 977.5523672434 2664.5836230562 5
1600 0.0719075652 -0.0663225116 436.9436030304 12655.342134564 28.9633308436 103.7327041626 432.1297489466 1475.3715337125 5
2300 0.0450294947 0.1368338134 185.4460437168 5086.2924971704 27.4273443382 178.6917419434 49.593290224 2480.592151132 5
