0.819106
0.820041
0.822
0.799599
0.819473
0.818548
0.817269
0.80123
0.803719
0.808791
0.827723
0.811594
0.810976
0.806316
0.820774
0.816733
0.830986
0.827731
0.82582
0.810811
0.834382
0.8125
0.8125
0.8159
0.823529
0.814815
0.825651
0.82438
0.825911
0.822709
0.796715
0.811594
0.802062
0.829474
0.814286
0.834343
0.830709
0.809129
0.809224
0.807054
0.821862
0.814894
0.810309
0.814894
0.81746
0.812133
0.815353
0.812121
0.831663
0.818548
0.816929
0.822449
0.823529
0.818182
0.8107
0.819767
0.813142
0.807018
0.805328
0.823529
0.825558
0.818725
0.824701
0.797895
0.817635
0.816901
0.832994
0.80819
0.814815
0.813525
0.828685
0.808383
0.821429
0.818182
0.818713
0.798768
0.816901
0.810591
0.819915
0.836401
0.811159
0.819106
0.826804
0.825364
0.811475
0.812121
0.820926
0.812
0.811715
0.798781
0.796178
0.816701
0.823887
0.828694
0.828685
0.820988
0.813278
0.819533
0.819149
0.813142
