1002945 5 4 4 5 7 10 3 2 1 2
1015425 3 1 1 1 2 2 3 1 1 2
1017023 4 1 1 3 2 1 3 1 1 2
1017122 8 10 10 8 7 10 9 7 1 4
1018561 2 1 2 1 2 1 3 1 1 2
1033078 2 1 1 1 2 1 1 1 5 2
1036172 2 1 1 1 2 1 2 1 1 2
1041801 5 3 3 3 2 3 4 4 1 4
1049815 4 1 1 1 2 1 3 1 1 2
1065726 5 2 3 4 2 7 3 6 1 4
1066373 3 2 1 1 1 1 2 1 1 2
1067444 2 1 1 1 2 1 2 1 1 2
1070935 1 1 3 1 2 1 1 1 1 2
1072179 10 7 7 3 8 5 7 4 3 4
1091262 2 5 3 3 6 7 7 5 1 4
1099510 10 4 3 1 3 3 6 5 2 4
1102573 5 6 5 6 10 1 3 1 1 4
1106095 4 1 1 3 2 1 3 1 1 2
1110524 10 5 5 6 8 8 7 1 1 4
1113483 5 2 3 1 6 10 5 1 1 4
1113906 9 5 5 2 2 2 5 1 1 4
1116192 1 1 1 1 2 1 2 1 1 2
1116998 10 4 2 1 3 2 4 3 10 4
1118039 5 3 4 1 8 10 4 9 1 4
1120559 8 3 8 3 4 9 8 9 8 4
1121732 1 1 1 1 2 1 3 2 1 2
1123061 6 10 2 8 10 2 7 8 10 4
1131294 1 1 2 1 2 2 4 2 1 2
1132347 1 1 4 1 2 1 2 1 1 2
1133041 5 3 1 2 2 1 2 1 1 2
1133136 3 1 1 1 2 3 3 1 1 2
1143978 4 1 1 2 2 1 2 1 1 2
1143978 5 2 1 1 2 1 3 1 1 2
1147044 3 1 1 1 2 2 7 1 1 2
1147748 5 10 6 1 10 4 4 10 10 4
1152331 4 1 1 1 2 1 3 1 1 2
1156272 1 1 1 1 2 1 3 1 1 2
1157734 4 1 1 1 2 1 3 1 1 2
1158247 1 1 1 1 2 1 2 1 1 2
1160476 2 1 1 1 2 1 3 1 1 2
1166630 7 5 6 10 5 10 7 9 4 4
1166654 10 3 5 1 10 5 3 10 2 4
1167439 2 3 4 4 2 5 2 5 1 4
1170420 1 6 8 10 8 10 5 7 1 4
1171710 6 5 4 4 3 9 7 8 3 4
1172152 10 3 3 10 2 10 7 3 3 4
1173216 10 10 10 3 10 8 8 1 1 4
1173347 8 3 3 1 2 2 3 2 1 2
1173509 4 5 5 10 4 10 7 5 8 4
1173514 1 1 1 1 4 3 1 1 1 2
1177399 8 3 5 4 5 10 1 6 2 4
1181356 5 1 1 1 2 2 3 3 1 2
1182404 4 1 1 1 2 1 2 1 1 2
1182410 3 1 1 1 2 1 1 1 1 2
1183240 4 1 2 1 2 1 2 1 1 2
1183516 3 1 1 1 2 1 1 1 1 2
1184241 2 1 1 1 2 1 2 1 1 2
1185609 3 4 5 2 6 8 4 1 1 4
1187805 8 8 7 4 10 10 7 8 7 4
1190394 4 1 1 1 2 3 1 1 1 2
1190485 1 1 1 1 2 1 1 1 1 2
1192325 5 5 5 6 3 10 3 1 1 4
1193210 2 1 1 1 2 1 3 1 1 2
1196915 10 7 7 4 5 10 5 7 2 4
1197270 3 1 1 1 2 1 3 1 1 2
1197979 4 1 1 1 2 2 3 2 1 2
1198641 3 1 1 1 2 1 3 1 1 2
1199731 3 1 1 1 2 1 1 1 1 2
1199983 1 1 1 1 2 1 3 1 1 2
1200772 1 1 1 1 2 1 2 1 1 2
1201936 5 10 10 3 8 1 5 10 3 4
1204898 6 1 1 1 2 1 3 1 1 2
1205579 8 7 6 4 4 10 5 1 1 4
1208301 1 2 3 1 2 1 3 1 1 2
1212232 5 1 1 1 2 1 2 1 1 2
1212422 4 1 1 1 2 1 3 1 1 2
1214966 9 7 7 5 5 10 7 8 3 4
1216694 10 8 8 4 10 10 8 1 1 4
1218741 10 10 9 3 7 5 3 5 1 4
1220330 1 1 1 1 2 1 3 1 1 2
1222047 10 10 10 10 3 10 10 6 1 4
1223282 1 1 1 1 2 1 2 1 1 2
1223426 1 1 1 1 2 1 3 1 1 2
1223793 6 10 7 7 6 4 8 10 2 4
1223967 6 1 3 1 2 1 3 1 1 2
1225799 10 6 4 3 10 10 9 10 1 4
1226612 7 5 6 3 3 8 7 4 1 4
1227244 1 1 1 1 2 1 2 1 1 2
1231387 6 8 7 5 6 8 8 9 2 4
1231706 8 4 6 3 3 1 4 3 1 2
1236043 3 3 2 1 3 1 3 6 1 2
1242364 8 10 10 8 6 9 3 10 10 4
1270479 5 1 3 3 2 2 2 3 1 2
1277018 2 1 1 1 2 1 3 1 1 2
183913 1 2 2 1 2 1 1 1 1 2
1100524 6 10 10 2 8 10 7 3 3 4
1116116 9 10 10 1 10 8 3 3 1 4
1182404 3 1 1 1 2 1 1 1 1 2
1182404 3 1 1 1 2 1 2 1 1 2
242970 5 7 7 1 5 8 3 4 1 2
263538 5 10 10 6 10 10 10 6 5 4
324427 10 8 8 2 3 4 8 7 8 4
385103 1 1 1 1 2 1 3 1 1 2
428903 7 2 4 1 3 4 3 3 1 4
476903 10 5 7 3 3 7 3 3 8 4
486662 2 1 1 2 2 1 3 1 1 2
492268 10 4 6 1 2 10 5 3 1 4
555977 5 6 6 8 6 10 4 10 4 4
561477 1 1 1 1 2 1 3 1 1 2
61634 5 4 3 1 2 ? 2 3 1 2
625201 8 2 1 1 5 1 1 1 1 2
635844 8 4 10 5 4 4 7 10 1 4
659642 10 8 4 4 4 10 3 10 4 4
667204 7 8 7 6 4 3 8 8 4 4
673637 3 1 1 1 2 5 5 1 1 2
688033 1 1 1 1 2 1 1 1 1 2
693702 1 1 1 1 2 1 1 1 1 2
704097 1 1 1 1 1 1 2 1 1 2
709287 6 8 7 8 6 8 8 9 1 4
718641 1 1 1 1 5 1 3 1 1 2
730881 7 6 3 2 5 10 7 4 6 4
743348 3 2 2 1 2 1 2 3 1 2
752904 10 1 1 1 2 10 5 4 1 4
756136 1 1 1 1 2 1 2 1 1 2
760001 8 10 3 2 6 4 3 10 1 4
760239 10 4 6 4 5 10 7 1 1 4
76389 10 4 7 2 2 8 6 1 1 4
764974 5 1 1 1 2 1 3 1 2 2
785208 5 4 6 6 4 10 4 3 1 4
798429 1 1 1 1 2 1 3 1 1 2
704097 1 1 1 1 1 1 2 1 1 2
810104 1 1 1 1 2 1 3 1 1 2
814265 2 1 1 1 2 1 1 1 1 2
814911 1 1 1 1 2 1 1 1 1 2
822829 7 6 4 8 10 10 9 5 3 4
826923 1 1 1 1 2 1 1 1 1 2
832567 4 2 3 5 3 8 7 6 1 4
846832 3 4 5 3 7 3 4 6 1 2
855524 1 1 1 1 2 1 2 1 1 2
857774 4 1 1 1 3 1 2 2 1 2
859350 8 10 10 7 10 10 7 3 8 4
877291 6 10 10 10 10 10 8 10 10 4
888523 4 4 4 2 2 3 2 1 1 2
160296 5 8 8 10 5 10 8 10 3 4
492561 4 3 2 1 3 1 2 1 1 2
493452 1 1 3 1 2 1 1 1 1 2
560680 3 1 2 1 2 1 2 1 1 2
640712 1 1 1 1 2 1 2 1 1 2
654244 1 1 1 1 1 1 2 1 1 2
805448 1 1 1 1 2 1 1 1 1 2
1071084 3 3 2 2 3 1 1 2 3 2
1080233 7 6 6 3 2 10 7 1 1 4
1114570 5 3 3 2 3 1 3 1 1 2
1131411 1 1 1 2 2 1 2 1 1 2
1151734 10 8 7 4 3 10 7 9 1 4
1229929 1 1 1 1 2 1 2 1 1 2
1236837 2 3 2 2 2 2 3 1 1 2
1238021 1 1 1 1 2 1 2 1 1 2
1238915 5 1 2 1 2 1 3 1 1 2
1266154 8 7 8 2 4 2 5 10 1 4
1272039 1 1 1 1 2 1 2 1 1 2
1276091 5 1 1 3 4 1 3 2 1 2
1277629 5 1 1 1 2 1 2 2 1 2
1294562 10 8 10 1 3 10 5 1 1 4
677910 5 2 2 4 2 4 1 1 1 2
734111 1 1 1 1 2 2 1 1 1 2
780555 5 1 1 6 3 1 2 1 1 2
1058849 5 1 1 1 2 1 1 1 1 2
1193544 5 7 9 8 6 10 8 10 1 4
1202253 5 1 1 1 2 1 1 1 1 2
1266124 5 1 2 1 2 1 1 1 1 2
1211594 3 1 1 1 1 1 2 1 1 2
1277145 5 1 1 1 2 1 1 1 1 2
1301945 5 1 1 1 1 1 1 1 1 2
1002025 1 1 1 3 1 3 1 1 1 2
1076352 3 6 4 10 3 3 3 4 1 4
1084139 6 3 2 1 3 4 4 1 1 4
1115293 1 1 1 1 2 1 1 1 1 2
1253917 4 1 1 2 2 1 2 1 1 2
1299994 5 1 1 1 2 1 1 1 1 2
1304595 3 1 1 1 1 1 2 1 1 2
1306282 6 6 7 10 3 10 8 10 2 4
1330439 4 7 8 3 4 10 9 1 1 4
333093 1 1 1 1 3 1 1 1 1 2
369565 4 1 1 1 3 1 1 1 1 2
672113 7 5 6 10 4 10 5 3 1 4
807657 6 1 3 2 2 1 1 1 1 2
867392 4 2 2 1 2 1 2 1 1 2
1113061 5 1 1 1 2 1 3 1 1 2
1116192 5 1 2 1 2 1 3 1 1 2
1158157 5 1 1 1 2 2 2 1 1 2
1184586 4 1 1 1 2 1 2 1 1 2
1197527 5 1 1 1 2 1 2 1 1 2
1240603 3 1 1 1 1 1 1 1 1 2
1289391 1 1 1 1 2 1 3 1 1 2
1313658 3 1 1 1 2 1 1 1 1 2
1328331 1 1 1 1 2 1 3 1 1 2
1328755 3 1 1 1 2 1 2 1 1 2
1343068 8 4 4 1 6 10 2 5 2 4
690557 5 1 1 1 2 1 2 1 1 2
695219 1 1 1 1 2 1 2 1 1 2
871549 5 1 2 1 2 1 2 1 1 2
1107684 6 10 5 5 4 10 6 10 1 4
1115762 3 1 1 1 2 1 1 1 1 2
1261751 5 1 1 1 2 1 2 2 1 2
1294261 4 10 8 5 4 1 10 1 1 4
1298484 10 3 4 5 3 10 4 1 1 4
1311875 5 1 2 1 2 1 1 1 1 2
1315506 4 8 6 3 4 10 7 1 1 4
1320141 5 1 1 1 2 1 2 1 1 2
1325309 4 1 2 1 2 1 2 1 1 2
1333495 3 1 1 1 2 1 2 1 1 2
1350568 4 1 1 1 2 1 2 1 1 2
188336 5 3 2 8 5 10 8 1 2 4
353098 4 1 1 2 2 1 1 1 1 2
822829 8 10 10 10 6 10 10 10 10 4
1041043 4 1 3 1 2 1 2 1 1 2
1057067 1 1 1 1 1 ? 1 1 1 2
1213273 2 1 1 1 2 1 1 1 1 2
1218982 4 1 1 1 2 1 1 1 1 2
1238777 1 1 1 1 2 1 1 1 1 2
1257366 3 1 1 1 2 1 1 1 1 2
1275807 4 2 4 3 2 2 2 1 1 2
1290203 3 1 1 1 2 1 2 1 1 2
1299596 2 1 1 1 2 1 1 1 1 2
1303489 3 1 1 1 2 1 2 1 1 2
1311108 1 1 1 3 2 1 1 1 1 2
1318671 3 1 1 1 2 1 2 1 1 2
1326892 3 1 1 1 2 1 2 1 1 2
1339781 4 1 1 1 2 1 3 1 1 2
1352848 3 10 7 8 5 8 7 4 1 4
1354840 2 1 1 1 2 1 3 1 1 2
1355260 1 1 1 1 2 1 2 1 1 2
1365328 1 1 2 1 2 1 2 1 1 2
536708 1 1 1 1 2 1 1 1 1 2
888820 5 10 10 3 7 3 8 10 2 4
897471 4 8 6 4 3 4 10 6 1 4
