0.626263
0.592233
0.577778
0.637255
0.490196
0.471154
0.592233
0.656863
0.538462
0.584158
0.576087
0.57732
0.595745
0.619565
0.54902
0.623656
0.621359
0.666667
0.553398
0.633027
0.550562
0.440367
0.623762
0.56044
0.598039
0.539326
0.628866
0.584158
0.572816
0.475248
0.52381
0.514852
0.529412
0.484536
0.60396
0.567308
0.584071
0.601942
0.415842
0.536082
0.540816
0.609524
0.618557
0.463158
0.638554
0.430233
0.52381
0.520408
0.46875
0.531915
0.576923
0.581818
0.613861
0.485437
0.642105
0.527778
0.555556
0.51
0.505495
0.588889
0.644231
0.617021
0.581633
0.553398
0.5
0.495146
0.405941
0.651376
0.618557
0.514852
0.593407
0.62766
0.442308
0.569892
0.591398
0.382979
0.602151
0.548387
0.393617
0.587629
0.56701
0.542553
0.57
0.627273
0.563636
0.58
0.587156
0.495146
0.580645
0.604167
0.418367
0.515464
0.603774
0.465347
0.586957
0.618557
0.520833
0.42
0.603774
0.513043
0.626263
0.592233
0.577778
0.637255
0.490196
0.471154
0.592233
0.656863
0.538462
0.584158
0.576087
0.57732
0.595745
0.619565
0.54902
0.623656
0.621359
0.666667
0.553398
0.633027
0.550562
0.440367
0.623762
0.56044
0.598039
0.539326
0.628866
0.584158
0.572816
0.475248
0.52381
0.514852
0.529412
0.484536
0.60396
0.567308
0.584071
0.601942
0.415842
0.536082
0.540816
0.609524
0.618557
0.463158
0.638554
0.430233
0.52381
0.520408
0.46875
0.531915
0.576923
0.581818
0.613861
0.485437
0.642105
0.527778
0.555556
0.51
0.505495
0.588889
0.644231
0.617021
0.581633
0.553398
0.5
0.495146
0.405941
0.651376
0.618557
0.514852
0.593407
0.62766
0.442308
0.569892
0.591398
0.382979
0.602151
0.548387
0.393617
0.587629
0.56701
0.542553
0.57
0.627273
0.563636
0.58
0.587156
0.495146
0.580645
0.604167
0.418367
0.515464
0.603774
0.465347
0.586957
0.618557
0.520833
0.42
0.603774
0.513043
