0.435644
0.684783
0.578431
0.543478
0.534653
0.58
0.568627
0.519608
0.574257
0.642105
0.354839
0.561224
0.640777
0.609524
0.52
0.588235
0.609524
0.623762
0.659341
0.654545
0.54
0.533981
0.552083
0.484211
0.573034
0.59434
0.683168
0.59375
0.623762
0.495238
0.659091
0.410526
0.633663
0.622642
0.431373
0.66
0.602041
0.515152
0.634615
0.608247
0.574468
0.527273
0.607843
0.571429
0.516129
0.54902
0.567308
0.6
0.627451
0.557895
0.46
0.430233
0.591837
0.55102
0.594059
0.4
0.60396
0.516129
0.631579
0.58
0.528302
0.568807
0.572816
0.5
0.638095
0.581633
0.563107
0.558824
0.459184
0.540816
0.466019
0.68932
0.588235
0.405405
0.618557
0.540816
0.633663
0.45283
0.545455
0.545455
0.480769
0.614679
0.53
0.615385
0.622449
0.607477
0.525773
0.61165
0.519608
0.552381
0.582524
0.526316
0.530612
0.659794
0.597938
0.442308
0.546392
0.545455
0.548077
0.542857
0.435644
0.684783
0.578431
0.543478
0.534653
0.58
0.568627
0.519608
0.574257
0.642105
0.354839
0.561224
0.640777
0.609524
0.52
0.588235
0.609524
0.623762
0.659341
0.654545
0.54
0.533981
0.552083
0.484211
0.573034
0.59434
0.683168
0.59375
0.623762
0.495238
0.659091
0.410526
0.633663
0.622642
0.431373
0.66
0.602041
0.515152
0.634615
0.608247
0.574468
0.527273
0.607843
0.571429
0.516129
0.54902
0.567308
0.6
0.627451
0.557895
0.46
0.430233
0.591837
0.55102
0.594059
0.4
0.60396
0.516129
0.631579
0.58
0.528302
0.568807
0.572816
0.5
0.638095
0.581633
0.563107
0.558824
0.459184
0.540816
0.466019
0.68932
0.588235
0.405405
0.618557
0.540816
0.633663
0.45283
0.545455
0.545455
0.480769
0.614679
0.53
0.615385
0.622449
0.607477
0.525773
0.61165
0.519608
0.552381
0.582524
0.526316
0.530612
0.659794
0.597938
0.442308
0.546392
0.545455
0.548077
0.542857
