500 0.2272418686 0.0509636142 219.2955022803 9819.4496142339 44.7772503865 76.8684997559 207.2666404204 602.5278406267 0
390 0.3583160954 0.2038544566 245.6861030662 10055.83687254 40.929612001 70.3247833252 236.4901696665 477.5483599605 0
300 0.1900663555 0.1668534765 97.1081295111 3039.5613030204 31.3007913789 51.3539733887 82.4181920286 387.0782275399 0
294.4748456196 0.2066469834 0.4677482395 194.8710353479 5541.2561262519 28.4355041084 36.7657966614 191.8048904696 445.5132993662 0
211 0.0539306739 0.0942477796 30.7534434583 151.9845775553 4.9420344672 14.2683744431 27.24312366 217.1307040276 1
245 0.189019158 0.081681409 62.9029550923 1235.9833558899 19.6490507334 42.152015686 46.6903554272 292.3762384463 1
355 0.0640535835 0.0844739358 89.5584634547 1033.8542450686 11.5439033363 27.5626621246 86.5765610935 372.0399565985 1
341.6200131082 0.0919788516 0.0740019603 85.0430285558 1370.8380678239 16.1193467719 29.028968811 79.935196807 385.1334598423 1
155 0.1727875959 0.1186823891 38.940168406 415.1116010235 10.6602415453 25.8365020752 29.134376179 184.8170409368 1
195 0.1391027414 0.20525072 37.4621956231 328.384051619 8.7657449372 35.0238265991 13.2946502587 232.5876276733 2
260.2775210255 0.0790634151 0.0328121899 58.8176114077 277.2590342852 4.7138778276 17.8686695099 56.0376840227 248.6234122408 2
544.6543494729 0.0637045177 0.0020943951 100.7880802493 1189.290233286 11.7999095761 29.4122219086 96.5801499813 553.3582098767 2
310 0.1747074581 0.1654572131 98.5099614229 2741.0320443757 27.8249225234 49.3278617859 85.270009838 388.9778083603 2
327 0.1410226036 0.0844739358 76.2128681277 1664.6740761276 21.8424278868 43.2216911316 62.7717028567 379.261838625 2
470.5164201366 0.1274090354 0.0663225116 150.2240222783 2657.9103674885 17.6929783079 47.5606307983 142.4964679752 491.4724884651 3
223 0.1240929098 0.0795870139 33.0963349781 197.0125405291 5.9526996164 30.4548740387 12.9563896614 252.4833478365 3
152 0.1658062789 0.2275909345 34.2195504039 94.354327958 2.7573222571 31.2792778015 13.8774777297 180.6095533186 3
178 0.1495747169 0.0991347015 40.2906209757 474.4046992996 11.7745690637 25.9208278656 30.8454992657 209.1807379131 3
103 0.1581268302 0.2918190509 23.754811344 78.2584737249 3.2944262361 22.3236026764 8.1208260291 124.9785610053 3
1385.6647213356 0.0923279174 0.0893608577 202.480043717 8785.0287327512 43.3871337218 143.0921936035 143.2577800188 1524.6092039901 4
649.3693973479 0.1075122819 0.0188495559 207.1116914337 3344.432677502 16.1479666085 50.5474700928 200.848714465 623.9088141112 4
770 0.0416283304 0.0024345501 175.0196843412 346.0913114677 1.9774422104 25.2223300934 173.1927365629 654.7984187661 4
691.9720314285 0.0260054059 0.0865683309 190.6766918987 304.2707181313 1.5957415408 23.9757175446 189.1633309024 594.3156255552 4
1496.7360544463 0.1038470905 0.0823795407 640.2759503982 11071.9977976663 17.292540491 108.2869186401 631.052482108 1178.274277509 4
1647.9398111586 0.0809832773 0.0865683309 576.7703763685 11852.4850634255 20.5497465699 111.4359130859 565.9029104183 1402.8777374758 4
1535.8507395877 0.0884881931 0.0041887902 637.3496743714 10814.0501683075 16.9672169033 96.6103973389 632.1651151578 1197.7621500369 4
1700 0.0439822972 0.1051268014 120.6530096363 12331.1030943741 102.2030294275 120.2973175049 -9.2576964639 2212.1781964657 5
1850 0.0791491625 0.0694701804 253.6214550606 13113.2030948392 51.7038398494 160.0654602051 196.7304979641 1916.9853650897 5
1900 0.0544542727 0.1137954672 272.6180288705 7481.5934698544 27.4435021809 138.3592681885 234.8984958066 1924.5178953496 5
1800 0.0691150384 0.1570796327 385.564704349 13831.7248887707 35.8739395301 157.5700073242 351.8974774277 1823.0323641657 5
2000 0.1069886831 0.1054178868 520.2226492052 40087.9209837665 77.0591611976 204.09034729 478.5172231615 2088.6488701693 5
