1002945 5 4 4 5 7 10 3 2 1 2
1017023 4 1 1 3 2 1 3 1 1 2
1017122 8 10 10 8 7 10 9 7 1 4
1033078 4 2 1 1 2 1 2 1 1 2
1035283 1 1 1 1 1 1 3 1 1 2
1048672 4 1 1 1 2 1 2 1 1 2
1054590 7 3 2 10 5 10 5 4 4 4
1057013 8 4 5 1 2 ? 7 3 1 4
1066979 5 1 1 1 2 1 2 1 1 2
1067444 2 1 1 1 2 1 2 1 1 2
1070935 3 1 1 1 1 1 2 1 1 2
1079304 2 1 1 1 2 1 2 1 1 2
1102573 5 6 5 6 10 1 3 1 1 4
1103608 10 10 10 4 8 1 8 10 1 4
1110102 10 3 6 2 3 5 4 10 2 4
1110503 5 5 5 8 10 8 7 3 7 4
1110524 10 5 5 6 8 8 7 1 1 4
1116132 6 3 4 1 5 2 3 9 1 4
1118039 5 3 4 1 8 10 4 9 1 4
1131294 1 1 2 1 2 2 4 2 1 2
1132347 1 1 4 1 2 1 2 1 1 2
1136142 2 1 1 1 3 1 2 1 1 2
1152331 4 1 1 1 2 1 3 1 1 2
1156272 1 1 1 1 2 1 3 1 1 2
1157734 4 1 1 1 2 1 3 1 1 2
1158247 1 1 1 1 2 1 2 1 1 2
1167471 4 1 2 1 2 1 3 1 1 2
1168736 10 10 10 10 10 1 8 8 8 4
1171845 8 6 4 3 5 9 3 1 1 4
1173216 10 10 10 3 10 8 8 1 1 4
1173347 1 1 1 1 2 5 1 1 1 2
1173347 8 3 3 1 2 2 3 2 1 2
1173681 3 2 1 1 2 2 3 1 1 2
1174057 1 1 2 2 2 1 3 1 1 2
1174428 5 3 5 1 8 10 5 3 1 4
1176881 7 5 3 7 4 10 7 5 5 4
1178580 5 1 3 1 2 1 2 1 1 2
1179818 2 1 1 1 2 1 3 1 1 2
1180523 3 1 1 1 2 1 2 2 1 2
1182404 4 1 1 1 2 1 2 1 1 2
1183246 1 1 1 1 1 ? 2 1 1 2
1188472 1 1 1 1 1 1 3 1 1 2
1190394 4 1 1 1 2 3 1 1 1 2
1193210 2 1 1 1 2 1 3 1 1 2
1196295 9 9 10 3 6 10 7 10 6 4
1197993 5 6 7 8 8 10 3 10 3 4
1198128 10 8 10 10 6 1 3 1 10 4
1199219 1 1 1 2 1 1 1 1 1 2
1200952 5 8 7 7 10 10 5 7 1 4
1204242 1 1 1 1 2 1 1 1 1 2
1207986 5 8 4 10 5 8 9 10 1 4
1208301 1 2 3 1 2 1 3 1 1 2
1214092 1 1 1 1 2 1 1 1 1 2
1214966 9 7 7 5 5 10 7 8 3 4
1217051 5 1 1 1 2 1 3 1 1 2
1218105 5 10 10 9 6 10 7 10 5 4
1218860 1 1 1 1 1 1 3 1 1 2
1219525 8 10 10 10 5 10 8 10 6 4
1222047 10 10 10 10 3 10 10 6 1 4
1226012 4 1 1 3 1 5 2 1 1 4
1228311 1 1 1 1 1 1 3 1 1 2
1230175 10 10 10 3 10 10 9 10 1 4
1230688 7 4 7 4 3 7 7 6 1 4
1232225 10 4 5 5 5 10 4 1 1 4
1241232 3 1 4 1 2 ? 3 1 1 2
1241559 10 8 8 2 8 10 4 8 10 4
1242364 8 10 10 8 6 9 3 10 10 4
1243256 10 4 3 2 3 10 5 3 2 4
1270479 5 1 3 3 2 2 2 3 1 2
144888 8 10 10 8 5 10 7 8 1 4
1168736 5 6 6 2 4 10 3 6 1 4
303213 10 4 4 10 6 10 5 5 1 4
314428 7 9 4 10 10 3 5 3 3 4
431495 3 1 1 1 2 1 3 2 1 2
434518 3 1 1 1 2 1 2 1 1 2
456282 1 1 1 1 2 1 3 1 1 2
476903 10 5 7 3 3 7 3 3 8 4
486283 3 1 1 1 2 1 3 1 1 2
555977 5 6 6 8 6 10 4 10 4 4
606140 1 1 1 1 2 ? 2 1 1 2
606722 5 5 7 8 6 10 7 4 1 4
625201 8 2 1 1 5 1 1 1 1 2
63375 9 1 2 6 4 10 7 7 2 4
646904 1 1 1 1 2 1 3 1 1 2
666090 1 1 1 1 2 1 3 1 1 2
666942 1 1 1 1 2 1 3 1 1 2
704168 4 6 5 6 7 ? 4 9 1 2
709287 6 8 7 8 6 8 8 9 1 4
718641 1 1 1 1 5 1 3 1 1 2
730881 7 6 3 2 5 10 7 4 6 4
733823 5 4 6 10 2 10 4 1 1 4
743348 3 2 2 1 2 1 2 3 1 2
756136 1 1 1 1 2 1 2 1 1 2
806423 8 5 5 5 2 10 4 3 1 4
814911 1 1 1 1 2 1 1 1 1 2
826923 1 1 1 1 2 1 1 1 1 2
850831 2 7 10 10 7 10 4 9 4 4
855524 1 1 1 1 2 1 2 1 1 2
857774 4 1 1 1 3 1 2 2 1 2
859350 8 10 10 7 10 10 7 3 8 4
866325 8 10 5 3 8 4 4 10 3 4
640712 1 1 1 1 2 1 2 1 1 2
654244 1 1 1 1 1 1 2 1 1 2
1026122 2 1 1 1 2 1 1 1 1 2
1080233 7 6 6 3 2 10 7 1 1 4
1114570 2 1 1 1 2 1 2 2 1 2
1151734 10 8 7 4 3 10 7 9 1 4
1196263 4 1 1 1 2 1 1 1 1 2
1196475 3 2 1 1 2 1 2 2 1 2
1223003 5 3 3 1 2 1 2 1 1 2
1223306 3 1 1 1 2 4 1 1 1 2
1229929 1 1 1 1 2 1 2 1 1 2
1236837 2 3 2 2 2 2 3 1 1 2
1238021 1 1 1 1 2 1 2 1 1 2
1238464 1 1 1 1 1 ? 2 1 1 2
1239232 3 3 2 6 3 3 3 5 1 2
1239967 1 1 1 1 2 1 2 1 1 2
1257648 4 3 3 1 2 1 3 3 1 2
1258549 9 10 10 10 10 10 10 10 1 4
1258556 5 3 6 1 2 1 1 1 1 2
1266154 8 7 8 2 4 2 5 10 1 4
1276091 2 1 1 1 2 1 2 1 1 2
1276091 1 3 1 1 2 1 2 2 1 2
1293439 6 9 7 5 5 8 4 2 1 2
1294562 10 8 10 1 3 10 5 1 1 4
527337 4 1 1 1 2 1 1 1 1 2
566509 5 1 1 1 2 1 1 1 1 2
608157 10 4 3 10 4 10 10 1 1 4
1049837 1 1 1 1 2 1 1 1 1 2
1058849 5 1 1 1 2 1 1 1 1 2
1201870 4 1 1 3 1 1 2 1 1 2
1227081 3 1 1 3 2 1 1 1 1 2
1257470 10 6 5 8 5 10 8 6 1 4
1268804 3 1 1 1 2 5 1 1 1 2
1276091 6 1 1 3 2 1 1 1 1 2
1280258 4 1 1 1 2 1 1 2 1 2
1293966 4 1 1 1 2 1 1 1 1 2
1181685 1 1 2 1 2 1 2 1 1 2
1211594 3 1 1 1 1 1 2 1 1 2
1257608 6 1 1 1 1 1 1 1 1 2
1296593 5 2 1 1 2 1 1 1 1 2
1301945 5 1 1 1 1 1 1 1 1 2
1302428 5 3 2 4 2 1 1 1 1 2
1318169 9 10 10 10 10 5 10 10 10 4
1002025 1 1 1 3 1 3 1 1 1 2
1133991 4 1 1 1 1 1 2 1 1 2
1170945 3 1 1 1 1 1 2 1 1 2
1181567 1 1 1 1 1 1 1 1 1 2
1182404 4 2 1 1 2 1 1 1 1 2
1224565 6 1 1 1 2 1 3 1 1 2
1238186 4 1 1 1 2 1 2 1 1 2
1268766 1 1 1 1 2 1 1 1 1 2
1297327 5 1 1 1 2 1 1 1 1 2
1298360 1 1 1 1 2 1 1 1 1 2
1299924 5 1 1 1 2 1 2 1 1 2
1299994 5 1 1 1 2 1 1 1 1 2
1306282 6 6 7 10 3 10 8 10 2 4
1320077 1 1 1 1 1 1 2 1 1 2
1320304 3 1 2 2 2 1 1 1 1 2
369565 4 1 1 1 3 1 1 1 1 2
769612 3 1 1 2 2 1 1 1 1 2
798429 4 1 1 1 2 1 3 1 1 2
867392 4 2 2 1 2 1 2 1 1 2
1043068 3 1 1 1 2 1 2 1 1 2
1056171 2 1 1 1 2 1 2 1 1 2
1061990 1 1 3 2 2 1 3 1 1 2
1113061 5 1 1 1 2 1 3 1 1 2
1222464 6 10 10 10 4 10 7 10 1 4
1240603 2 1 1 1 1 1 1 1 1 2
1240603 3 1 1 1 1 1 1 1 1 2
1287971 3 1 1 1 2 1 2 1 1 2
1313658 3 1 1 1 2 1 1 1 1 2
1321264 5 2 2 2 1 1 2 1 1 2
1321942 5 1 1 1 2 1 3 1 1 2
1331405 4 1 1 1 2 1 3 2 1 2
1334071 4 1 1 1 2 3 2 1 1 2
1343068 8 4 4 1 6 10 2 5 2 4
1344121 8 10 4 4 8 10 8 2 1 4
690557 5 1 1 1 2 1 2 1 1 2
1115762 3 1 1 1 2 1 1 1 1 2
1217717 5 1 1 6 3 1 1 1 1 2
1268275 9 8 8 9 6 3 4 1 1 4
1272166 5 1 1 1 2 1 1 1 1 2
1325309 4 1 2 1 2 1 2 1 1 2
1333063 5 1 3 1 2 1 3 1 1 2
1333495 3 1 1 1 2 1 2 1 1 2
1344449 1 1 1 1 1 1 2 1 1 2
1350568 4 1 1 1 2 1 2 1 1 2
353098 4 1 1 2 2 1 1 1 1 2
1140597 7 1 2 3 2 1 2 1 1 2
1149548 1 1 1 1 2 1 1 1 1 2
1183596 3 1 3 1 3 4 1 1 1 2
1225382 6 2 3 1 2 1 1 1 1 2
1257366 3 1 1 1 2 1 1 1 1 2
1277792 4 1 1 1 2 1 1 1 1 2
1277792 5 1 1 3 2 1 1 1 1 2
1285722 4 1 1 3 2 1 1 1 1 2
1290203 3 1 1 1 2 1 2 1 1 2
1311033 1 2 2 1 2 1 1 1 1 2
1318671 3 1 1 1 2 1 2 1 1 2
1334667 1 1 1 1 2 1 1 1 1 2
1339781 1 1 1 1 2 1 2 1 1 2
1348851 3 1 1 1 2 1 3 1 1 2
1354840 5 3 2 1 3 1 1 1 1 2
1365075 4 1 4 1 2 1 1 1 1 2
1371920 5 1 1 1 2 1 3 2 1 2
466906 1 1 1 1 2 1 1 1 1 2
536708 1 1 1 1 2 1 1 1 1 2
566346 3 1 1 1 2 1 2 3 1 2
654546 1 1 1 1 2 1 1 1 8 2
654546 1 1 1 3 2 1 1 1 1 2
695091 5 10 10 5 4 5 4 4 1 4
