1000025 5 1 1 1 2 1 3 1 1 2
1015425 3 1 1 1 2 2 3 1 1 2
1016277 6 8 8 1 3 4 3 7 1 2
1017023 4 1 1 3 2 1 3 1 1 2
1017122 8 10 10 8 7 10 9 7 1 4
1018099 1 1 1 1 2 10 3 1 1 2
1018561 2 1 2 1 2 1 3 1 1 2
1036172 2 1 1 1 2 1 2 1 1 2
1041801 5 3 3 3 2 3 4 4 1 4
1047630 7 4 6 4 6 1 4 3 1 4
1066979 5 1 1 1 2 1 2 1 1 2
1072179 10 7 7 3 8 5 7 4 3 4
1079304 2 1 1 1 2 1 2 1 1 2
1080185 10 10 10 8 6 1 8 9 1 4
1081791 6 2 1 1 1 1 7 1 1 2
1084584 5 4 4 9 2 10 5 6 1 4
1091262 2 5 3 3 6 7 7 5 1 4
1103722 1 1 1 1 2 1 2 1 2 2
1105257 3 7 7 4 4 9 4 8 1 4
1106095 4 1 1 3 2 1 3 1 1 2
1106829 7 8 7 2 4 8 3 8 2 4
1110503 5 5 5 8 10 8 7 3 7 4
1110524 10 5 5 6 8 8 7 1 1 4
1112209 8 10 10 1 3 6 3 9 1 4
1115282 5 3 5 5 3 3 4 10 1 4
1116132 6 3 4 1 5 2 3 9 1 4
1116998 10 4 2 1 3 2 4 3 10 4
1136142 2 1 1 1 3 1 2 1 1 2
1143978 4 1 1 2 2 1 2 1 1 2
1147044 3 1 1 1 2 2 7 1 1 2
1165297 2 1 1 2 2 1 1 1 1 2
1165926 9 6 9 2 10 6 2 9 10 4
1167471 4 1 2 1 2 1 3 1 1 2
1169049 7 3 4 4 3 3 3 2 7 4
1170419 10 10 10 8 2 10 4 1 1 4
1170420 1 6 8 10 8 10 5 7 1 4
1171710 6 5 4 4 3 9 7 8 3 4
1171795 1 3 1 2 2 2 5 3 2 2
1173347 8 3 3 1 2 2 3 2 1 2
1176881 7 5 3 7 4 10 7 5 5 4
1177027 3 1 1 1 2 1 3 1 1 2
1179818 2 1 1 1 2 1 3 1 1 2
1180831 3 1 1 1 3 1 2 1 1 2
1182410 3 1 1 1 2 1 1 1 1 2
1185609 3 4 5 2 6 8 4 1 1 4
1187457 3 1 1 3 8 1 5 8 1 2
1187805 8 8 7 4 10 10 7 8 7 4
1188472 1 1 1 1 1 1 3 1 1 2
1189266 7 2 4 1 6 10 5 4 3 4
1193091 1 2 2 1 2 1 2 1 1 2
1193683 1 1 2 1 3 ? 1 1 1 2
1196295 9 9 10 3 6 10 7 10 6 4
1197080 4 1 1 1 2 1 3 2 1 2
1197979 4 1 1 1 2 2 3 2 1 2
1199983 1 1 1 1 2 1 3 1 1 2
1200952 5 8 7 7 10 10 5 7 1 4
1201834 2 1 1 1 2 1 3 1 1 2
1201936 5 10 10 3 8 1 5 10 3 4
1202125 4 1 1 1 2 1 3 1 1 2
1202812 5 3 3 3 6 10 3 1 1 4
1204242 1 1 1 1 2 1 1 1 1 2
1204898 6 1 1 1 2 1 3 1 1 2
1205579 8 7 6 4 4 10 5 1 1 4
1206089 2 1 1 1 1 1 3 1 1 2
1206695 1 5 8 6 5 8 7 10 1 4
1210963 10 10 10 8 6 8 7 10 1 4
1212232 5 1 1 1 2 1 2 1 1 2
1213383 5 1 1 4 2 1 3 1 1 2
1214966 9 7 7 5 5 10 7 8 3 4
1218105 5 10 10 9 6 10 7 10 5 4
1218860 1 1 1 1 1 1 3 1 1 2
1219525 8 10 10 10 5 10 8 10 6 4
1219859 8 10 8 8 4 8 7 7 1 4
1220330 1 1 1 1 2 1 3 1 1 2
1223967 6 1 3 1 2 1 3 1 1 2
1228152 8 9 9 5 3 5 7 7 1 4
1231387 6 8 7 5 6 8 8 9 2 4
1236043 3 3 2 1 3 1 3 6 1 2
1241679 9 8 8 5 6 2 4 10 4 4
1242364 8 10 10 8 6 9 3 10 10 4
1270479 5 1 3 3 2 2 2 3 1 2
144888 8 10 10 8 5 10 7 8 1 4
145447 8 4 4 1 2 9 3 3 1 4
169356 3 1 1 1 2 ? 3 1 1 2
183913 1 2 2 1 2 1 1 1 1 2
1100524 6 10 10 2 8 10 7 3 3 4
1116116 9 10 10 1 10 8 3 3 1 4
242970 5 7 7 1 5 8 3 4 1 2
263538 5 10 10 6 10 10 10 6 5 4
314428 7 9 4 10 10 3 5 3 3 4
411453 5 1 1 1 2 1 3 1 1 2
428903 7 2 4 1 3 4 3 3 1 4
527363 8 10 10 10 8 10 10 7 3 4
560680 1 1 1 1 2 1 1 1 1 2
646904 1 1 1 1 2 1 3 1 1 2
659642 10 8 4 4 4 10 3 10 4 4
666090 1 1 1 1 2 1 3 1 1 2
673637 3 1 1 1 2 5 5 1 1 2
691628 8 6 4 10 10 1 3 5 1 4
693702 1 1 1 1 2 1 1 1 1 2
718641 1 1 1 1 5 1 3 1 1 2
730881 7 6 3 2 5 10 7 4 6 4
704097 1 1 1 1 1 1 2 1 1 2
809912 10 3 3 1 2 10 7 6 1 4
810104 1 1 1 1 2 1 3 1 1 2
832567 4 2 3 5 3 8 7 6 1 4
836433 5 1 1 3 2 1 1 1 1 2
877291 6 10 10 10 10 10 8 10 10 4
877943 3 10 3 10 6 10 5 1 4 4
888523 4 4 4 2 2 3 2 1 1 2
896404 2 1 1 1 2 1 3 1 1 2
897172 2 1 1 1 2 1 2 1 1 2
95719 6 10 10 10 8 10 7 10 7 4
160296 5 8 8 10 5 10 8 10 3 4
342245 1 1 3 1 2 1 1 1 1 2
846423 10 6 3 6 4 10 7 8 4 4
1022257 2 1 1 1 2 1 1 1 1 2
1080233 7 6 6 3 2 10 7 1 1 4
1114570 5 3 3 2 3 1 3 1 1 2
1114570 2 1 1 1 2 1 2 2 1 2
1131411 1 1 1 2 2 1 2 1 1 2
1156017 3 1 1 1 2 1 2 1 1 2
1196263 4 1 1 1 2 1 1 1 1 2
1223543 1 2 1 3 2 1 1 2 1 2
1231853 4 2 2 1 2 1 2 1 1 2
1238633 10 10 10 6 8 4 8 5 1 4
1277629 5 1 1 1 2 1 2 2 1 2
1293439 3 2 2 3 2 1 1 1 1 2
1293439 6 9 7 5 5 8 4 2 1 2
608157 10 4 3 10 4 10 10 1 1 4
677910 5 2 2 4 2 4 1 1 1 2
1058849 5 1 1 1 2 1 1 1 1 2
1201870 4 1 1 3 1 1 2 1 1 2
1227081 3 1 1 3 2 1 1 1 1 2
1230994 4 5 5 8 6 10 10 7 1 4
1266124 5 1 2 1 2 1 1 1 1 2
1280258 4 1 1 1 2 1 1 2 1 2
1293966 4 1 1 1 2 1 1 1 1 2
1257608 6 1 1 1 1 1 1 1 1 2
1277145 5 1 1 1 2 1 1 1 1 2
1287282 3 1 1 1 2 1 1 1 1 2
1296263 4 1 1 1 2 1 1 1 1 2
1296593 5 2 1 1 2 1 1 1 1 2
1318169 9 10 10 10 10 5 10 10 10 4
1070522 3 1 1 1 1 1 2 1 1 2
1076352 3 6 4 10 3 3 3 4 1 4
1142706 5 10 10 10 6 10 6 5 2 4
1155967 5 1 2 10 4 5 2 1 1 2
1170945 3 1 1 1 1 1 2 1 1 2
1224565 6 1 1 1 2 1 3 1 1 2
1265899 4 1 1 1 2 1 3 1 1 2
1297327 5 1 1 1 2 1 1 1 1 2
1304595 3 1 1 1 1 1 2 1 1 2
1313325 4 10 4 7 3 10 9 10 1 4
412300 10 4 5 4 3 5 7 3 1 4
749653 3 1 1 1 2 1 2 1 1 2
769612 3 1 1 2 2 1 1 1 1 2
769612 4 1 1 1 2 1 1 1 1 2
807657 6 1 3 2 2 1 1 1 1 2
837480 7 4 4 3 4 10 6 9 1 4
867392 4 2 2 1 2 1 2 1 1 2
869828 1 1 1 1 1 1 3 1 1 2
1061990 1 1 3 2 2 1 3 1 1 2
1145420 6 1 1 1 2 1 2 1 1 2
1240603 2 1 1 1 1 1 1 1 1 2
1240603 3 1 1 1 1 1 1 1 1 2
1289391 1 1 1 1 2 1 3 1 1 2
1321264 5 2 2 2 1 1 2 1 1 2
1321348 2 1 1 1 2 1 2 1 1 2
1321931 5 1 1 1 2 1 2 1 1 2
1321942 5 1 1 1 2 1 3 1 1 2
1331405 4 1 1 1 2 1 3 2 1 2
1343068 8 4 4 1 6 10 2 5 2 4
1343374 10 10 8 10 6 5 10 3 1 4
183936 3 1 1 1 2 1 2 1 1 2
695091 1 1 1 1 2 1 2 1 1 2
1239420 1 1 1 1 2 1 1 1 1 2
1261751 5 1 1 1 2 1 2 2 1 2
1334659 5 2 4 1 1 1 1 1 1 2
188336 5 3 2 8 5 10 8 1 2 4
353098 4 1 1 2 2 1 1 1 1 2
411453 1 1 1 1 2 1 1 1 1 2
736150 10 4 3 10 3 10 7 1 2 4
1031608 2 1 1 1 1 1 2 1 1 2
1042252 3 1 1 1 2 1 2 1 1 2
1061990 4 1 1 1 2 1 2 1 1 2
1096352 6 3 3 3 3 2 6 1 1 2
1149548 1 1 1 1 2 1 1 1 1 2
1183596 3 1 3 1 3 4 1 1 1 2
1190386 4 6 6 5 7 6 7 7 3 4
1225382 6 2 3 1 2 1 1 1 1 2
1235807 5 1 1 1 2 1 2 1 1 2
1238777 1 1 1 1 2 1 1 1 1 2
1260659 3 1 4 1 2 1 1 1 1 2
1275807 4 2 4 3 2 2 2 1 1 2
1277792 5 1 1 3 2 1 1 1 1 2
1285722 4 1 1 3 2 1 1 1 1 2
1299596 2 1 1 1 2 1 1 1 1 2
1303489 3 1 1 1 2 1 2 1 1 2
1311033 1 2 2 1 2 1 1 1 1 2
1315807 5 10 10 10 10 2 10 10 10 4
1319609 3 1 1 2 3 4 1 1 1 2
1325159 3 1 1 1 2 1 3 1 1 2
1326892 3 1 1 1 2 1 2 1 1 2
1333877 5 4 5 1 8 1 3 6 1 2
1339781 4 1 1 1 2 1 3 1 1 2
13454352 1 1 3 1 2 1 2 1 1 2
1348851 3 1 1 1 2 1 3 1 1 2
1350423 5 10 10 8 5 5 7 10 1 4
1368267 5 1 1 1 2 1 1 1 1 2
763235 3 1 1 1 2 1 2 1 2 2
776715 3 1 1 1 3 2 1 1 1 2
