1002945 5 4 4 5 7 10 3 2 1 2
1015425 3 1 1 1 2 2 3 1 1 2
1017023 4 1 1 3 2 1 3 1 1 2
1017122 8 10 10 8 7 10 9 7 1 4
1018099 1 1 1 1 2 10 3 1 1 2
1033078 4 2 1 1 2 1 2 1 1 2
1036172 2 1 1 1 2 1 2 1 1 2
1044572 8 7 5 10 7 9 5 5 4 4
1050718 6 1 1 1 2 1 3 1 1 2
1054590 7 3 2 10 5 10 5 4 4 4
1066373 3 2 1 1 1 1 2 1 1 2
1067444 2 1 1 1 2 1 2 1 1 2
1070935 3 1 1 1 1 1 2 1 1 2
1096800 6 6 6 9 6 ? 7 8 1 2
1105524 1 1 1 1 2 1 2 1 1 2
1106829 7 8 7 2 4 8 3 8 2 4
1111249 10 6 6 3 4 5 3 6 1 4
1112209 8 10 10 1 3 6 3 9 1 4
1116132 6 3 4 1 5 2 3 9 1 4
1117152 4 1 1 1 2 1 3 1 1 2
1121919 5 1 3 1 2 1 2 1 1 2
1123061 6 10 2 8 10 2 7 8 10 4
1124651 1 3 3 2 2 1 7 2 1 2
1126417 10 6 4 1 3 4 3 2 3 4
1132347 1 1 4 1 2 1 2 1 1 2
1147699 3 5 7 8 8 9 7 10 7 4
1155546 2 1 1 2 3 1 2 1 1 2
1156948 3 1 1 2 2 1 1 1 1 2
1167439 2 3 4 4 2 5 2 5 1 4
1169049 7 3 4 4 3 3 3 2 7 4
1171795 1 3 1 2 2 2 5 3 2 2
1173347 8 3 3 1 2 2 3 2 1 2
1174057 4 2 1 1 2 2 3 1 1 2
1174428 5 3 5 1 8 10 5 3 1 4
1176406 1 1 1 1 2 1 2 1 1 2
1177399 8 3 5 4 5 10 1 6 2 4
1179818 2 1 1 1 2 1 3 1 1 2
1180523 3 1 1 1 2 1 2 2 1 2
1183240 4 1 2 1 2 1 2 1 1 2
1183516 3 1 1 1 2 1 1 1 1 2
1183983 9 5 5 4 4 5 4 3 3 4
1184241 2 1 1 1 2 1 2 1 1 2
1184840 1 1 3 1 2 ? 2 1 1 2
1187457 3 1 1 3 8 1 5 8 1 2
1188472 1 1 1 1 1 1 3 1 1 2
1189266 7 2 4 1 6 10 5 4 3 4
1196295 9 9 10 3 6 10 7 10 6 4
1196915 10 7 7 4 5 10 5 7 2 4
1198128 10 8 10 10 6 1 3 1 10 4
1200772 1 1 1 1 2 1 2 1 1 2
1200952 5 8 7 7 10 10 5 7 1 4
1201834 2 1 1 1 2 1 3 1 1 2
1202812 5 3 3 3 6 10 3 1 1 4
1203096 1 1 1 1 1 1 3 1 1 2
1206695 1 5 8 6 5 8 7 10 1 4
1206841 10 5 6 10 6 10 7 7 10 4
1207986 5 8 4 10 5 8 9 10 1 4
1208301 1 2 3 1 2 1 3 1 1 2
1210963 10 10 10 8 6 8 7 10 1 4
1212251 1 1 1 1 2 1 3 1 1 2
1212422 4 1 1 1 2 1 3 1 1 2
1214556 3 1 1 1 2 1 2 1 1 2
1214966 9 7 7 5 5 10 7 8 3 4
1217051 5 1 1 1 2 1 3 1 1 2
1217264 1 1 1 1 2 1 3 1 1 2
1220330 1 1 1 1 2 1 3 1 1 2
1222047 10 10 10 10 3 10 10 6 1 4
1226012 4 1 1 3 1 5 2 1 1 4
1226612 7 5 6 3 3 8 7 4 1 4
1231706 8 4 6 3 3 1 4 3 1 2
1242364 8 10 10 8 6 9 3 10 10 4
1270479 5 1 3 3 2 2 2 3 1 2
1276091 3 1 1 3 1 1 3 1 1 2
191250 10 4 4 10 2 10 5 3 3 4
1100524 6 10 10 2 8 10 7 3 3 4
1168736 5 6 6 2 4 10 3 6 1 4
1182404 3 1 1 1 2 1 1 1 1 2
1182404 3 1 1 1 2 1 2 1 1 2
303213 10 4 4 10 6 10 5 5 1 4
1182404 5 1 4 1 2 1 3 2 1 2
390840 8 4 7 1 3 10 3 9 2 4
320675 3 3 5 2 3 10 7 1 1 4
431495 3 1 1 1 2 1 3 2 1 2
486283 3 1 1 1 2 1 3 1 1 2
508234 7 4 5 10 2 10 3 8 2 4
529329 10 10 10 10 10 10 4 10 10 4
535331 3 1 1 1 3 1 2 1 1 2
560680 1 1 1 1 2 1 1 1 1 2
606722 5 5 7 8 6 10 7 4 1 4
666090 1 1 1 1 2 1 3 1 1 2
688033 1 1 1 1 2 1 1 1 1 2
704168 4 6 5 6 7 ? 4 9 1 2
709287 6 8 7 8 6 8 8 9 1 4
752904 10 1 1 1 2 10 5 4 1 4
756136 1 1 1 1 2 1 2 1 1 2
760001 8 10 3 2 6 4 3 10 1 4
770066 5 2 2 2 2 1 2 2 1 2
785208 5 4 6 6 4 10 4 3 1 4
806423 8 5 5 5 2 10 4 3 1 4
809912 10 3 3 1 2 10 7 6 1 4
832226 3 4 4 10 5 1 3 3 1 4
837082 2 1 1 1 2 1 3 1 1 2
857774 4 1 1 1 3 1 2 2 1 2
873549 10 3 5 4 3 7 3 5 3 4
160296 5 8 8 10 5 10 8 10 3 4
560680 3 1 2 1 2 1 2 1 1 2
1026122 2 1 1 1 2 1 1 1 1 2
1071084 3 3 2 2 3 1 1 2 3 2
1080233 7 6 6 3 2 10 7 1 1 4
1114570 2 1 1 1 2 1 2 2 1 2
1151734 10 8 7 4 3 10 7 9 1 4
1158405 1 2 3 1 2 1 2 1 1 2
1206314 1 2 3 1 2 1 1 1 1 2
1236837 2 3 2 2 2 2 3 1 1 2
1237674 3 1 2 1 2 1 2 1 1 2
1238948 8 5 6 2 3 10 6 6 1 4
1239967 1 1 1 1 2 1 2 1 1 2
1257648 4 3 3 1 2 1 3 3 1 2
1258549 9 10 10 10 10 10 10 10 1 4
1266154 8 7 8 2 4 2 5 10 1 4
1276091 1 3 1 1 2 1 2 2 1 2
1276091 5 1 1 3 4 1 3 2 1 2
1277629 5 1 1 1 2 1 2 2 1 2
1293439 3 2 2 3 2 1 1 1 1 2
780555 5 1 1 6 3 1 2 1 1 2
1049837 1 1 1 1 2 1 1 1 1 2
1182404 1 1 1 1 1 1 1 1 1 2
1257470 10 6 5 8 5 10 8 6 1 4
1259008 8 8 9 6 6 3 10 10 1 4
1267898 5 1 3 1 2 1 1 1 1 2
1268313 5 1 1 3 2 1 1 1 1 2
1276091 6 1 1 3 2 1 1 1 1 2
1280258 4 1 1 1 2 1 1 2 1 2
1105524 4 1 1 1 2 1 1 1 1 2
1211594 3 1 1 1 1 1 2 1 1 2
1277145 5 1 1 1 2 1 1 1 1 2
1296263 4 1 1 1 2 1 1 1 1 2
1302428 5 3 2 4 2 1 1 1 1 2
1119189 5 8 9 4 3 10 7 1 1 4
1155967 5 1 2 10 4 5 2 1 1 2
1170945 3 1 1 1 1 1 2 1 1 2
1204558 4 1 1 1 2 1 2 1 1 2
1217952 4 1 1 1 2 1 2 1 1 2
1224565 6 1 1 1 2 1 3 1 1 2
1277268 3 3 1 1 2 1 1 1 1 2
1298360 1 1 1 1 2 1 1 1 1 2
1299994 5 1 1 1 2 1 1 1 1 2
1330439 4 7 8 3 4 10 9 1 1 4
333093 1 1 1 1 3 1 1 1 1 2
749653 3 1 1 1 2 1 2 1 1 2
807657 6 1 3 2 2 1 1 1 1 2
1043068 3 1 1 1 2 1 2 1 1 2
1056171 2 1 1 1 2 1 2 1 1 2
1061990 1 1 3 2 2 1 3 1 1 2
1171578 3 1 1 1 2 1 1 1 1 2
1184586 4 1 1 1 2 1 2 1 1 2
1241035 7 8 3 7 4 5 7 8 2 4
1306339 4 4 2 1 2 5 2 1 2 2
1328755 3 1 1 1 2 1 2 1 1 2
1331412 5 7 10 10 5 10 10 10 1 4
1333104 3 1 2 1 2 1 3 1 1 2
1334071 4 1 1 1 2 3 2 1 1 2
1343068 8 4 4 1 6 10 2 5 2 4
1343374 10 10 8 10 6 5 10 3 1 4
695091 1 1 1 1 2 1 2 1 1 2
824249 1 1 1 1 2 1 3 1 1 2
1115762 3 1 1 1 2 1 1 1 1 2
1217717 5 1 1 6 3 1 1 1 1 2
1239420 1 1 1 1 2 1 1 1 1 2
1254538 8 10 10 10 6 10 10 10 1 4
1261751 5 1 1 1 2 1 2 2 1 2
1272166 5 1 1 1 2 1 1 1 1 2
1294261 4 10 8 5 4 1 10 1 1 4
1298484 10 3 4 5 3 10 4 1 1 4
1333495 3 1 1 1 2 1 2 1 1 2
1334659 5 2 4 1 1 1 1 1 1 2
1344449 1 1 1 1 1 1 2 1 1 2
188336 5 3 2 8 5 10 8 1 2 4
352431 10 5 10 3 5 8 7 8 3 4
353098 4 1 1 2 2 1 1 1 1 2
636375 5 1 1 1 2 1 1 1 1 2
1041043 4 1 3 1 2 1 2 1 1 2
1083817 3 1 1 1 2 1 2 1 1 2
1149548 1 1 1 1 2 1 1 1 1 2
1174009 5 1 1 2 1 1 2 1 1 2
1183596 3 1 3 1 3 4 1 1 1 2
1213273 2 1 1 1 2 1 1 1 1 2
1235807 5 1 1 1 2 1 2 1 1 2
1257366 3 1 1 1 2 1 1 1 1 2
1303489 3 1 1 1 2 1 2 1 1 2
1323477 1 2 1 3 2 1 2 1 1 2
1324572 5 1 1 1 2 1 2 2 1 2
1345593 3 1 1 3 2 1 2 1 1 2
1348851 3 1 1 1 2 1 3 1 1 2
1350319 5 7 4 1 6 1 7 10 3 4
1353092 3 2 1 2 2 1 3 1 1 2
1354840 2 1 1 1 2 1 3 1 1 2
1355260 1 1 1 1 2 1 2 1 1 2
1365328 1 1 2 1 2 1 2 1 1 2
1368267 5 1 1 1 2 1 1 1 1 2
466906 1 1 1 1 2 1 1 1 1 2
536708 1 1 1 1 2 1 1 1 1 2
603148 4 1 1 1 2 1 1 1 1 2
695091 5 10 10 5 4 5 4 4 1 4
714039 3 1 1 1 2 1 1 1 1 2
841769 2 1 1 1 2 1 1 1 1 2
897471 4 8 8 5 4 5 10 4 1 4
