14.23 1.71 2.43 15.6 127 2.8 3.06 0.28 2.29 5.64 1.04 3.92 1065 1
13.2 1.78 2.14 11.2 100 2.65 2.76 0.26 1.28 4.38 1.05 3.4 1050 1
14.37 1.95 2.5 16.8 113 3.85 3.49 0.24 2.18 7.8 0.86 3.45 1480 1
14.3 1.92 2.72 20 120 2.8 3.14 0.33 1.97 6.2 1.07 2.65 1280 1
13.64 3.1 2.56 15.2 116 2.7 3.03 0.17 1.66 5.1 0.96 3.36 845 1
13.71 1.86 2.36 16.6 101 2.61 2.88 0.27 1.69 3.8 1.11 4 1035 1
13.39 1.77 2.62 16.1 93 2.85 2.94 0.34 1.45 4.8 0.92 3.22 1195 1
14.02 1.68 2.21 16 96 2.65 2.33 0.26 1.98 4.7 1.04 3.59 1035 1
13.58 1.66 2.36 19.1 106 2.86 3.19 0.22 1.95 6.9 1.09 2.88 1515 1
13.68 1.83 2.36 17.2 104 2.42 2.69 0.42 1.97 3.84 1.23 2.87 990 1
13.76 1.53 2.7 19.5 132 2.95 2.74 0.5 1.35 5.4 1.25 3 1235 1
13.51 1.8 2.65 19 110 2.35 2.53 0.29 1.54 4.2 1.1 2.87 1095 1
13.48 1.81 2.41 20.5 100 2.7 2.98 0.26 1.86 5.1 1.04 3.47 920 1
13.05 1.65 2.55 18 98 2.45 2.43 0.29 1.44 4.25 1.12 2.51 1105 1
13.07 1.5 2.1 15.5 98 2.4 2.64 0.28 1.37 3.7 1.18 2.69 1020 1
14.22 3.99 2.51 13.2 128 3 3.04 0.2 2.08 5.1 0.89 3.53 760 1
13.56 1.71 2.31 16.2 117 3.15 3.29 0.34 2.34 6.13 0.95 3.38 795 1
13.41 3.84 2.12 18.8 90 2.45 2.68 0.27 1.48 4.28 0.91 3 1035 1
13.24 3.98 2.29 17.5 103 2.64 2.63 0.32 1.66 4.36 0.82 3 680 1
14.21 4.04 2.44 18.9 111 2.85 2.65 0.3 1.25 5.24 0.87 3.33 1080 1
13.9 1.68 2.12 16 101 3.1 3.39 0.21 2.14 6.1 0.91 3.33 985 1
13.94 1.73 2.27 17.4 108 2.88 3.54 0.32 2.08 8.9 1.12 3.1 1260 1
13.82 1.75 2.42 14 111 3.88 3.74 0.32 1.87 7.05 1.01 3.26 1190 1
13.77 1.9 2.68 17.1 115 3 2.79 0.39 1.68 6.3 1.13 2.93 1375 1
13.56 1.73 2.46 20.5 116 2.96 2.78 0.2 2.45 6.25 0.98 3.03 1120 1
14.22 1.7 2.3 16.3 118 3.2 3 0.26 2.03 6.38 0.94 3.31 970 1
13.72 1.43 2.5 16.7 108 3.4 3.67 0.19 2.04 6.8 0.89 2.87 1285 1
12.37 0.94 1.36 10.6 88 1.98 0.57 0.28 0.42 1.95 1.05 1.82 520 2
12.33 1.1 2.28 16 101 2.05 1.09 0.63 0.41 3.27 1.25 1.67 680 2
13.67 1.25 1.92 18 94 2.1 1.79 0.32 0.73 3.8 1.23 2.46 630 2
13.11 1.01 1.7 15 78 2.98 3.18 0.26 2.28 5.3 1.12 3.18 502 2
12.21 1.19 1.75 16.8 151 1.85 1.28 0.14 2.5 2.85 1.28 3.07 718 2
12.99 1.67 2.6 30 139 3.3 2.89 0.21 1.96 3.35 1.31 3.5 985 2
13.03 0.9 1.71 16 86 1.95 2.03 0.24 1.46 4.6 1.19 2.48 392 2
12.08 1.83 2.32 18.5 81 1.6 1.5 0.52 1.64 2.4 1.08 2.27 480 2
11.62 1.99 2.28 18 98 3.02 2.26 0.17 1.35 3.25 1.16 2.96 345 2
11.81 2.12 2.74 21.5 134 1.6 0.99 0.14 1.56 2.5 0.95 2.26 625 2
12.29 3.17 2.21 18 88 2.85 2.99 0.45 2.81 2.3 1.42 2.83 406 2
12.08 2.08 1.7 17.5 97 2.23 2.17 0.26 1.4 3.3 1.27 2.96 710 2
11.82 1.72 1.88 19.5 86 2.5 1.64 0.37 1.42 2.06 0.94 2.44 415 2
12.25 1.73 2.12 19 80 1.65 2.03 0.37 1.63 3.4 1 3.17 510 2
11.61 1.35 2.7 20 94 2.74 2.92 0.29 2.49 2.65 0.96 3.26 680 2
11.46 3.74 1.82 19.5 107 3.18 2.58 0.24 3.58 2.9 0.75 2.81 562 2
12.52 2.43 2.17 21 88 2.55 2.27 0.26 1.22 2 0.9 2.78 325 2
11.03 1.51 2.2 21.5 85 2.46 2.17 0.52 2.01 1.9 1.71 2.87 407 2
11.82 1.47 1.99 20.8 86 1.98 1.6 0.3 1.53 1.95 0.95 3.33 495 2
11.45 2.4 2.42 20 96 2.9 2.79 0.32 1.83 3.25 0.8 3.39 625 2
12.86 1.35 2.32 18 122 1.51 1.25 0.21 0.94 4.1 0.76 1.29 630 3
12.81 2.31 2.4 24 98 1.15 1.09 0.27 0.83 5.7 0.66 1.36 560 3
12.51 1.24 2.25 17.5 85 2 0.58 0.6 1.25 5.45 0.75 1.51 650 3
12.25 4.72 2.54 21 89 1.38 0.47 0.53 0.8 3.85 0.75 1.27 720 3
13.52 3.17 2.72 23.5 97 1.55 0.52 0.5 0.55 4.35 0.89 2.06 520 3
13.88 5.04 2.23 20 80 0.98 0.34 0.4 0.68 4.9 0.58 1.33 415 3
12.87 4.61 2.48 21.5 86 1.7 0.65 0.47 0.86 7.65 0.54 1.86 625 3
13.32 3.24 2.38 21.5 92 1.93 0.76 0.45 1.25 8.42 0.55 1.62 650 3
13.08 3.9 2.36 21.5 113 1.41 1.39 0.34 1.14 9.4 0.57 1.33 550 3
12.58 1.29 2.1 20 103 1.48 0.58 0.53 1.4 7.6 0.58 1.55 640 3
13.84 4.12 2.38 19.5 89 1.8 0.83 0.48 1.56 9.01 0.57 1.64 480 3
13.69 3.26 2.54 20 107 1.83 0.56 0.5 0.8 5.88 0.96 1.82 680 3
12.82 3.37 2.3 19.5 88 1.48 0.66 0.4 0.97 10.26 0.72 1.75 685 3
13.58 2.58 2.69 24.5 105 1.55 0.84 0.39 1.54 8.66 0.74 1.8 750 3
13.4 4.6 2.86 25 112 1.98 0.96 0.27 1.11 8.5 0.67 1.92 630 3
12.77 2.39 2.28 19.5 86 1.39 0.51 0.48 0.64 9.899999 0.57 1.63 470 3
14.16 2.51 2.48 20 91 1.68 0.7 0.44 1.24 9.7 0.62 1.71 660 3
13.71 5.65 2.45 20.5 95 1.68 0.61 0.52 1.06 7.7 0.64 1.74 740 3
13.17 2.59 2.37 20 120 1.65 0.68 0.53 1.46 9.3 0.6 1.62 840 3
