1015425 3 1 1 1 2 2 3 1 1 2
1016277 6 8 8 1 3 4 3 7 1 2
1017122 8 10 10 8 7 10 9 7 1 4
1018099 1 1 1 1 2 10 3 1 1 2
1036172 2 1 1 1 2 1 2 1 1 2
1041801 5 3 3 3 2 3 4 4 1 4
1048672 4 1 1 1 2 1 2 1 1 2
1049815 4 1 1 1 2 1 3 1 1 2
1056784 3 1 1 1 2 1 2 1 1 2
1065726 5 2 3 4 2 7 3 6 1 4
1066979 5 1 1 1 2 1 2 1 1 2
1070935 1 1 3 1 2 1 1 1 1 2
1080185 10 10 10 8 6 1 8 9 1 4
1081791 6 2 1 1 1 1 7 1 1 2
1100524 6 10 10 2 8 10 7 3 3 4
1106829 7 8 7 2 4 8 3 8 2 4
1110503 5 5 5 8 10 8 7 3 7 4
1113038 8 2 4 1 5 1 5 4 4 4
1113483 5 2 3 1 6 10 5 1 1 4
1113906 9 5 5 2 2 2 5 1 1 4
1115282 5 3 5 5 3 3 4 10 1 4
1131294 1 1 2 1 2 2 4 2 1 2
1136142 2 1 1 1 3 1 2 1 1 2
1143978 5 2 1 1 2 1 3 1 1 2
1147044 3 1 1 1 2 2 7 1 1 2
1155546 2 1 1 2 3 1 2 1 1 2
1156272 1 1 1 1 2 1 3 1 1 2
1157734 4 1 1 1 2 1 3 1 1 2
1158247 1 1 1 1 2 1 2 1 1 2
1160476 2 1 1 1 2 1 3 1 1 2
1168736 10 10 10 10 10 1 8 8 8 4
1171710 6 5 4 4 3 9 7 8 3 4
1173347 1 1 1 1 2 5 1 1 1 2
1173514 1 1 1 1 4 3 1 1 1 2
1173681 3 2 1 1 2 2 3 1 1 2
1174057 4 2 1 1 2 2 3 1 1 2
1174131 10 10 10 2 10 10 5 3 3 4
1174428 5 3 5 1 8 10 5 3 1 4
1175937 5 4 6 7 9 7 8 10 1 4
1176406 1 1 1 1 2 1 2 1 1 2
1177027 3 1 1 1 2 1 3 1 1 2
1179818 2 1 1 1 2 1 3 1 1 2
1180831 3 1 1 1 3 1 2 1 1 2
1182404 4 1 1 1 2 1 2 1 1 2
1185610 1 1 1 1 3 2 2 1 1 2
1187457 3 1 1 3 8 1 5 8 1 2
1189266 7 2 4 1 6 10 5 4 3 4
1193210 2 1 1 1 2 1 3 1 1 2
1196295 9 9 10 3 6 10 7 10 6 4
1197080 4 1 1 1 2 1 3 2 1 2
1197440 1 1 1 2 1 3 1 1 7 2
1201936 5 10 10 3 8 1 5 10 3 4
1205579 8 7 6 4 4 10 5 1 1 4
1206089 2 1 1 1 1 1 3 1 1 2
1210963 10 10 10 8 6 8 7 10 1 4
1212251 1 1 1 1 2 1 3 1 1 2
1212422 4 1 1 1 2 1 3 1 1 2
1213383 5 1 1 4 2 1 3 1 1 2
1214092 1 1 1 1 2 1 1 1 1 2
1214556 3 1 1 1 2 1 2 1 1 2
1214966 9 7 7 5 5 10 7 8 3 4
1216694 10 8 8 4 10 10 8 1 1 4
1218105 5 10 10 9 6 10 7 10 5 4
1218741 10 10 9 3 7 5 3 5 1 4
1223426 1 1 1 1 2 1 3 1 1 2
1223793 6 10 7 7 6 4 8 10 2 4
1223967 6 1 3 1 2 1 3 1 1 2
1227210 10 5 5 6 3 10 7 9 2 4
1227481 10 5 7 4 4 10 8 9 1 4
1228311 1 1 1 1 1 1 3 1 1 2
1231706 8 4 6 3 3 1 4 3 1 2
1236043 3 3 2 1 3 1 3 6 1 2
1241232 3 1 4 1 2 ? 3 1 1 2
1241559 10 8 8 2 8 10 4 8 10 4
1242364 8 10 10 8 6 9 3 10 10 4
1243256 10 4 3 2 3 10 5 3 2 4
1270479 5 1 3 3 2 2 2 3 1 2
1287775 5 1 1 2 2 2 3 1 1 2
145447 8 4 4 1 2 9 3 3 1 4
1017023 6 3 3 5 3 10 3 5 3 2
1182404 3 1 1 1 2 1 1 1 1 2
1182404 3 1 1 1 2 1 2 1 1 2
242970 5 7 7 1 5 8 3 4 1 2
255644 10 5 8 10 3 10 5 1 3 4
274137 8 8 9 4 5 10 7 8 1 4
303213 10 4 4 10 6 10 5 5 1 4
314428 7 9 4 10 10 3 5 3 3 4
1198641 10 10 6 3 3 10 4 3 2 4
324427 10 8 8 2 3 4 8 7 8 4
431495 3 1 1 1 2 1 3 2 1 2
456282 1 1 1 1 2 1 3 1 1 2
492268 10 4 6 1 2 10 5 3 1 4
508234 7 4 5 10 2 10 3 8 2 4
543558 6 1 3 1 4 5 5 10 1 4
555977 5 6 6 8 6 10 4 10 4 4
601265 10 4 4 6 2 10 2 3 1 4
625201 8 2 1 1 5 1 1 1 1 2
636130 1 1 1 1 2 1 3 1 1 2
646904 1 1 1 1 2 1 3 1 1 2
653777 8 3 4 9 3 10 3 3 1 4
673637 3 1 1 1 2 5 5 1 1 2
684955 2 1 1 1 3 1 2 1 1 2
693702 1 1 1 1 2 1 1 1 1 2
706426 5 5 5 2 5 10 4 3 1 4
709287 6 8 7 8 6 8 8 9 1 4
733823 5 4 6 10 2 10 4 1 1 4
740492 1 1 1 1 2 1 3 1 1 2
743348 3 2 2 1 2 1 2 3 1 2
752904 10 1 1 1 2 10 5 4 1 4
760239 10 4 6 4 5 10 7 1 1 4
764974 5 1 1 1 2 1 3 1 2 2
770066 5 2 2 2 2 1 2 2 1 2
785208 5 4 6 6 4 10 4 3 1 4
785615 8 6 7 3 3 10 3 4 2 4
797327 6 5 5 8 4 10 3 4 1 4
704097 1 1 1 1 1 1 2 1 1 2
806423 8 5 5 5 2 10 4 3 1 4
814265 2 1 1 1 2 1 1 1 1 2
814911 1 1 1 1 2 1 1 1 1 2
826923 1 1 1 1 2 1 1 1 1 2
832567 4 2 3 5 3 8 7 6 1 4
859350 8 10 10 7 10 10 7 3 8 4
877943 3 10 3 10 6 10 5 1 4 4
888169 3 2 2 1 4 3 2 1 1 2
897172 2 1 1 1 2 1 2 1 1 2
160296 5 8 8 10 5 10 8 10 3 4
492561 4 3 2 1 3 1 2 1 1 2
657753 3 1 1 4 3 1 2 2 1 2
805448 1 1 1 1 2 1 1 1 1 2
1114570 5 3 3 2 3 1 3 1 1 2
1116715 5 1 1 1 3 2 2 2 1 2
1131411 1 1 1 2 2 1 2 1 1 2
1151734 10 8 7 4 3 10 7 9 1 4
1158405 1 2 3 1 2 1 2 1 1 2
1206314 1 2 3 1 2 1 1 1 1 2
1223003 5 3 3 1 2 1 2 1 1 2
1229929 1 1 1 1 2 1 2 1 1 2
1231853 4 2 2 1 2 1 2 1 1 2
1234554 1 1 1 1 2 1 2 1 1 2
1236837 2 3 2 2 2 2 3 1 1 2
1238633 10 10 10 6 8 4 8 5 1 4
1240337 5 2 2 2 2 2 3 2 2 2
1257200 10 10 10 7 10 10 8 2 1 4
1257815 5 1 3 1 2 1 2 1 1 2
1257938 3 1 1 1 2 1 1 1 1 2
1272039 1 1 1 1 2 1 2 1 1 2
1276091 1 3 1 1 2 1 2 2 1 2
1294562 10 8 10 1 3 10 5 1 1 4
1295186 10 10 10 1 6 1 2 8 1 4
527337 4 1 1 1 2 1 1 1 1 2
608157 10 4 3 10 4 10 10 1 1 4
780555 5 1 1 6 3 1 2 1 1 2
1202253 5 1 1 1 2 1 1 1 1 2
1227081 3 1 1 3 2 1 1 1 1 2
1257470 10 6 5 8 5 10 8 6 1 4
1268313 5 1 1 3 2 1 1 1 1 2
1293966 4 1 1 1 2 1 1 1 1 2
1302428 5 3 2 4 2 1 1 1 1 2
1318169 9 10 10 10 10 5 10 10 10 4
1070522 3 1 1 1 1 1 2 1 1 2
1155967 5 1 2 10 4 5 2 1 1 2
1170945 3 1 1 1 1 1 2 1 1 2
1181567 1 1 1 1 1 1 1 1 1 2
1224565 6 1 1 1 2 1 3 1 1 2
1265899 4 1 1 1 2 1 3 1 1 2
1286943 8 10 10 10 7 5 4 8 7 4
1295508 1 1 1 1 2 4 1 1 1 2
1297522 2 1 1 1 2 1 1 1 1 2
1306282 6 6 7 10 3 10 8 10 2 4
1313325 4 10 4 7 3 10 9 10 1 4
1330439 4 7 8 3 4 10 9 1 1 4
769612 3 1 1 2 2 1 1 1 1 2
769612 4 1 1 1 2 1 1 1 1 2
807657 6 1 3 2 2 1 1 1 1 2
837480 7 4 4 3 4 10 6 9 1 4
1043068 3 1 1 1 2 1 2 1 1 2
1061990 1 1 3 2 2 1 3 1 1 2
1113061 5 1 1 1 2 1 3 1 1 2
1116192 5 1 2 1 2 1 3 1 1 2
1158157 5 1 1 1 2 2 2 1 1 2
1171578 3 1 1 1 2 1 1 1 1 2
1184586 4 1 1 1 2 1 2 1 1 2
1321264 5 2 2 2 1 1 2 1 1 2
1321931 5 1 1 1 2 1 2 1 1 2
1321942 5 1 1 1 2 1 3 1 1 2
1331405 4 1 1 1 2 1 3 2 1 2
1343068 8 4 4 1 6 10 2 5 2 4
695219 1 1 1 1 2 1 2 1 1 2
878358 5 7 10 6 5 10 7 5 1 4
1107684 6 10 5 5 4 10 6 10 1 4
1239420 1 1 1 1 2 1 1 1 1 2
1272166 5 1 1 1 2 1 1 1 1 2
1295529 2 5 7 6 4 10 7 6 1 4
1311875 5 1 2 1 2 1 1 1 1 2
1333063 5 1 3 1 2 1 3 1 1 2
1350568 4 1 1 1 2 1 2 1 1 2
736150 10 4 3 10 3 10 7 1 2 4
803531 5 10 10 10 5 2 8 5 1 4
1016634 2 3 1 1 2 1 2 1 1 2
1042252 3 1 1 1 2 1 2 1 1 2
1057067 1 1 1 1 1 ? 1 1 1 2
1061990 4 1 1 1 2 1 2 1 1 2
1083817 3 1 1 1 2 1 2 1 1 2
1140597 7 1 2 3 2 1 2 1 1 2
1183596 3 1 3 1 3 4 1 1 1 2
1190386 4 6 6 5 7 6 7 7 3 4
1190546 2 1 1 1 2 5 1 1 1 2
1218982 4 1 1 1 2 1 1 1 1 2
1238777 1 1 1 1 2 1 1 1 1 2
1257366 3 1 1 1 2 1 1 1 1 2
1268952 10 10 7 8 7 1 10 10 3 4
1277792 4 1 1 1 2 1 1 1 1 2
1277792 5 1 1 3 2 1 1 1 1 2
1285722 4 1 1 3 2 1 1 1 1 2
1290203 3 1 1 1 2 1 2 1 1 2
1294413 1 1 1 1 2 1 1 1 1 2
1299596 2 1 1 1 2 1 1 1 1 2
1303489 3 1 1 1 2 1 2 1 1 2
1315807 5 10 10 10 10 2 10 10 10 4
1319609 3 1 1 2 3 4 1 1 1 2
1324681 4 1 1 1 2 1 2 1 1 2
1333877 5 4 5 1 8 1 3 6 1 2
1334015 7 8 8 7 3 10 7 2 3 4
13454352 1 1 3 1 2 1 2 1 1 2
1345593 3 1 1 3 2 1 2 1 1 2
1348851 3 1 1 1 2 1 3 1 1 2
1354840 2 1 1 1 2 1 3 1 1 2
1369821 10 10 10 10 5 10 10 10 7 4
1371920 5 1 1 1 2 1 3 2 1 2
466906 1 1 1 1 2 1 1 1 1 2
534555 1 1 1 1 2 1 1 1 1 2
603148 4 1 1 1 2 1 1 1 1 2
714039 3 1 1 1 2 1 1 1 1 2
776715 3 1 1 1 3 2 1 1 1 2
841769 2 1 1 1 2 1 1 1 1 2
888820 5 10 10 3 7 3 8 10 2 4
