1016277 6 8 8 1 3 4 3 7 1 2
1050718 6 1 1 1 2 1 3 1 1 2
1054590 7 3 2 10 5 10 5 4 4 4
1059552 1 1 1 1 2 1 3 1 1 2
1067444 2 1 1 1 2 1 2 1 1 2
1079304 2 1 1 1 2 1 2 1 1 2
1081791 6 2 1 1 1 1 7 1 1 2
1103608 10 10 10 4 8 1 8 10 1 4
1111249 10 6 6 3 4 5 3 6 1 4
1113483 5 2 3 1 6 10 5 1 1 4
1113906 9 5 5 2 2 2 5 1 1 4
1115282 5 3 5 5 3 3 4 10 1 4
1131294 1 1 2 1 2 2 4 2 1 2
1133136 3 1 1 1 2 3 3 1 1 2
1137156 2 2 2 1 1 1 7 1 1 2
1148278 3 3 6 4 5 8 4 4 1 4
1148873 3 6 6 6 5 10 6 8 3 4
1156272 1 1 1 1 2 1 3 1 1 2
1158247 1 1 1 1 2 1 2 1 1 2
1165790 5 1 1 1 2 1 3 1 1 2
1166630 7 5 6 10 5 10 7 9 4 4
1166654 10 3 5 1 10 5 3 10 2 4
1167471 4 1 2 1 2 1 3 1 1 2
1168359 8 2 3 1 6 3 7 1 1 4
1168736 10 10 10 10 10 1 8 8 8 4
1170420 1 6 8 10 8 10 5 7 1 4
1171710 6 5 4 4 3 9 7 8 3 4
1172152 10 3 3 10 2 10 7 3 3 4
1173216 10 10 10 3 10 8 8 1 1 4
1173235 3 3 2 1 2 3 3 1 1 2
1173681 3 2 1 1 2 2 3 1 1 2
1174057 1 1 2 2 2 1 3 1 1 2
1174428 5 3 5 1 8 10 5 3 1 4
1177399 8 3 5 4 5 10 1 6 2 4
1180194 5 10 8 10 8 10 3 6 3 4
1180831 3 1 1 1 3 1 2 1 1 2
1183911 2 1 1 1 2 1 1 1 1 2
1183983 9 5 5 4 4 5 4 3 3 4
1184184 1 1 1 1 2 5 1 1 1 2
1184241 2 1 1 1 2 1 2 1 1 2
1185609 3 4 5 2 6 8 4 1 1 4
1185610 1 1 1 1 3 2 2 1 1 2
1187457 3 1 1 3 8 1 5 8 1 2
1189266 7 2 4 1 6 10 5 4 3 4
1190485 1 1 1 1 2 1 1 1 1 2
1197440 1 1 1 2 1 3 1 1 7 2
1197510 5 1 1 1 2 ? 3 1 1 2
1200772 1 1 1 1 2 1 2 1 1 2
1200952 5 8 7 7 10 10 5 7 1 4
1202125 4 1 1 1 2 1 3 1 1 2
1204242 1 1 1 1 2 1 1 1 1 2
1206841 10 5 6 10 6 10 7 7 10 4
1207986 5 8 4 10 5 8 9 10 1 4
1210963 10 10 10 8 6 8 7 10 1 4
1212251 1 1 1 1 2 1 3 1 1 2
1214966 9 7 7 5 5 10 7 8 3 4
1218860 1 1 1 1 1 1 3 1 1 2
1219406 5 1 1 1 1 1 3 1 1 2
1220330 1 1 1 1 2 1 3 1 1 2
1221863 10 10 10 10 7 10 7 10 4 4
1222936 8 7 8 7 5 5 5 10 2 4
1223426 1 1 1 1 2 1 3 1 1 2
1227244 1 1 1 1 2 1 2 1 1 2
1228152 8 9 9 5 3 5 7 7 1 4
1230175 10 10 10 3 10 10 9 10 1 4
1230688 7 4 7 4 3 7 7 6 1 4
1231387 6 8 7 5 6 8 8 9 2 4
1241232 3 1 4 1 2 ? 3 1 1 2
1241559 10 8 8 2 8 10 4 8 10 4
1241679 9 8 8 5 6 2 4 10 4 4
1243256 10 4 3 2 3 10 5 3 2 4
1277018 2 1 1 1 2 1 3 1 1 2
144888 8 10 10 8 5 10 7 8 1 4
145447 8 4 4 1 2 9 3 3 1 4
167528 4 1 1 1 2 1 3 6 1 2
183913 1 2 2 1 2 1 1 1 1 2
263538 5 10 10 6 10 10 10 6 5 4
303213 10 4 4 10 6 10 5 5 1 4
1198641 10 10 6 3 3 10 4 3 2 4
390840 8 4 7 1 3 10 3 9 2 4
431495 3 1 1 1 2 1 3 2 1 2
432809 3 1 3 1 2 ? 2 1 1 2
456282 1 1 1 1 2 1 3 1 1 2
492268 10 4 6 1 2 10 5 3 1 4
543558 6 1 3 1 4 5 5 10 1 4
555977 5 6 6 8 6 10 4 10 4 4
560680 1 1 1 1 2 1 1 1 1 2
606722 5 5 7 8 6 10 7 4 1 4
63375 9 1 2 6 4 10 7 7 2 4
635844 8 4 10 5 4 4 7 10 1 4
636130 1 1 1 1 2 1 3 1 1 2
646904 1 1 1 1 2 1 3 1 1 2
667204 7 8 7 6 4 3 8 8 4 4
688033 1 1 1 1 2 1 1 1 1 2
704168 4 6 5 6 7 ? 4 9 1 2
706426 5 5 5 2 5 10 4 3 1 4
733639 3 1 1 1 2 ? 3 1 1 2
752904 10 1 1 1 2 10 5 4 1 4
770066 5 2 2 2 2 1 2 2 1 2
785615 8 6 7 3 3 10 3 4 2 4
814265 2 1 1 1 2 1 1 1 1 2
822829 7 6 4 8 10 10 9 5 3 4
832226 3 4 4 10 5 1 3 3 1 4
855524 1 1 1 1 2 1 2 1 1 2
877943 3 10 3 10 6 10 5 1 4 4
888523 4 4 4 2 2 3 2 1 1 2
95719 6 10 10 10 8 10 7 10 7 4
342245 1 1 3 1 2 1 1 1 1 2
560680 3 1 2 1 2 1 2 1 1 2
654244 1 1 1 1 1 1 2 1 1 2
685977 5 3 4 1 4 1 3 1 1 2
846423 10 6 3 6 4 10 7 8 4 4
1026122 2 1 1 1 2 1 1 1 1 2
1071084 3 3 2 2 3 1 1 2 3 2
1131411 1 1 1 2 2 1 2 1 1 2
1158247 1 1 1 1 1 1 1 1 1 2
1176187 3 1 1 1 2 1 3 1 1 2
1196475 3 2 1 1 2 1 2 2 1 2
1206314 1 2 3 1 2 1 1 1 1 2
1211265 3 10 8 7 6 9 9 3 8 4
1223543 1 2 1 3 2 1 1 2 1 2
1234554 1 1 1 1 2 1 2 1 1 2
1238464 1 1 1 1 1 ? 2 1 1 2
1238948 8 5 6 2 3 10 6 6 1 4
1239347 8 7 8 5 10 10 7 2 1 4
1240337 5 2 2 2 2 2 3 2 2 2
1257648 4 3 3 1 2 1 3 3 1 2
1257815 5 1 3 1 2 1 2 1 1 2
1272039 1 1 1 1 2 1 2 1 1 2
1276091 2 1 1 1 2 1 2 1 1 2
1276091 5 1 1 3 4 1 3 2 1 2
1277629 5 1 1 1 2 1 2 2 1 2
1293439 6 9 7 5 5 8 4 2 1 2
608157 10 4 3 10 4 10 10 1 1 4
1049837 1 1 1 1 2 1 1 1 1 2
1230994 4 5 5 8 6 10 10 7 1 4
1266124 5 1 2 1 2 1 1 1 1 2
1267898 5 1 3 1 2 1 1 1 1 2
1268313 5 1 1 3 2 1 1 1 1 2
1276091 6 1 1 3 2 1 1 1 1 2
1298416 10 6 6 2 4 10 9 7 1 4
1299596 6 6 6 5 4 10 7 6 2 4
1211594 3 1 1 1 1 1 2 1 1 2
1257608 6 1 1 1 1 1 1 1 1 2
1296263 4 1 1 1 2 1 1 1 1 2
1318169 9 10 10 10 10 5 10 10 10 4
1070522 3 1 1 1 1 1 2 1 1 2
1073960 10 10 10 10 6 10 8 1 5 4
1133991 4 1 1 1 1 1 2 1 1 2
1142706 5 10 10 10 6 10 6 5 2 4
1238186 4 1 1 1 2 1 2 1 1 2
1253917 4 1 1 2 2 1 2 1 1 2
1297327 5 1 1 1 2 1 1 1 1 2
1320077 1 1 1 1 1 1 2 1 1 2
837480 7 4 4 3 4 10 6 9 1 4
869828 1 1 1 1 1 1 3 1 1 2
1158157 5 1 1 1 2 2 2 1 1 2
1184586 4 1 1 1 2 1 2 1 1 2
1222464 6 10 10 10 4 10 7 10 1 4
1287971 3 1 1 1 2 1 2 1 1 2
1289391 1 1 1 1 2 1 3 1 1 2
1306339 4 4 2 1 2 5 2 1 2 2
1321264 5 2 2 2 1 1 2 1 1 2
1321942 5 1 1 1 2 1 3 1 1 2
1334071 4 1 1 1 2 3 2 1 1 2
1343068 8 4 4 1 6 10 2 5 2 4
1343374 10 10 8 10 6 5 10 3 1 4
142932 7 6 10 5 3 10 9 10 2 4
324382 1 1 1 1 2 1 2 1 1 2
378275 10 9 7 3 4 2 7 7 1 4
1107684 6 10 5 5 4 10 6 10 1 4
1217717 5 1 1 6 3 1 1 1 1 2
1261751 5 1 1 1 2 1 2 2 1 2
1272166 5 1 1 1 2 1 1 1 1 2
1295529 2 5 7 6 4 10 7 6 1 4
1315506 4 8 6 3 4 10 7 1 1 4
1336798 3 1 1 1 2 1 2 1 1 2
188336 5 3 2 8 5 10 8 1 2 4
411453 1 1 1 1 2 1 1 1 1 2
636375 5 1 1 1 2 1 1 1 1 2
736150 10 4 3 10 3 10 7 1 2 4
1183596 3 1 3 1 3 4 1 1 1 2
1190386 4 6 6 5 7 6 7 7 3 4
1225382 6 2 3 1 2 1 1 1 1 2
1275807 4 2 4 3 2 2 2 1 1 2
1285722 4 1 1 3 2 1 1 1 1 2
1288608 3 1 1 1 2 1 2 1 1 2
1290203 3 1 1 1 2 1 2 1 1 2
1303489 3 1 1 1 2 1 2 1 1 2
1311108 1 1 1 3 2 1 1 1 1 2
1318671 3 1 1 1 2 1 2 1 1 2
1323477 1 2 1 3 2 1 2 1 1 2
1324572 5 1 1 1 2 1 2 2 1 2
1324681 4 1 1 1 2 1 2 1 1 2
1333877 5 4 5 1 8 1 3 6 1 2
1334667 1 1 1 1 2 1 1 1 1 2
1347749 1 1 1 1 2 1 1 1 1 2
1348851 3 1 1 1 2 1 3 1 1 2
1368267 5 1 1 1 2 1 1 1 1 2
1368882 2 1 1 1 2 1 1 1 1 2
1371920 5 1 1 1 2 1 3 2 1 2
534555 1 1 1 1 2 1 1 1 1 2
603148 4 1 1 1 2 1 1 1 1 2
714039 3 1 1 1 2 1 1 1 1 2
841769 2 1 1 1 2 1 1 1 1 2
