1016277 6 8 8 1 3 4 3 7 1 2
1018099 1 1 1 1 2 10 3 1 1 2
1033078 2 1 1 1 2 1 1 1 5 2
1036172 2 1 1 1 2 1 2 1 1 2
1047630 7 4 6 4 6 1 4 3 1 4
1048672 4 1 1 1 2 1 2 1 1 2
1057013 8 4 5 1 2 ? 7 3 1 4
1066373 3 2 1 1 1 1 2 1 1 2
1074610 2 1 1 2 2 1 3 1 1 2
1091262 2 5 3 3 6 7 7 5 1 4
1096800 6 6 6 9 6 ? 7 8 1 2
1099510 10 4 3 1 3 3 6 5 2 4
1100524 6 10 10 2 8 10 7 3 3 4
1102573 5 6 5 6 10 1 3 1 1 4
1106095 4 1 1 3 2 1 3 1 1 2
1108449 5 3 3 4 2 4 3 4 1 4
1111249 10 6 6 3 4 5 3 6 1 4
1112209 8 10 10 1 3 6 3 9 1 4
1113038 8 2 4 1 5 1 5 4 4 4
1113483 5 2 3 1 6 10 5 1 1 4
1116132 6 3 4 1 5 2 3 9 1 4
1116192 1 1 1 1 2 1 2 1 1 2
1116998 10 4 2 1 3 2 4 3 10 4
1126417 10 6 4 1 3 4 3 2 3 4
1136142 2 1 1 1 3 1 2 1 1 2
1143978 5 2 1 1 2 1 3 1 1 2
1157734 4 1 1 1 2 1 3 1 1 2
1165297 2 1 1 2 2 1 1 1 1 2
1166654 10 3 5 1 10 5 3 10 2 4
1167439 2 3 4 4 2 5 2 5 1 4
1167471 4 1 2 1 2 1 3 1 1 2
1171710 1 1 1 1 2 1 2 3 1 2
1171710 6 5 4 4 3 9 7 8 3 4
1173216 10 10 10 3 10 8 8 1 1 4
1173347 8 3 3 1 2 2 3 2 1 2
1174428 5 3 5 1 8 10 5 3 1 4
1177027 3 1 1 1 2 1 3 1 1 2
1180523 3 1 1 1 2 1 2 2 1 2
1182410 3 1 1 1 2 1 1 1 1 2
1183246 1 1 1 1 1 ? 2 1 1 2
1185610 1 1 1 1 3 2 2 1 1 2
1187457 3 1 1 3 8 1 5 8 1 2
1189286 10 10 8 6 4 5 8 10 1 4
1190394 4 1 1 1 2 3 1 1 1 2
1193210 2 1 1 1 2 1 3 1 1 2
1193683 1 1 2 1 3 ? 1 1 1 2
1196915 10 7 7 4 5 10 5 7 2 4
1197440 1 1 1 2 1 3 1 1 7 2
1198128 10 8 10 10 6 1 3 1 10 4
1198641 3 1 1 1 2 1 3 1 1 2
1199731 3 1 1 1 2 1 1 1 1 2
1199983 1 1 1 1 2 1 3 1 1 2
1201936 5 10 10 3 8 1 5 10 3 4
1202125 4 1 1 1 2 1 3 1 1 2
1204242 1 1 1 1 2 1 1 1 1 2
1204898 6 1 1 1 2 1 3 1 1 2
1205579 8 7 6 4 4 10 5 1 1 4
1206841 10 5 6 10 6 10 7 7 10 4
1211202 7 5 10 10 10 10 4 10 3 4
1212232 5 1 1 1 2 1 2 1 1 2
1212251 1 1 1 1 2 1 3 1 1 2
1213383 5 1 1 4 2 1 3 1 1 2
1214092 1 1 1 1 2 1 1 1 1 2
1214556 3 1 1 1 2 1 2 1 1 2
1216694 10 8 8 4 10 10 8 1 1 4
1217051 5 1 1 1 2 1 3 1 1 2
1219859 8 10 8 8 4 8 7 7 1 4
1221863 10 10 10 10 7 10 7 10 4 4
1223282 1 1 1 1 2 1 2 1 1 2
1223967 6 1 3 1 2 1 3 1 1 2
1227210 10 5 5 6 3 10 7 9 2 4
1231706 8 4 6 3 3 1 4 3 1 2
1232225 10 4 5 5 5 10 4 1 1 4
1242364 8 10 10 8 6 9 3 10 10 4
183913 1 2 2 1 2 1 1 1 1 2
191250 10 4 4 10 2 10 5 3 3 4
1100524 6 10 10 2 8 10 7 3 3 4
1116116 9 10 10 1 10 8 3 3 1 4
1168736 5 6 6 2 4 10 3 6 1 4
1182404 3 1 1 1 2 1 2 1 1 2
1198641 3 1 1 1 2 1 3 1 1 2
242970 5 7 7 1 5 8 3 4 1 2
255644 10 5 8 10 3 10 5 1 3 4
263538 5 10 10 6 10 10 10 6 5 4
314428 7 9 4 10 10 3 5 3 3 4
1182404 5 1 4 1 2 1 3 2 1 2
1198641 10 10 6 3 3 10 4 3 2 4
411453 5 1 1 1 2 1 3 1 1 2
428903 7 2 4 1 3 4 3 3 1 4
456282 1 1 1 1 2 1 3 1 1 2
486662 2 1 1 2 2 1 3 1 1 2
527363 8 10 10 10 8 10 10 7 3 4
555977 5 6 6 8 6 10 4 10 4 4
563649 8 8 8 1 2 ? 6 10 1 4
61634 5 4 3 1 2 ? 2 3 1 2
635844 8 4 10 5 4 4 7 10 1 4
653777 8 3 4 9 3 10 3 3 1 4
666942 1 1 1 1 2 1 3 1 1 2
691628 8 6 4 10 10 1 3 5 1 4
704168 4 6 5 6 7 ? 4 9 1 2
733639 3 1 1 1 2 1 3 1 1 2
743348 3 2 2 1 2 1 2 3 1 2
760001 8 10 3 2 6 4 3 10 1 4
76389 10 4 7 2 2 8 6 1 1 4
764974 5 1 1 1 2 1 3 1 2 2
810104 1 1 1 1 2 1 3 1 1 2
822829 7 6 4 8 10 10 9 5 3 4
832226 3 4 4 10 5 1 3 3 1 4
877943 3 10 3 10 6 10 5 1 4 4
888169 3 2 2 1 4 3 2 1 1 2
888523 4 4 4 2 2 3 2 1 1 2
160296 5 8 8 10 5 10 8 10 3 4
493452 1 1 3 1 2 1 1 1 1 2
493452 4 1 2 1 2 1 2 1 1 2
560680 3 1 2 1 2 1 2 1 1 2
654244 1 1 1 1 1 1 2 1 1 2
1002504 3 2 2 2 2 1 3 2 1 2
1026122 2 1 1 1 2 1 1 1 1 2
1151734 10 8 7 4 3 10 7 9 1 4
1158247 1 1 1 1 1 1 1 1 1 2
1196263 4 1 1 1 2 1 1 1 1 2
1206314 1 2 3 1 2 1 1 1 1 2
1238021 1 1 1 1 2 1 2 1 1 2
1238633 10 10 10 6 8 4 8 5 1 4
1238915 5 1 2 1 2 1 3 1 1 2
1239347 8 7 8 5 10 10 7 2 1 4
1240337 5 2 2 2 2 2 3 2 2 2
1255384 3 2 2 3 2 3 3 1 1 2
1257815 5 1 3 1 2 1 2 1 1 2
1258556 5 3 6 1 2 1 1 1 1 2
1276091 2 1 1 1 2 1 2 1 1 2
1293439 3 2 2 3 2 1 1 1 1 2
1295186 10 10 10 1 6 1 2 8 1 4
527337 4 1 1 1 2 1 1 1 1 2
558538 4 1 3 3 2 1 1 1 1 2
566509 5 1 1 1 2 1 1 1 1 2
734111 1 1 1 1 2 2 1 1 1 2
827627 2 1 1 1 2 1 1 1 1 2
1182404 1 1 1 1 1 1 1 1 1 2
1193544 5 7 9 8 6 10 8 10 1 4
1238410 2 3 1 1 3 1 1 1 1 2
1246562 10 2 2 1 2 6 1 1 2 4
1257470 10 6 5 8 5 10 8 6 1 4
1280258 4 1 1 1 2 1 1 2 1 2
1296572 10 9 8 7 6 4 7 10 3 4
1105524 4 1 1 1 2 1 1 1 1 2
1302428 5 3 2 4 2 1 1 1 1 2
474162 8 7 8 5 5 10 9 10 1 4
1073960 10 10 10 10 6 10 8 1 5 4
1076352 3 6 4 10 3 3 3 4 1 4
1142706 5 10 10 10 6 10 6 5 2 4
1182404 4 2 1 1 2 1 1 1 1 2
1217952 4 1 1 1 2 1 2 1 1 2
1238186 4 1 1 1 2 1 2 1 1 2
1253917 4 1 1 2 2 1 2 1 1 2
1268766 1 1 1 1 2 1 1 1 1 2
1277268 3 3 1 1 2 1 1 1 1 2
1286943 8 10 10 10 7 5 4 8 7 4
1297522 2 1 1 1 2 1 1 1 1 2
1298360 1 1 1 1 2 1 1 1 1 2
1313325 4 10 4 7 3 10 9 10 1 4
807657 6 1 3 2 2 1 1 1 1 2
1043068 3 1 1 1 2 1 2 1 1 2
1056171 2 1 1 1 2 1 2 1 1 2
1135090 4 1 1 1 2 1 2 1 1 2
1145420 6 1 1 1 2 1 2 1 1 2
1174841 5 3 1 1 2 1 1 1 1 2
1299924 3 2 2 2 2 1 4 2 1 2
1306339 4 4 2 1 2 5 2 1 2 2
1313982 4 3 1 1 2 1 4 8 1 2
1321321 5 1 1 3 2 1 1 1 1 2
1321348 2 1 1 1 2 1 2 1 1 2
1321942 5 1 1 1 2 1 3 1 1 2
1328755 3 1 1 1 2 1 2 1 1 2
1333104 3 1 2 1 2 1 3 1 1 2
142932 7 6 10 5 3 10 9 10 2 4
183936 3 1 1 1 2 1 2 1 1 2
690557 5 1 1 1 2 1 2 1 1 2
695219 1 1 1 1 2 1 2 1 1 2
1115762 3 1 1 1 2 1 1 1 1 2
1315506 4 8 6 3 4 10 7 1 1 4
1333063 5 1 3 1 2 1 3 1 1 2
1334659 5 2 4 1 1 1 1 1 1 2
352431 10 5 10 3 5 8 7 8 3 4
636375 5 1 1 1 2 1 1 1 1 2
822829 8 10 10 10 6 10 10 10 10 4
1016634 2 3 1 1 2 1 2 1 1 2
1031608 2 1 1 1 1 1 2 1 1 2
1061990 4 1 1 1 2 1 2 1 1 2
1073836 5 1 1 1 2 1 2 1 1 2
1140597 7 1 2 3 2 1 2 1 1 2
1174009 5 1 1 2 1 1 2 1 1 2
1190546 2 1 1 1 2 5 1 1 1 2
1225382 6 2 3 1 2 1 1 1 1 2
1238777 1 1 1 1 2 1 1 1 1 2
1260659 3 1 4 1 2 1 1 1 1 2
1277792 5 1 1 3 2 1 1 1 1 2
1285722 4 1 1 3 2 1 1 1 1 2
1288608 3 1 1 1 2 1 2 1 1 2
1290203 3 1 1 1 2 1 2 1 1 2
1294413 1 1 1 1 2 1 1 1 1 2
1303489 3 1 1 1 2 1 2 1 1 2
1315807 5 10 10 10 10 2 10 10 10 4
1323477 1 2 1 3 2 1 2 1 1 2
1324681 4 1 1 1 2 1 2 1 1 2
1326892 3 1 1 1 2 1 2 1 1 2
1334015 7 8 8 7 3 10 7 2 3 4
1352848 3 10 7 8 5 8 7 4 1 4
1355260 1 1 1 1 2 1 2 1 1 2
466906 1 1 1 1 2 1 1 1 1 2
466906 1 1 1 1 2 1 1 1 1 2
536708 1 1 1 1 2 1 1 1 1 2
566346 3 1 1 1 2 1 2 3 1 2
654546 1 1 1 1 2 1 1 1 8 2
654546 1 1 1 3 2 1 1 1 1 2
776715 3 1 1 1 3 2 1 1 1 2
897471 4 8 6 4 3 4 10 6 1 4
897471 4 8 8 5 4 5 10 4 1 4
