0.323944
0.142857
0.356164
0.2
0.202703
0.328947
0.432432
0.257576
0.342105
0.236111
0.324324
0.333333
0.414634
0.268657
0.353659
0.141026
0.2
0.323944
0.24359
0.223684
0.355263
0.35443
0.32
0.28
0.393939
0.277778
0.454545
0.253165
0.310811
0.291139
0.291667
0.223529
0.291667
0.25
0.324324
0.285714
0.213333
0.25974
0.211268
0.361446
0.278481
0.315789
0.28
0.25
0.272727
0.282051
0.316456
0.253731
0.364706
0.266667
0.356164
0.272727
0.295775
0.30303
0.315068
0.4
0.395349
0.306667
0.243243
0.30137
0.32
0.2375
0.32
0.282051
0.297297
0.318841
0.243243
0.279412
0.246914
0.275362
0.304348
0.368421
0.269231
0.142857
0.273973
0.333333
0.323529
0.34375
0.236111
0.342466
0.153846
0.353846
0.265625
0.189189
0.278481
0.315789
0.140625
0.278481
0.36
0.328947
0.208333
0.338235
0.3125
0.4
0.217391
0.247191
0.246377
0.291139
0.253333
0.301205
