1018561 2 1 2 1 2 1 3 1 1 2
1033078 4 2 1 1 2 1 2 1 1 2
1036172 2 1 1 1 2 1 2 1 1 2
1043999 1 1 1 1 2 3 3 1 1 2
1044572 8 7 5 10 7 9 5 5 4 4
1047630 7 4 6 4 6 1 4 3 1 4
1050718 6 1 1 1 2 1 3 1 1 2
1054590 7 3 2 10 5 10 5 4 4 4
1057013 8 4 5 1 2 ? 7 3 1 4
1099510 10 4 3 1 3 3 6 5 2 4
1103608 10 10 10 4 8 1 8 10 1 4
1103722 1 1 1 1 2 1 2 1 2 2
1105257 3 7 7 4 4 9 4 8 1 4
1105524 1 1 1 1 2 1 2 1 1 2
1106095 4 1 1 3 2 1 3 1 1 2
1113906 9 5 5 2 2 2 5 1 1 4
1115282 5 3 5 5 3 3 4 10 1 4
1116192 1 1 1 1 2 1 2 1 1 2
1143978 4 1 1 2 2 1 2 1 1 2
1148278 3 3 6 4 5 8 4 4 1 4
1152331 4 1 1 1 2 1 3 1 1 2
1155546 2 1 1 2 3 1 2 1 1 2
1156948 3 1 1 2 2 1 1 1 1 2
1160476 2 1 1 1 2 1 3 1 1 2
1167439 2 3 4 4 2 5 2 5 1 4
1167471 4 1 2 1 2 1 3 1 1 2
1168736 10 10 10 10 10 1 8 8 8 4
1170419 10 10 10 8 2 10 4 1 1 4
1171710 1 1 1 1 2 1 2 3 1 2
1173216 10 10 10 3 10 8 8 1 1 4
1173235 3 3 2 1 2 3 3 1 1 2
1174057 1 1 2 2 2 1 3 1 1 2
1176406 1 1 1 1 2 1 2 1 1 2
1177512 1 1 1 1 10 1 1 1 1 2
1178580 5 1 3 1 2 1 2 1 1 2
1179818 2 1 1 1 2 1 3 1 1 2
1180194 5 10 8 10 8 10 3 6 3 4
1182404 4 1 1 1 2 1 2 1 1 2
1183911 2 1 1 1 2 1 1 1 1 2
1184184 1 1 1 1 2 5 1 1 1 2
1184840 1 1 3 1 2 ? 2 1 1 2
1185609 3 4 5 2 6 8 4 1 1 4
1187457 3 1 1 3 8 1 5 8 1 2
1187805 8 8 7 4 10 10 7 8 7 4
1188472 1 1 1 1 1 1 3 1 1 2
1192325 5 5 5 6 3 10 3 1 1 4
1193683 1 1 2 1 3 ? 1 1 1 2
1198128 10 8 10 10 6 1 3 1 10 4
1200847 6 10 10 10 8 10 10 10 7 4
1201834 2 1 1 1 2 1 3 1 1 2
1201936 5 10 10 3 8 1 5 10 3 4
1206695 1 5 8 6 5 8 7 10 1 4
1210963 10 10 10 8 6 8 7 10 1 4
1212422 3 1 1 1 2 1 3 1 1 2
1213383 5 1 1 4 2 1 3 1 1 2
1214556 3 1 1 1 2 1 2 1 1 2
1217264 1 1 1 1 2 1 3 1 1 2
1218860 1 1 1 1 1 1 3 1 1 2
1219525 8 10 10 10 5 10 8 10 6 4
1219859 8 10 8 8 4 8 7 7 1 4
1220330 1 1 1 1 2 1 3 1 1 2
1222047 10 10 10 10 3 10 10 6 1 4
1223793 6 10 7 7 6 4 8 10 2 4
1224329 1 1 1 2 2 1 3 1 1 2
1232225 10 4 5 5 5 10 4 1 1 4
1241559 10 8 8 2 8 10 4 8 10 4
1243256 10 4 3 2 3 10 5 3 2 4
1277018 2 1 1 1 2 1 3 1 1 2
1285531 1 1 1 1 2 1 3 1 1 2
1116116 9 10 10 1 10 8 3 3 1 4
1168736 5 6 6 2 4 10 3 6 1 4
242970 5 7 7 1 5 8 3 4 1 2
255644 10 5 8 10 3 10 5 1 3 4
274137 8 8 9 4 5 10 7 8 1 4
1182404 5 1 4 1 2 1 3 2 1 2
320675 3 3 5 2 3 10 7 1 1 4
385103 1 1 1 1 2 1 3 1 1 2
390840 8 4 7 1 3 10 3 9 2 4
320675 3 3 5 2 3 10 7 1 1 4
431495 3 1 1 1 2 1 3 2 1 2
432809 3 1 3 1 2 ? 2 1 1 2
434518 3 1 1 1 2 1 2 1 1 2
486283 3 1 1 1 2 1 3 1 1 2
488173 1 4 3 10 4 10 5 6 1 4
527363 8 10 10 10 8 10 10 7 3 4
561477 1 1 1 1 2 1 3 1 1 2
563649 8 8 8 1 2 ? 6 10 1 4
601265 10 4 4 6 2 10 2 3 1 4
606722 5 5 7 8 6 10 7 4 1 4
616240 5 3 4 3 4 5 4 7 1 2
61634 5 4 3 1 2 ? 2 3 1 2
636130 1 1 1 1 2 1 3 1 1 2
659642 10 8 4 4 4 10 3 10 4 4
666942 1 1 1 1 2 1 3 1 1 2
691628 8 6 4 10 10 1 3 5 1 4
704097 1 1 1 1 1 1 2 1 1 2
704168 4 6 5 6 7 ? 4 9 1 2
709287 6 8 7 8 6 8 8 9 1 4
730881 7 6 3 2 5 10 7 4 6 4
733639 3 1 1 1 2 ? 3 1 1 2
733823 5 4 6 10 2 10 4 1 1 4
752904 10 1 1 1 2 10 5 4 1 4
810104 1 1 1 1 2 1 3 1 1 2
814265 2 1 1 1 2 1 1 1 1 2
836433 5 1 1 3 2 1 1 1 1 2
837082 2 1 1 1 2 1 3 1 1 2
859350 8 10 10 7 10 10 7 3 8 4
877943 3 10 3 10 6 10 5 1 4 4
888169 3 2 2 1 4 3 2 1 1 2
160296 5 8 8 10 5 10 8 10 3 4
493452 1 1 3 1 2 1 1 1 1 2
493452 4 1 2 1 2 1 2 1 1 2
636437 1 1 1 1 2 1 1 1 1 2
1026122 2 1 1 1 2 1 1 1 1 2
1114570 2 1 1 1 2 1 2 2 1 2
1116715 5 1 1 1 3 2 2 2 1 2
1131411 1 1 1 2 2 1 2 1 1 2
1158405 1 2 3 1 2 1 2 1 1 2
1168278 3 1 1 1 2 1 2 1 1 2
1176187 3 1 1 1 2 1 3 1 1 2
1196263 4 1 1 1 2 1 1 1 1 2
1206314 1 2 3 1 2 1 1 1 1 2
1236837 2 3 2 2 2 2 3 1 1 2
1237674 3 1 2 1 2 1 2 1 1 2
1238021 1 1 1 1 2 1 2 1 1 2
1238633 10 10 10 6 8 4 8 5 1 4
1257648 4 3 3 1 2 1 3 3 1 2
1258556 5 3 6 1 2 1 1 1 1 2
1266154 8 7 8 2 4 2 5 10 1 4
608157 10 4 3 10 4 10 10 1 1 4
1058849 5 1 1 1 2 1 1 1 1 2
1201870 4 1 1 3 1 1 2 1 1 2
1202253 5 1 1 1 2 1 1 1 1 2
1227081 3 1 1 3 2 1 1 1 1 2
1259008 8 8 9 6 6 3 10 10 1 4
1268313 5 1 1 3 2 1 1 1 1 2
1105524 4 1 1 1 2 1 1 1 1 2
1211594 3 1 1 1 1 1 2 1 1 2
1257608 6 1 1 1 1 1 1 1 1 2
1269574 4 1 1 1 2 1 1 1 1 2
1296263 4 1 1 1 2 1 1 1 1 2
1296593 5 2 1 1 2 1 1 1 1 2
1302428 5 3 2 4 2 1 1 1 1 2
1002025 1 1 1 3 1 3 1 1 1 2
1073960 10 10 10 10 6 10 8 1 5 4
1170945 3 1 1 1 1 1 2 1 1 2
1182404 4 2 1 1 2 1 1 1 1 2
1204558 4 1 1 1 2 1 2 1 1 2
1299994 5 1 1 1 2 1 1 1 1 2
1304595 3 1 1 1 1 1 2 1 1 2
369565 4 1 1 1 3 1 1 1 1 2
672113 7 5 6 10 4 10 5 3 1 4
749653 3 1 1 1 2 1 2 1 1 2
769612 3 1 1 2 2 1 1 1 1 2
769612 4 1 1 1 2 1 1 1 1 2
8233704 4 1 1 1 1 1 2 1 1 2
837480 7 4 4 3 4 10 6 9 1 4
867392 4 2 2 1 2 1 2 1 1 2
1056171 2 1 1 1 2 1 2 1 1 2
1186936 2 1 3 2 2 1 2 1 1 2
1240603 3 1 1 1 1 1 1 1 1 2
1241035 7 8 3 7 4 5 7 8 2 4
1289391 1 1 1 1 2 1 3 1 1 2
1321264 5 2 2 2 1 1 2 1 1 2
1321321 5 1 1 3 2 1 1 1 1 2
1321942 5 1 1 1 2 1 3 1 1 2
1331412 5 7 10 10 5 10 10 10 1 4
378275 10 9 7 3 4 2 7 7 1 4
878358 5 7 10 6 5 10 7 5 1 4
1254538 8 10 10 10 6 10 10 10 1 4
1298484 10 3 4 5 3 10 4 1 1 4
1315506 4 8 6 3 4 10 7 1 1 4
1333495 3 1 1 1 2 1 2 1 1 2
1334659 5 2 4 1 1 1 1 1 1 2
1336798 3 1 1 1 2 1 2 1 1 2
1344449 1 1 1 1 1 1 2 1 1 2
1350568 4 1 1 1 2 1 2 1 1 2
188336 5 3 2 8 5 10 8 1 2 4
1016634 2 3 1 1 2 1 2 1 1 2
1041043 4 1 3 1 2 1 2 1 1 2
1140597 7 1 2 3 2 1 2 1 1 2
1190546 2 1 1 1 2 5 1 1 1 2
1213273 2 1 1 1 2 1 1 1 1 2
1253955 8 7 4 4 5 3 5 10 1 4
1257366 3 1 1 1 2 1 1 1 1 2
1268952 10 10 7 8 7 1 10 10 3 4
1275807 4 2 4 3 2 2 2 1 1 2
1277792 4 1 1 1 2 1 1 1 1 2
1277792 5 1 1 3 2 1 1 1 1 2
1290203 3 1 1 1 2 1 2 1 1 2
1303489 3 1 1 1 2 1 2 1 1 2
1315807 5 10 10 10 10 2 10 10 10 4
1325159 3 1 1 1 2 1 3 1 1 2
1326892 3 1 1 1 2 1 2 1 1 2
1333877 5 4 5 1 8 1 3 6 1 2
1334015 7 8 8 7 3 10 7 2 3 4
1334667 1 1 1 1 2 1 1 1 1 2
1352848 3 10 7 8 5 8 7 4 1 4
1368273 1 1 1 1 2 1 1 1 1 2
1371026 5 10 10 10 4 10 5 6 3 4
466906 1 1 1 1 2 1 1 1 1 2
654546 1 1 1 1 2 1 1 1 8 2
897471 4 8 6 4 3 4 10 6 1 4
