1000025 5 1 1 1 2 1 3 1 1 2
1018099 1 1 1 1 2 10 3 1 1 2
1018561 2 1 2 1 2 1 3 1 1 2
1033078 2 1 1 1 2 1 1 1 5 2
1041801 5 3 3 3 2 3 4 4 1 4
1049815 4 1 1 1 2 1 3 1 1 2
1050670 10 7 7 6 4 10 4 1 2 4
1057013 8 4 5 1 2 ? 7 3 1 4
1067444 2 1 1 1 2 1 2 1 1 2
1075123 3 1 2 1 2 1 2 1 1 2
1081791 6 2 1 1 1 1 7 1 1 2
1099510 10 4 3 1 3 3 6 5 2 4
1100524 6 10 10 2 8 10 7 3 3 4
1111249 10 6 6 3 4 5 3 6 1 4
1115282 5 3 5 5 3 3 4 10 1 4
1116116 9 10 10 1 10 8 3 3 1 4
1116998 10 4 2 1 3 2 4 3 10 4
1121732 1 1 1 1 2 1 3 2 1 2
1124651 1 3 3 2 2 1 7 2 1 2
1147748 5 10 6 1 10 4 4 10 10 4
1148278 3 3 6 4 5 8 4 4 1 4
1164066 1 1 1 1 2 1 3 1 1 2
1165297 2 1 1 2 2 1 1 1 1 2
1165790 5 1 1 1 2 1 3 1 1 2
1165926 9 6 9 2 10 6 2 9 10 4
1166630 7 5 6 10 5 10 7 9 4 4
1167439 2 3 4 4 2 5 2 5 1 4
1170420 1 6 8 10 8 10 5 7 1 4
1171795 1 3 1 2 2 2 5 3 2 2
1173235 3 3 2 1 2 3 3 1 1 2
1173347 1 1 1 1 2 5 1 1 1 2
1173347 8 3 3 1 2 2 3 2 1 2
1173681 3 2 1 1 2 2 3 1 1 2
1174057 4 2 1 1 2 2 3 1 1 2
1174428 5 3 5 1 8 10 5 3 1 4
1175937 5 4 6 7 9 7 8 10 1 4
1176881 7 5 3 7 4 10 7 5 5 4
1177399 8 3 5 4 5 10 1 6 2 4
1180194 5 10 8 10 8 10 3 6 3 4
1182404 4 1 1 1 2 1 2 1 1 2
1183516 3 1 1 1 2 1 1 1 1 2
1183911 2 1 1 1 2 1 1 1 1 2
1184241 2 1 1 1 2 1 2 1 1 2
1185609 3 4 5 2 6 8 4 1 1 4
1189266 7 2 4 1 6 10 5 4 3 4
1193091 1 2 2 1 2 1 2 1 1 2
1196915 10 7 7 4 5 10 5 7 2 4
1197080 4 1 1 1 2 1 3 2 1 2
1197440 1 1 1 2 1 3 1 1 7 2
1197510 5 1 1 1 2 ? 3 1 1 2
1197979 4 1 1 1 2 2 3 2 1 2
1198641 3 1 1 1 2 1 3 1 1 2
1199219 1 1 1 2 1 1 1 1 1 2
1199731 3 1 1 1 2 1 1 1 1 2
1200847 6 10 10 10 8 10 10 10 7 4
1200952 5 8 7 7 10 10 5 7 1 4
1201834 2 1 1 1 2 1 3 1 1 2
1202812 5 3 3 3 6 10 3 1 1 4
1205138 5 8 8 8 5 10 7 8 1 4
1212232 5 1 1 1 2 1 2 1 1 2
1214092 1 1 1 1 2 1 1 1 1 2
1214556 3 1 1 1 2 1 2 1 1 2
1216694 10 8 8 4 10 10 8 1 1 4
1216947 1 1 1 1 2 1 3 1 1 2
1218105 5 10 10 9 6 10 7 10 5 4
1219525 8 10 10 10 5 10 8 10 6 4
1219859 8 10 8 8 4 8 7 7 1 4
1223793 6 10 7 7 6 4 8 10 2 4
1223967 6 1 3 1 2 1 3 1 1 2
1225799 10 6 4 3 10 10 9 10 1 4
1230175 10 10 10 3 10 10 9 10 1 4
1276091 3 1 1 3 1 1 3 1 1 2
1277018 2 1 1 1 2 1 3 1 1 2
128059 1 1 1 1 2 5 5 1 1 2
1285531 1 1 1 1 2 1 3 1 1 2
145447 8 4 4 1 2 9 3 3 1 4
169356 3 1 1 1 2 ? 3 1 1 2
1182404 3 1 1 1 2 1 1 1 1 2
242970 5 7 7 1 5 8 3 4 1 2
263538 5 10 10 6 10 10 10 6 5 4
303213 10 4 4 10 6 10 5 5 1 4
314428 7 9 4 10 10 3 5 3 3 4
411453 5 1 1 1 2 1 3 1 1 2
428903 7 2 4 1 3 4 3 3 1 4
431495 3 1 1 1 2 1 3 2 1 2
456282 1 1 1 1 2 1 3 1 1 2
476903 10 5 7 3 3 7 3 3 8 4
529329 10 10 10 10 10 10 4 10 10 4
555977 5 6 6 8 6 10 4 10 4 4
560680 1 1 1 1 2 1 1 1 1 2
561477 1 1 1 1 2 1 3 1 1 2
606140 1 1 1 1 2 ? 2 1 1 2
606722 5 5 7 8 6 10 7 4 1 4
616240 5 3 4 3 4 5 4 7 1 2
635844 8 4 10 5 4 4 7 10 1 4
640744 10 10 10 7 9 10 7 10 10 4
653777 8 3 4 9 3 10 3 3 1 4
666942 1 1 1 1 2 1 3 1 1 2
693702 1 1 1 1 2 1 1 1 1 2
704097 1 1 1 1 1 1 2 1 1 2
733823 5 4 6 10 2 10 4 1 1 4
743348 3 2 2 1 2 1 2 3 1 2
760001 8 10 3 2 6 4 3 10 1 4
76389 10 4 7 2 2 8 6 1 1 4
785615 8 6 7 3 3 10 3 4 2 4
704097 1 1 1 1 1 1 2 1 1 2
809912 10 3 3 1 2 10 7 6 1 4
832567 4 2 3 5 3 8 7 6 1 4
850831 2 7 10 10 7 10 4 9 4 4
492561 4 3 2 1 3 1 2 1 1 2
493452 1 1 3 1 2 1 1 1 1 2
636437 1 1 1 1 2 1 1 1 1 2
640712 1 1 1 1 2 1 2 1 1 2
654244 1 1 1 1 1 1 2 1 1 2
1022257 2 1 1 1 2 1 1 1 1 2
1114570 5 3 3 2 3 1 3 1 1 2
1116715 5 1 1 1 3 2 2 2 1 2
1131411 1 1 1 2 2 1 2 1 1 2
1151734 10 8 7 4 3 10 7 9 1 4
1156017 3 1 1 1 2 1 2 1 1 2
1158247 1 1 1 1 1 1 1 1 1 2
1168278 3 1 1 1 2 1 2 1 1 2
1211265 3 10 8 7 6 9 9 3 8 4
1223003 5 3 3 1 2 1 2 1 1 2
1229929 1 1 1 1 2 1 2 1 1 2
1238464 1 1 1 1 1 ? 2 1 1 2
1239232 3 3 2 6 3 3 3 5 1 2
1240337 5 2 2 2 2 2 3 2 2 2
1253505 2 3 1 1 5 1 1 1 1 2
1258556 5 3 6 1 2 1 1 1 1 2
1276091 1 3 1 1 2 1 2 2 1 2
1293439 6 9 7 5 5 8 4 2 1 2
1294562 10 8 10 1 3 10 5 1 1 4
1295186 10 10 10 1 6 1 2 8 1 4
527337 4 1 1 1 2 1 1 1 1 2
566509 5 1 1 1 2 1 1 1 1 2
677910 5 2 2 4 2 4 1 1 1 2
827627 2 1 1 1 2 1 1 1 1 2
1058849 5 1 1 1 2 1 1 1 1 2
1182404 1 1 1 1 1 1 1 1 1 2
1193544 5 7 9 8 6 10 8 10 1 4
1259008 8 8 9 6 6 3 10 10 1 4
1266124 5 1 2 1 2 1 1 1 1 2
1268804 3 1 1 1 2 5 1 1 1 2
1276091 6 1 1 3 2 1 1 1 1 2
1293966 4 1 1 1 2 1 1 1 1 2
1299161 4 8 7 10 4 10 7 5 1 4
1318169 9 10 10 10 10 5 10 10 10 4
1133991 4 1 1 1 1 1 2 1 1 2
1170945 3 1 1 1 1 1 2 1 1 2
1224565 6 1 1 1 2 1 3 1 1 2
1277268 3 3 1 1 2 1 1 1 1 2
1295508 1 1 1 1 2 4 1 1 1 2
1297327 5 1 1 1 2 1 1 1 1 2
1297522 2 1 1 1 2 1 1 1 1 2
1320077 1 1 1 1 1 1 2 1 1 2
333093 1 1 1 1 3 1 1 1 1 2
837480 7 4 4 3 4 10 6 9 1 4
869828 1 1 1 1 1 1 3 1 1 2
1056171 2 1 1 1 2 1 2 1 1 2
1113061 5 1 1 1 2 1 3 1 1 2
1135090 4 1 1 1 2 1 2 1 1 2
1171578 3 1 1 1 2 1 1 1 1 2
1222464 6 10 10 10 4 10 7 10 1 4
1240603 3 1 1 1 1 1 1 1 1 2
1313982 4 3 1 1 2 1 4 8 1 2
1321348 2 1 1 1 2 1 2 1 1 2
1321942 5 1 1 1 2 1 3 1 1 2
1331405 4 1 1 1 2 1 3 2 1 2
1343068 8 4 4 1 6 10 2 5 2 4
1343374 10 10 8 10 6 5 10 3 1 4
142932 7 6 10 5 3 10 9 10 2 4
324382 1 1 1 1 2 1 2 1 1 2
690557 5 1 1 1 2 1 2 1 1 2
824249 1 1 1 1 2 1 3 1 1 2
871549 5 1 2 1 2 1 2 1 1 2
878358 5 7 10 6 5 10 7 5 1 4
1315506 4 8 6 3 4 10 7 1 1 4
1320141 5 1 1 1 2 1 2 1 1 2
636375 5 1 1 1 2 1 1 1 1 2
803531 5 10 10 10 5 2 8 5 1 4
822829 8 10 10 10 6 10 10 10 10 4
1016634 2 3 1 1 2 1 2 1 1 2
1031608 2 1 1 1 1 1 2 1 1 2
1041043 4 1 3 1 2 1 2 1 1 2
1042252 3 1 1 1 2 1 2 1 1 2
1057067 1 1 1 1 1 ? 1 1 1 2
1073836 5 1 1 1 2 1 2 1 1 2
1149548 1 1 1 1 2 1 1 1 1 2
1213273 2 1 1 1 2 1 1 1 1 2
1218982 4 1 1 1 2 1 1 1 1 2
1285722 4 1 1 3 2 1 1 1 1 2
1288608 3 1 1 1 2 1 2 1 1 2
1299596 2 1 1 1 2 1 1 1 1 2
1318671 3 1 1 1 2 1 2 1 1 2
1324572 5 1 1 1 2 1 2 2 1 2
1324681 4 1 1 1 2 1 2 1 1 2
1330361 5 1 1 1 2 1 2 1 1 2
1333877 5 4 5 1 8 1 3 6 1 2
1339781 4 1 1 1 2 1 3 1 1 2
1348851 3 1 1 1 2 1 3 1 1 2
1352848 3 10 7 8 5 8 7 4 1 4
1355260 1 1 1 1 2 1 2 1 1 2
1368273 1 1 1 1 2 1 1 1 1 2
1369821 10 10 10 10 5 10 10 10 7 4
566346 3 1 1 1 2 1 2 3 1 2
654546 1 1 1 1 2 1 1 1 8 2
654546 1 1 1 3 2 1 1 1 1 2
763235 3 1 1 1 2 1 2 1 2 2
841769 2 1 1 1 2 1 1 1 1 2
