524.7940719572 0.1874483617 0.0321140582 228.8002278843 6843.5984811891 29.9108027316 60.2048797607 220.7372120052 556.828334181 0
330 0.2268928028 0.2652900463 121.1542006708 3163.2394719946 26.1092017815 69.7173614502 99.0849640003 400.2257759827 0
551.8792873985 0.2324778564 0.0635299848 264.80493543 11888.3918269139 44.8949027616 77.793296814 253.7852997781 656.7694494025 0
438.7801572296 0.21240657 0.060737458 120.9015964126 4879.4955758694 40.3592319759 80.7917785645 89.9437864191 525.4201494351 0
485.6688054544 0.2302089283 0.1340412866 253.8936986073 8135.968359074 32.0447825358 64.8554458618 245.4705306437 541.363975057 0
500 0.1926843494 0.1947787445 144.6885779146 3055.0129631204 21.114403135 96.563369751 107.751102979 542.897088892 0
211 0.0539306739 0.0942477796 30.7534434583 151.9845775553 4.9420344672 14.2683744431 27.24312366 217.1307040276 1
245 0.189019158 0.081681409 62.9029550923 1235.9833558899 19.6490507334 42.152015686 46.6903554272 292.3762384463 1
243.2939757359 0.0399680399 0.0670206433 68.5447777184 383.9284530426 5.6011335338 9.9913482666 67.8166557187 263.640761308 1
250 0.0680678408 -0.0153588974 57.1724311623 652.9013493691 11.4198633169 17.7769813538 55.79126957 278.3086151587 1
160.3224525104 0.1769763862 0.163362818 37.2171240005 341.8814622363 9.1861333034 30.8891639709 20.759910398 187.5665182431 1
144 0.1206022513 0.0460766923 19.6476695229 70.4262388067 3.5844576236 18.1310138702 7.569493117 160.3737702928 1
339.5085476096 0.0453785606 0.0300196631 88.6298094262 331.0803904377 3.7355421678 19.8255805969 87.6211804354 307.7931936632 2
252 0.1061160185 0.0314159265 38.5442095271 493.7904229154 12.8110143903 25.5411453247 28.8670396589 280.65829935 2
172.5157972533 0.1272345025 0.0383972435 37.5436732244 192.2181478854 5.1198545954 19.3220806122 32.1898208105 174.9337699538 2
196.3648643227 0.1829105056 0.142418867 54.583080277 843.2625274855 15.4491560976 34.1494140625 42.5808653465 239.944072785 2
370.3957246909 0.1047197551 0 115.9232531157 1308.1204304417 11.284366124 31.3670310974 112.715101601 365.9776512618 2
260.2775210255 0.0790634151 0.0328121899 58.8176114077 277.2590342852 4.7138778276 17.8686695099 56.0376840227 248.6234122408 2
310 0.1747074581 0.1654572131 98.5099614229 2741.0320443757 27.8249225234 49.3278617859 85.270009838 388.9778083603 2
152 0.1658062789 0.2275909345 34.2195504039 94.354327958 2.7573222571 31.2792778015 13.8774777297 180.6095533186 3
216.4132572942 0.1178097245 0.0684169067 53.5996000209 280.4454864735 5.2322309563 22.7905349731 48.5129740146 215.3729200694 3
185 0.1497492498 0.0851720675 39.8914092245 361.747980316 9.0683178997 26.8607616425 29.4927795403 210.1787188199 3
176 0.0898844565 0.0767944871 20.5885241068 79.7054245831 3.8713520294 18.2264919281 9.5750878548 191.9928785117 3
103 0.1581268302 0.2918190509 23.754811344 78.2584737249 3.2944262361 22.3236026764 8.1208260291 124.9785610053 3
770 0.0416283304 0.0024345501 175.0196843412 346.0913114677 1.9774422104 25.2223300934 173.1927365629 654.7984187661 4
1461.7503424331 0.0408407045 0.0495673508 391.8460234008 5574.0028199661 14.2249824857 57.2314796448 387.6439908583 1428.8399755134 4
1111.8140678207 0.0987856357 0.0712094335 386.9870937242 7659.7421335884 19.7932754291 86.0251235962 377.3045041864 990.978913442 4
1850 0.0791491625 0.0694701804 253.6214550606 13113.2030948392 51.7038398494 160.0654602051 196.7304979641 1916.9853650897 5
1800 0.0691150384 0.1570796327 385.564704349 13831.7248887707 35.8739395301 157.5700073242 351.8974774277 1823.0323641657 5
1650 0.0476474886 0.0432841654 274.4261774962 5824.8951915781 21.2257272419 81.2395706177 262.1256558773 1603.0703476207 5
2600 0.2005383311 0.2080432468 1063.4414274728 174480.476217939 164.0715433031 418.687286377 977.5523672434 2664.5836230562 5
2600 0.069987703 0.0488692191 745.4743691927 39845.7736975332 53.4502262508 154.1226043701 729.3683950429 2545.4197444546 5
