1000025 5 1 1 1 2 1 3 1 1 2
1017122 8 10 10 8 7 10 9 7 1 4
1044572 8 7 5 10 7 9 5 5 4 4
1050718 6 1 1 1 2 1 3 1 1 2
1054590 7 3 2 10 5 10 5 4 4 4
1056784 3 1 1 1 2 1 2 1 1 2
1059552 1 1 1 1 2 1 3 1 1 2
1066979 5 1 1 1 2 1 2 1 1 2
1067444 2 1 1 1 2 1 2 1 1 2
1070935 1 1 3 1 2 1 1 1 1 2
1072179 10 7 7 3 8 5 7 4 3 4
1079304 2 1 1 1 2 1 2 1 1 2
1080185 10 10 10 8 6 1 8 9 1 4
1091262 2 5 3 3 6 7 7 5 1 4
1096800 6 6 6 9 6 ? 7 8 1 2
1103608 10 10 10 4 8 1 8 10 1 4
1105524 1 1 1 1 2 1 2 1 1 2
1108370 9 5 8 1 2 3 2 1 5 4
1108449 5 3 3 4 2 4 3 4 1 4
1110524 10 5 5 6 8 8 7 1 1 4
1111249 10 6 6 3 4 5 3 6 1 4
1113483 5 2 3 1 6 10 5 1 1 4
1115282 5 3 5 5 3 3 4 10 1 4
1115293 1 1 1 1 2 2 2 1 1 2
1116116 9 10 10 1 10 8 3 3 1 4
1116132 6 3 4 1 5 2 3 9 1 4
1121919 5 1 3 1 2 1 2 1 1 2
1131294 1 1 2 1 2 2 4 2 1 2
1133041 5 3 1 2 2 1 2 1 1 2
1143978 4 1 1 2 2 1 2 1 1 2
1143978 5 2 1 1 2 1 3 1 1 2
1147748 5 10 6 1 10 4 4 10 10 4
1165297 2 1 1 2 2 1 1 1 1 2
1166654 10 3 5 1 10 5 3 10 2 4
1169049 7 3 4 4 3 3 3 2 7 4
1173347 8 3 3 1 2 2 3 2 1 2
1174057 4 2 1 1 2 2 3 1 1 2
1174428 5 3 5 1 8 10 5 3 1 4
1176881 7 5 3 7 4 10 7 5 5 4
1177027 3 1 1 1 2 1 3 1 1 2
1179818 2 1 1 1 2 1 3 1 1 2
1180194 5 10 8 10 8 10 3 6 3 4
1180523 3 1 1 1 2 1 2 2 1 2
1182410 3 1 1 1 2 1 1 1 1 2
1183911 2 1 1 1 2 1 1 1 1 2
1183983 9 5 5 4 4 5 4 3 3 4
1187805 8 8 7 4 10 10 7 8 7 4
1193210 2 1 1 1 2 1 3 1 1 2
1196915 10 7 7 4 5 10 5 7 2 4
1197440 1 1 1 2 1 3 1 1 7 2
1200847 6 10 10 10 8 10 10 10 7 4
1204898 6 1 1 1 2 1 3 1 1 2
1210963 10 10 10 8 6 8 7 10 1 4
1212232 5 1 1 1 2 1 2 1 1 2
1213375 8 4 4 5 4 7 7 8 2 2
1216694 10 8 8 4 10 10 8 1 1 4
1216947 1 1 1 1 2 1 3 1 1 2
1222047 10 10 10 10 3 10 10 6 1 4
1223967 6 1 3 1 2 1 3 1 1 2
1226012 4 1 1 3 1 5 2 1 1 4
1227210 10 5 5 6 3 10 7 9 2 4
1231706 8 4 6 3 3 1 4 3 1 2
1236043 3 3 2 1 3 1 3 6 1 2
1241679 9 8 8 5 6 2 4 10 4 4
1285531 1 1 1 1 2 1 3 1 1 2
1287775 5 1 1 2 2 2 3 1 1 2
144888 8 10 10 8 5 10 7 8 1 4
167528 4 1 1 1 2 1 3 6 1 2
169356 3 1 1 1 2 ? 3 1 1 2
1017023 6 3 3 5 3 10 3 5 3 2
1116116 9 10 10 1 10 8 3 3 1 4
1198641 3 1 1 1 2 1 3 1 1 2
242970 5 7 7 1 5 8 3 4 1 2
1182404 5 1 4 1 2 1 3 2 1 2
431495 3 1 1 1 2 1 3 2 1 2
432809 3 1 3 1 2 ? 2 1 1 2
488173 1 4 3 10 4 10 5 6 1 4
508234 7 4 5 10 2 10 3 8 2 4
561477 1 1 1 1 2 1 3 1 1 2
606722 5 5 7 8 6 10 7 4 1 4
625201 8 2 1 1 5 1 1 1 1 2
63375 9 1 2 6 4 10 7 7 2 4
635844 8 4 10 5 4 4 7 10 1 4
640744 10 10 10 7 9 10 7 10 10 4
646904 1 1 1 1 2 1 3 1 1 2
653777 8 3 4 9 3 10 3 3 1 4
673637 3 1 1 1 2 5 5 1 1 2
718641 1 1 1 1 5 1 3 1 1 2
733639 3 1 1 1 2 ? 3 1 1 2
733823 5 4 6 10 2 10 4 1 1 4
760001 8 10 3 2 6 4 3 10 1 4
760239 10 4 6 4 5 10 7 1 1 4
76389 10 4 7 2 2 8 6 1 1 4
764974 5 1 1 1 2 1 3 1 2 2
797327 6 5 5 8 4 10 3 4 1 4
814265 2 1 1 1 2 1 1 1 1 2
822829 7 6 4 8 10 10 9 5 3 4
831268 1 1 1 1 1 1 1 3 1 2
832226 3 4 4 10 5 1 3 3 1 4
859164 5 3 3 1 3 3 3 3 3 4
877291 6 10 10 10 10 10 8 10 10 4
896404 2 1 1 1 2 1 3 1 1 2
95719 6 10 10 10 8 10 7 10 7 4
493452 4 1 2 1 2 1 2 1 1 2
560680 3 1 2 1 2 1 2 1 1 2
636437 1 1 1 1 2 1 1 1 1 2
657753 3 1 1 4 3 1 2 2 1 2
805448 1 1 1 1 2 1 1 1 1 2
846423 10 6 3 6 4 10 7 8 4 4
1022257 2 1 1 1 2 1 1 1 1 2
1080233 7 6 6 3 2 10 7 1 1 4
1151734 10 8 7 4 3 10 7 9 1 4
1156017 3 1 1 1 2 1 2 1 1 2
1158405 1 2 3 1 2 1 2 1 1 2
1168278 3 1 1 1 2 1 2 1 1 2
1196263 4 1 1 1 2 1 1 1 1 2
1211265 3 10 8 7 6 9 9 3 8 4
1229929 1 1 1 1 2 1 2 1 1 2
1234554 1 1 1 1 2 1 2 1 1 2
1236837 2 3 2 2 2 2 3 1 1 2
1238464 1 1 1 1 1 ? 2 1 1 2
1239347 8 7 8 5 10 10 7 2 1 4
1239967 1 1 1 1 2 1 2 1 1 2
1257815 5 1 3 1 2 1 2 1 1 2
1276091 1 3 1 1 2 1 2 2 1 2
1276091 5 1 1 3 4 1 3 2 1 2
1277629 5 1 1 1 2 1 2 2 1 2
677910 5 2 2 4 2 4 1 1 1 2
1049837 1 1 1 1 2 1 1 1 1 2
1058849 5 1 1 1 2 1 1 1 1 2
1193544 5 7 9 8 6 10 8 10 1 4
1202253 5 1 1 1 2 1 1 1 1 2
1238410 2 3 1 1 3 1 1 1 1 2
1257470 10 6 5 8 5 10 8 6 1 4
1259008 8 8 9 6 6 3 10 10 1 4
1268804 3 1 1 1 2 5 1 1 1 2
1280258 4 1 1 1 2 1 1 2 1 2
1298416 10 6 6 2 4 10 9 7 1 4
1105524 4 1 1 1 2 1 1 1 1 2
1181685 1 1 2 1 2 1 2 1 1 2
1257608 6 1 1 1 1 1 1 1 1 2
1296025 4 1 2 1 2 1 1 1 1 2
1296263 4 1 1 1 2 1 1 1 1 2
1299161 4 8 7 10 4 10 7 5 1 4
1301945 5 1 1 1 1 1 1 1 1 2
1302428 5 3 2 4 2 1 1 1 1 2
1002025 1 1 1 3 1 3 1 1 1 2
1073960 10 10 10 10 6 10 8 1 5 4
1115293 1 1 1 1 2 1 1 1 1 2
1119189 5 8 9 4 3 10 7 1 1 4
1133991 4 1 1 1 1 1 2 1 1 2
1277268 3 3 1 1 2 1 1 1 1 2
1295508 1 1 1 1 2 4 1 1 1 2
1297327 5 1 1 1 2 1 1 1 1 2
769612 3 1 1 2 2 1 1 1 1 2
837480 7 4 4 3 4 10 6 9 1 4
1056171 2 1 1 1 2 1 2 1 1 2
1184586 4 1 1 1 2 1 2 1 1 2
1240603 3 1 1 1 1 1 1 1 1 2
1287971 3 1 1 1 2 1 2 1 1 2
1321264 5 2 2 2 1 1 2 1 1 2
1321348 2 1 1 1 2 1 2 1 1 2
1321942 5 1 1 1 2 1 3 1 1 2
1334071 4 1 1 1 2 3 2 1 1 2
183936 3 1 1 1 2 1 2 1 1 2
378275 10 9 7 3 4 2 7 7 1 4
690557 5 1 1 1 2 1 2 1 1 2
1217717 5 1 1 6 3 1 1 1 1 2
1254538 8 10 10 10 6 10 10 10 1 4
1261751 5 1 1 1 2 1 2 2 1 2
1272166 5 1 1 1 2 1 1 1 1 2
1336798 3 1 1 1 2 1 2 1 1 2
1352663 5 4 6 8 4 1 8 10 1 4
352431 10 5 10 3 5 8 7 8 3 4
353098 4 1 1 2 2 1 1 1 1 2
1041043 4 1 3 1 2 1 2 1 1 2
1140597 7 1 2 3 2 1 2 1 1 2
1174009 5 1 1 2 1 1 2 1 1 2
1213273 2 1 1 1 2 1 1 1 1 2
1257366 3 1 1 1 2 1 1 1 1 2
1268952 10 10 7 8 7 1 10 10 3 4
1311108 1 1 1 3 2 1 1 1 1 2
1315807 5 10 10 10 10 2 10 10 10 4
1318671 3 1 1 1 2 1 2 1 1 2
1319609 3 1 1 2 3 4 1 1 1 2
1324572 5 1 1 1 2 1 2 2 1 2
1324681 4 1 1 1 2 1 2 1 1 2
1333877 5 4 5 1 8 1 3 6 1 2
1334015 7 8 8 7 3 10 7 2 3 4
1339781 1 1 1 1 2 1 2 1 1 2
13454352 1 1 3 1 2 1 2 1 1 2
1345593 3 1 1 3 2 1 2 1 1 2
1348851 3 1 1 1 2 1 3 1 1 2
1350423 5 10 10 8 5 5 7 10 1 4
1354840 2 1 1 1 2 1 3 1 1 2
1355260 1 1 1 1 2 1 2 1 1 2
1365328 1 1 2 1 2 1 2 1 1 2
1368273 1 1 1 1 2 1 1 1 1 2
1369821 10 10 10 10 5 10 10 10 7 4
1371026 5 10 10 10 4 10 5 6 3 4
1371920 5 1 1 1 2 1 3 2 1 2
466906 1 1 1 1 2 1 1 1 1 2
603148 4 1 1 1 2 1 1 1 1 2
654546 1 1 1 3 2 1 1 1 1 2
763235 3 1 1 1 2 1 2 1 2 2
841769 2 1 1 1 2 1 1 1 1 2
888820 5 10 10 3 7 3 8 10 2 4
