1000025 5 1 1 1 2 1 3 1 1 2
1018561 2 1 2 1 2 1 3 1 1 2
1033078 2 1 1 1 2 1 1 1 5 2
1041801 5 3 3 3 2 3 4 4 1 4
1049815 4 1 1 1 2 1 3 1 1 2
1050670 10 7 7 6 4 10 4 1 2 4
1050718 6 1 1 1 2 1 3 1 1 2
1065726 5 2 3 4 2 7 3 6 1 4
1066373 3 2 1 1 1 1 2 1 1 2
1070935 3 1 1 1 1 1 2 1 1 2
1074610 2 1 1 2 2 1 3 1 1 2
1080185 10 10 10 8 6 1 8 9 1 4
1091262 2 5 3 3 6 7 7 5 1 4
1096800 6 6 6 9 6 ? 7 8 1 2
1099510 10 4 3 1 3 3 6 5 2 4
1100524 6 10 10 2 8 10 7 3 3 4
1103608 10 10 10 4 8 1 8 10 1 4
1111249 10 6 6 3 4 5 3 6 1 4
1112209 8 10 10 1 3 6 3 9 1 4
1113483 5 2 3 1 6 10 5 1 1 4
1113906 9 5 5 2 2 2 5 1 1 4
1117152 4 1 1 1 2 1 3 1 1 2
1118039 5 3 4 1 8 10 4 9 1 4
1121732 1 1 1 1 2 1 3 2 1 2
1125035 9 4 5 10 6 10 4 8 1 4
1133136 3 1 1 1 2 3 3 1 1 2
1155546 2 1 1 2 3 1 2 1 1 2
1156272 1 1 1 1 2 1 3 1 1 2
1157734 4 1 1 1 2 1 3 1 1 2
1158247 1 1 1 1 2 1 2 1 1 2
1165297 2 1 1 2 2 1 1 1 1 2
1165790 5 1 1 1 2 1 3 1 1 2
1171845 8 6 4 3 5 9 3 1 1 4
1172152 10 3 3 10 2 10 7 3 3 4
1173235 3 3 2 1 2 3 3 1 1 2
1173347 1 1 1 1 2 5 1 1 1 2
1173514 1 1 1 1 4 3 1 1 1 2
1174428 5 3 5 1 8 10 5 3 1 4
1175937 5 4 6 7 9 7 8 10 1 4
1177399 8 3 5 4 5 10 1 6 2 4
1180831 3 1 1 1 3 1 2 1 1 2
1181356 5 1 1 1 2 2 3 3 1 2
1182410 3 1 1 1 2 1 1 1 1 2
1183246 1 1 1 1 1 ? 2 1 1 2
1183516 3 1 1 1 2 1 1 1 1 2
1187457 3 1 1 3 8 1 5 8 1 2
1193091 1 2 2 1 2 1 2 1 1 2
1193210 2 1 1 1 2 1 3 1 1 2
1196295 9 9 10 3 6 10 7 10 6 4
1197080 4 1 1 1 2 1 3 2 1 2
1197270 3 1 1 1 2 1 3 1 1 2
1197440 1 1 1 2 1 3 1 1 7 2
1198128 10 8 10 10 6 1 3 1 10 4
1199731 3 1 1 1 2 1 1 1 1 2
1203096 1 1 1 1 1 1 3 1 1 2
1208301 1 2 3 1 2 1 3 1 1 2
1211202 7 5 10 10 10 10 4 10 3 4
1212251 1 1 1 1 2 1 3 1 1 2
1212422 3 1 1 1 2 1 3 1 1 2
1213375 8 4 4 5 4 7 7 8 2 2
1214966 9 7 7 5 5 10 7 8 3 4
1217051 5 1 1 1 2 1 3 1 1 2
1218105 5 10 10 9 6 10 7 10 5 4
1218860 1 1 1 1 1 1 3 1 1 2
1219406 5 1 1 1 1 1 3 1 1 2
1220330 1 1 1 1 2 1 3 1 1 2
1221863 10 10 10 10 7 10 7 10 4 4
1223967 6 1 3 1 2 1 3 1 1 2
1228311 1 1 1 1 1 1 3 1 1 2
1241559 10 8 8 2 8 10 4 8 10 4
128059 1 1 1 1 2 5 5 1 1 2
169356 3 1 1 1 2 ? 3 1 1 2
183913 1 2 2 1 2 1 1 1 1 2
1100524 6 10 10 2 8 10 7 3 3 4
1198641 3 1 1 1 2 1 3 1 1 2
274137 8 8 9 4 5 10 7 8 1 4
1198641 10 10 6 3 3 10 4 3 2 4
390840 8 4 7 1 3 10 3 9 2 4
452264 1 1 1 1 2 1 2 1 1 2
476903 10 5 7 3 3 7 3 3 8 4
486662 2 1 1 2 2 1 3 1 1 2
508234 7 4 5 10 2 10 3 8 2 4
563649 8 8 8 1 2 ? 6 10 1 4
625201 8 2 1 1 5 1 1 1 1 2
63375 9 1 2 6 4 10 7 7 2 4
666090 1 1 1 1 2 1 3 1 1 2
666942 1 1 1 1 2 1 3 1 1 2
684955 2 1 1 1 3 1 2 1 1 2
693702 1 1 1 1 2 1 1 1 1 2
704097 1 1 1 1 1 1 2 1 1 2
704168 4 6 5 6 7 ? 4 9 1 2
718641 1 1 1 1 5 1 3 1 1 2
733639 3 1 1 1 2 ? 3 1 1 2
733639 3 1 1 1 2 1 3 1 1 2
733823 5 4 6 10 2 10 4 1 1 4
740492 1 1 1 1 2 1 3 1 1 2
752904 10 1 1 1 2 10 5 4 1 4
760001 8 10 3 2 6 4 3 10 1 4
770066 5 2 2 2 2 1 2 2 1 2
810104 1 1 1 1 2 1 3 1 1 2
831268 1 1 1 1 1 1 1 3 1 2
832567 4 2 3 5 3 8 7 6 1 4
837082 2 1 1 1 2 1 3 1 1 2
857774 4 1 1 1 3 1 2 2 1 2
859350 8 10 10 7 10 10 7 3 8 4
342245 1 1 3 1 2 1 1 1 1 2
493452 4 1 2 1 2 1 2 1 1 2
560680 3 1 2 1 2 1 2 1 1 2
657753 3 1 1 4 3 1 2 2 1 2
1114570 2 1 1 1 2 1 2 2 1 2
1131411 1 1 1 2 2 1 2 1 1 2
1176187 3 1 1 1 2 1 3 1 1 2
1206314 1 2 3 1 2 1 1 1 1 2
1223543 1 2 1 3 2 1 1 2 1 2
1229929 1 1 1 1 2 1 2 1 1 2
1234554 1 1 1 1 2 1 2 1 1 2
1238021 1 1 1 1 2 1 2 1 1 2
1239347 8 7 8 5 10 10 7 2 1 4
1239967 1 1 1 1 2 1 2 1 1 2
1257648 4 3 3 1 2 1 3 3 1 2
1272039 1 1 1 1 2 1 2 1 1 2
1276091 2 1 1 1 2 1 2 1 1 2
1276091 5 1 1 3 4 1 3 2 1 2
1277629 5 1 1 1 2 1 2 2 1 2
1294562 10 8 10 1 3 10 5 1 1 4
1295186 10 10 10 1 6 1 2 8 1 4
608157 10 4 3 10 4 10 10 1 1 4
1058849 5 1 1 1 2 1 1 1 1 2
1201870 4 1 1 3 1 1 2 1 1 2
1230994 4 5 5 8 6 10 10 7 1 4
1238410 2 3 1 1 3 1 1 1 1 2
1257470 10 6 5 8 5 10 8 6 1 4
1266124 5 1 2 1 2 1 1 1 1 2
1268313 5 1 1 3 2 1 1 1 1 2
1280258 4 1 1 1 2 1 1 2 1 2
1105524 4 1 1 1 2 1 1 1 1 2
1211594 3 1 1 1 1 1 2 1 1 2
1238777 6 1 1 3 2 1 1 1 1 2
1287282 3 1 1 1 2 1 1 1 1 2
1296263 4 1 1 1 2 1 1 1 1 2
1296593 5 2 1 1 2 1 1 1 1 2
1301945 5 1 1 1 1 1 1 1 1 2
1302428 5 3 2 4 2 1 1 1 1 2
787451 5 1 2 1 2 1 1 1 1 2
1002025 1 1 1 3 1 3 1 1 1 2
1073960 10 10 10 10 6 10 8 1 5 4
1181567 1 1 1 1 1 1 1 1 1 2
1182404 4 2 1 1 2 1 1 1 1 2
1224565 6 1 1 1 2 1 3 1 1 2
1238186 4 1 1 1 2 1 2 1 1 2
1253917 4 1 1 2 2 1 2 1 1 2
1286943 8 10 10 10 7 5 4 8 7 4
1297327 5 1 1 1 2 1 1 1 1 2
1297522 2 1 1 1 2 1 1 1 1 2
1298360 1 1 1 1 2 1 1 1 1 2
1299994 5 1 1 1 2 1 1 1 1 2
1304595 3 1 1 1 1 1 2 1 1 2
1306282 6 6 7 10 3 10 8 10 2 4
1320304 3 1 2 2 2 1 1 1 1 2
1330439 4 7 8 3 4 10 9 1 1 4
412300 10 4 5 4 3 5 7 3 1 4
749653 3 1 1 1 2 1 2 1 1 2
769612 3 1 1 2 2 1 1 1 1 2
837480 7 4 4 3 4 10 6 9 1 4
869828 1 1 1 1 1 1 3 1 1 2
1043068 3 1 1 1 2 1 2 1 1 2
1113061 5 1 1 1 2 1 3 1 1 2
1116192 5 1 2 1 2 1 3 1 1 2
1186936 2 1 3 2 2 1 2 1 1 2
1222464 6 10 10 10 4 10 7 10 1 4
1240603 2 1 1 1 1 1 1 1 1 2
1241035 7 8 3 7 4 5 7 8 2 4
1289391 1 1 1 1 2 1 3 1 1 2
1313658 3 1 1 1 2 1 1 1 1 2
1313982 4 3 1 1 2 1 4 8 1 2
1328755 3 1 1 1 2 1 2 1 1 2
1331405 4 1 1 1 2 1 3 2 1 2
1344121 8 10 4 4 8 10 8 2 1 4
378275 10 9 7 3 4 2 7 7 1 4
871549 5 1 2 1 2 1 2 1 1 2
1107684 6 10 5 5 4 10 6 10 1 4
1115762 3 1 1 1 2 1 1 1 1 2
1239420 1 1 1 1 2 1 1 1 1 2
1272166 5 1 1 1 2 1 1 1 1 2
1311875 5 1 2 1 2 1 1 1 1 2
1315506 4 8 6 3 4 10 7 1 1 4
1333063 5 1 3 1 2 1 3 1 1 2
1334659 5 2 4 1 1 1 1 1 1 2
1352663 5 4 6 8 4 1 8 10 1 4
188336 5 3 2 8 5 10 8 1 2 4
636375 5 1 1 1 2 1 1 1 1 2
803531 5 10 10 10 5 2 8 5 1 4
1016634 2 3 1 1 2 1 2 1 1 2
1031608 2 1 1 1 1 1 2 1 1 2
1096352 6 3 3 3 3 2 6 1 1 2
1140597 7 1 2 3 2 1 2 1 1 2
1174009 5 1 1 2 1 1 2 1 1 2
1213273 2 1 1 1 2 1 1 1 1 2
1275807 4 2 4 3 2 2 2 1 1 2
1277792 4 1 1 1 2 1 1 1 1 2
1288608 3 1 1 1 2 1 2 1 1 2
1299596 2 1 1 1 2 1 1 1 1 2
1311033 1 2 2 1 2 1 1 1 1 2
1323477 1 2 1 3 2 1 2 1 1 2
1326892 3 1 1 1 2 1 2 1 1 2
1330361 5 1 1 1 2 1 2 1 1 2
1345452 1 1 3 1 2 1 2 1 1 2
1345593 3 1 1 3 2 1 2 1 1 2
1347943 5 2 2 2 2 1 1 1 2 2
1353092 3 2 1 2 2 1 3 1 1 2
1365328 1 1 2 1 2 1 2 1 1 2
1368273 1 1 1 1 2 1 1 1 1 2
1368882 2 1 1 1 2 1 1 1 1 2
1369821 10 10 10 10 5 10 10 10 7 4
1371026 5 10 10 10 4 10 5 6 3 4
1371920 5 1 1 1 2 1 3 2 1 2
466906 1 1 1 1 2 1 1 1 1 2
603148 4 1 1 1 2 1 1 1 1 2
654546 1 1 1 3 2 1 1 1 1 2
841769 2 1 1 1 2 1 1 1 1 2
888820 5 10 10 3 7 3 8 10 2 4
