1016277 6 8 8 1 3 4 3 7 1 2
1018561 2 1 2 1 2 1 3 1 1 2
1033078 2 1 1 1 2 1 1 1 5 2
1035283 1 1 1 1 1 1 3 1 1 2
1048672 4 1 1 1 2 1 2 1 1 2
1049815 4 1 1 1 2 1 3 1 1 2
1054593 10 5 5 3 6 7 7 10 1 4
1057013 8 4 5 1 2 ? 7 3 1 4
1066373 3 2 1 1 1 1 2 1 1 2
1070935 1 1 3 1 2 1 1 1 1 2
1091262 2 5 3 3 6 7 7 5 1 4
1096800 6 6 6 9 6 ? 7 8 1 2
1100524 6 10 10 2 8 10 7 3 3 4
1103608 10 10 10 4 8 1 8 10 1 4
1106095 4 1 1 3 2 1 3 1 1 2
1106829 7 8 7 2 4 8 3 8 2 4
1108370 9 5 8 1 2 3 2 1 5 4
1110102 10 3 6 2 3 5 4 10 2 4
1110503 5 5 5 8 10 8 7 3 7 4
1110524 10 5 5 6 8 8 7 1 1 4
1111249 10 6 6 3 4 5 3 6 1 4
1115282 5 3 5 5 3 3 4 10 1 4
1125035 9 4 5 10 6 10 4 8 1 4
1126417 10 6 4 1 3 4 3 2 3 4
1133041 5 3 1 2 2 1 2 1 1 2
1137156 2 2 2 1 1 1 7 1 1 2
1143978 4 1 1 2 2 1 2 1 1 2
1155546 2 1 1 2 3 1 2 1 1 2
1165790 5 1 1 1 2 1 3 1 1 2
1168359 8 2 3 1 6 3 7 1 1 4
1168736 10 10 10 10 10 1 8 8 8 4
1169049 7 3 4 4 3 3 3 2 7 4
1170419 10 10 10 8 2 10 4 1 1 4
1173347 1 1 1 1 2 5 1 1 1 2
1173347 8 3 3 1 2 2 3 2 1 2
1174428 5 3 5 1 8 10 5 3 1 4
1177027 3 1 1 1 2 1 3 1 1 2
1178580 5 1 3 1 2 1 2 1 1 2
1181356 5 1 1 1 2 2 3 3 1 2
1182410 3 1 1 1 2 1 1 1 1 2
1183240 4 1 2 1 2 1 2 1 1 2
1183516 3 1 1 1 2 1 1 1 1 2
1183911 2 1 1 1 2 1 1 1 1 2
1184241 2 1 1 1 2 1 2 1 1 2
1185610 1 1 1 1 3 2 2 1 1 2
1187457 3 1 1 3 8 1 5 8 1 2
1188472 1 1 1 1 1 1 3 1 1 2
1190394 4 1 1 1 2 3 1 1 1 2
1198128 10 8 10 10 6 1 3 1 10 4
1199983 1 1 1 1 2 1 3 1 1 2
1200772 1 1 1 1 2 1 2 1 1 2
1200847 6 10 10 10 8 10 10 10 7 4
1200952 5 8 7 7 10 10 5 7 1 4
1202125 4 1 1 1 2 1 3 1 1 2
1202812 5 3 3 3 6 10 3 1 1 4
1206695 1 5 8 6 5 8 7 10 1 4
1207986 5 8 4 10 5 8 9 10 1 4
1208301 1 2 3 1 2 1 3 1 1 2
1212251 1 1 1 1 2 1 3 1 1 2
1212422 3 1 1 1 2 1 3 1 1 2
1214556 3 1 1 1 2 1 2 1 1 2
1216947 1 1 1 1 2 1 3 1 1 2
1217051 5 1 1 1 2 1 3 1 1 2
1217264 1 1 1 1 2 1 3 1 1 2
1218860 1 1 1 1 1 1 3 1 1 2
1221863 10 10 10 10 7 10 7 10 4 4
1222936 8 7 8 7 5 5 5 10 2 4
1223967 6 1 3 1 2 1 3 1 1 2
1225799 10 6 4 3 10 10 9 10 1 4
1228152 8 9 9 5 3 5 7 7 1 4
1230175 10 10 10 3 10 10 9 10 1 4
1231387 6 8 7 5 6 8 8 9 2 4
1231706 8 4 6 3 3 1 4 3 1 2
1232225 10 4 5 5 5 10 4 1 1 4
1241679 9 8 8 5 6 2 4 10 4 4
1270479 5 1 3 3 2 2 2 3 1 2
1277018 2 1 1 1 2 1 3 1 1 2
144888 8 10 10 8 5 10 7 8 1 4
1100524 6 10 10 2 8 10 7 3 3 4
1116116 9 10 10 1 10 8 3 3 1 4
255644 10 5 8 10 3 10 5 1 3 4
263538 5 10 10 6 10 10 10 6 5 4
274137 8 8 9 4 5 10 7 8 1 4
1198641 10 10 6 3 3 10 4 3 2 4
320675 3 3 5 2 3 10 7 1 1 4
432809 3 1 3 1 2 ? 2 1 1 2
486283 3 1 1 1 2 1 3 1 1 2
492268 10 4 6 1 2 10 5 3 1 4
527363 8 10 10 10 8 10 10 7 3 4
529329 10 10 10 10 10 10 4 10 10 4
606140 1 1 1 1 2 ? 2 1 1 2
616240 5 3 4 3 4 5 4 7 1 2
61634 5 4 3 1 2 ? 2 3 1 2
625201 8 2 1 1 5 1 1 1 1 2
640744 10 10 10 7 9 10 7 10 10 4
646904 1 1 1 1 2 1 3 1 1 2
653777 8 3 4 9 3 10 3 3 1 4
666090 1 1 1 1 2 1 3 1 1 2
666942 1 1 1 1 2 1 3 1 1 2
688033 1 1 1 1 2 1 1 1 1 2
721482 4 4 4 4 6 5 7 3 1 2
730881 7 6 3 2 5 10 7 4 6 4
733639 3 1 1 1 2 1 3 1 1 2
760001 8 10 3 2 6 4 3 10 1 4
760239 10 4 6 4 5 10 7 1 1 4
792744 1 1 1 1 2 1 1 1 1 2
806423 8 5 5 5 2 10 4 3 1 4
810104 1 1 1 1 2 1 3 1 1 2
837082 2 1 1 1 2 1 3 1 1 2
846832 3 4 5 3 7 3 4 6 1 2
859164 5 3 3 1 3 3 3 3 3 4
859350 8 10 10 7 10 10 7 3 8 4
866325 8 10 5 3 8 4 4 10 3 4
888169 3 2 2 1 4 3 2 1 1 2
888523 4 4 4 2 2 3 2 1 1 2
640712 1 1 1 1 2 1 2 1 1 2
805448 1 1 1 1 2 1 1 1 1 2
1002504 3 2 2 2 2 1 3 2 1 2
1022257 2 1 1 1 2 1 1 1 1 2
1026122 2 1 1 1 2 1 1 1 1 2
1071084 3 3 2 2 3 1 1 2 3 2
1176187 3 1 1 1 2 1 3 1 1 2
1223306 3 1 1 1 2 4 1 1 1 2
1229929 1 1 1 1 2 1 2 1 1 2
1237674 3 1 2 1 2 1 2 1 1 2
1238633 10 10 10 6 8 4 8 5 1 4
1238915 5 1 2 1 2 1 3 1 1 2
1255384 3 2 2 3 2 3 3 1 1 2
1257200 10 10 10 7 10 10 8 2 1 4
1258556 5 3 6 1 2 1 1 1 1 2
734111 1 1 1 3 2 3 1 1 1 2
780555 5 1 1 6 3 1 2 1 1 2
827627 2 1 1 1 2 1 1 1 1 2
1182404 1 1 1 1 1 1 1 1 1 2
1193544 5 7 9 8 6 10 8 10 1 4
1202253 5 1 1 1 2 1 1 1 1 2
1257470 10 6 5 8 5 10 8 6 1 4
1259008 8 8 9 6 6 3 10 10 1 4
1266124 5 1 2 1 2 1 1 1 1 2
1280258 4 1 1 1 2 1 1 2 1 2
1293966 4 1 1 1 2 1 1 1 1 2
1296572 10 9 8 7 6 4 7 10 3 4
1181685 1 1 2 1 2 1 2 1 1 2
1269574 4 1 1 1 2 1 1 1 1 2
1299161 4 8 7 10 4 10 7 5 1 4
1318169 9 10 10 10 10 5 10 10 10 4
1070522 3 1 1 1 1 1 2 1 1 2
1076352 3 6 4 10 3 3 3 4 1 4
1084139 6 3 2 1 3 4 4 1 1 4
1142706 5 10 10 10 6 10 6 5 2 4
1155967 5 1 2 10 4 5 2 1 1 2
1204558 4 1 1 1 2 1 2 1 1 2
1238186 4 1 1 1 2 1 2 1 1 2
1265899 4 1 1 1 2 1 3 1 1 2
1295508 1 1 1 1 2 4 1 1 1 2
1297522 2 1 1 1 2 1 1 1 1 2
1299924 5 1 1 1 2 1 2 1 1 2
1320077 1 1 1 1 1 1 2 1 1 2
1330439 4 7 8 3 4 10 9 1 1 4
769612 3 1 1 2 2 1 1 1 1 2
798429 4 1 1 1 2 1 3 1 1 2
807657 6 1 3 2 2 1 1 1 1 2
1145420 6 1 1 1 2 1 2 1 1 2
1174841 5 3 1 1 2 1 1 1 1 2
1197527 5 1 1 1 2 1 2 1 1 2
1222464 6 10 10 10 4 10 7 10 1 4
1240603 2 1 1 1 1 1 1 1 1 2
1241035 7 8 3 7 4 5 7 8 2 4
1287971 3 1 1 1 2 1 2 1 1 2
1289391 1 1 1 1 2 1 3 1 1 2
1299924 3 2 2 2 2 1 4 2 1 2
1313982 4 3 1 1 2 1 4 8 1 2
1321321 5 1 1 3 2 1 1 1 1 2
1321942 5 1 1 1 2 1 3 1 1 2
1321942 5 1 1 1 2 1 3 1 1 2
1328755 3 1 1 1 2 1 2 1 1 2
1333104 3 1 2 1 2 1 3 1 1 2
385103 5 1 2 1 2 1 3 1 1 2
878358 5 7 10 6 5 10 7 5 1 4
1107684 6 10 5 5 4 10 6 10 1 4
1268275 9 8 8 9 6 3 4 1 1 4
1336798 3 1 1 1 2 1 2 1 1 2
1344449 1 1 1 1 1 1 2 1 1 2
1352663 5 4 6 8 4 1 8 10 1 4
411453 1 1 1 1 2 1 1 1 1 2
1041043 4 1 3 1 2 1 2 1 1 2
1083817 3 1 1 1 2 1 2 1 1 2
1149548 1 1 1 1 2 1 1 1 1 2
1257366 3 1 1 1 2 1 1 1 1 2
1277792 4 1 1 1 2 1 1 1 1 2
1303489 3 1 1 1 2 1 2 1 1 2
1311108 1 1 1 3 2 1 1 1 1 2
1318671 3 1 1 1 2 1 2 1 1 2
1323477 1 2 1 3 2 1 2 1 1 2
1325159 3 1 1 1 2 1 3 1 1 2
1326892 3 1 1 1 2 1 2 1 1 2
1339781 4 1 1 1 2 1 3 1 1 2
1345452 1 1 3 1 2 1 2 1 1 2
1345593 3 1 1 3 2 1 2 1 1 2
1347943 5 2 2 2 2 1 1 1 2 2
1353092 3 2 1 2 2 1 3 1 1 2
1355260 1 1 1 1 2 1 2 1 1 2
1368882 2 1 1 1 2 1 1 1 1 2
1369821 10 10 10 10 5 10 10 10 7 4
1371920 5 1 1 1 2 1 3 2 1 2
466906 1 1 1 1 2 1 1 1 1 2
534555 1 1 1 1 2 1 1 1 1 2
536708 1 1 1 1 2 1 1 1 1 2
603148 4 1 1 1 2 1 1 1 1 2
654546 1 1 1 1 2 1 1 1 8 2
654546 1 1 1 3 2 1 1 1 1 2
714039 3 1 1 1 2 1 1 1 1 2
776715 3 1 1 1 3 2 1 1 1 2
