524.7940719572 0.1874483617 0.0321140582 228.8002278843 6843.5984811891 29.9108027316 60.2048797607 220.7372120052 556.828334181 0
330 0.2268928028 0.2652900463 121.1542006708 3163.2394719946 26.1092017815 69.7173614502 99.0849640003 400.2257759827 0
380 0.2408554368 0.2862339973 137.6401108553 5402.1711804018 39.2485238993 88.7584457397 105.1985680477 493.7018135024 0
362.83126591 0.200712864 0.2443460953 124.9125593692 3290.4624462766 26.3421265475 69.3893890381 103.8665518819 424.7965033868 0
389.8729777095 0.1500983157 0.0977384381 118.6258142706 2475.557077623 20.8686203154 49.7571487427 107.6861641614 429.3857878604 0
470 0.2131047017 0.2254965394 184.5900565767 8185.3608372261 44.3434548373 84.4824829102 164.1225107308 603.3157150786 0
485.6688054544 0.2302089283 0.1340412866 253.8936986073 8135.968359074 32.0447825358 64.8554458618 245.4705306437 541.363975057 0
196.856714179 0.0200712864 0.0907571211 28.5931261347 82.0588885292 2.8698816682 7.9687833786 27.6615159531 200.7493364347 1
243.2939757359 0.0399680399 0.0670206433 68.5447777184 383.9284530426 5.6011335338 9.9913482666 67.8166557187 263.640761308 1
250 0.0680678408 -0.0153588974 57.1724311623 652.9013493691 11.4198633169 17.7769813538 55.79126957 278.3086151587 1
195 0.1391027414 0.20525072 37.4621956231 328.384051619 8.7657449372 35.0238265991 13.2946502587 232.5876276733 2
435.0931666481 0.07696902 0.1612684229 123.5975375889 1342.2776475808 10.8600678765 37.3847236633 117.8080379332 433.2023221434 2
481.4671493322 0.0785398163 0.0160570291 79.0591615565 1154.3382385593 14.6009420772 33.9291305542 71.408439192 501.8933575844 2
470.5164201366 0.1274090354 0.0663225116 150.2240222783 2657.9103674885 17.6929783079 47.5606307983 142.4964679752 491.4724884651 3
152 0.1658062789 0.2275909345 34.2195504039 94.354327958 2.7573222571 31.2792778015 13.8774777297 180.6095533186 3
216.4132572942 0.1178097245 0.0684169067 53.5996000209 280.4454864735 5.2322309563 22.7905349731 48.5129740146 215.3729200694 3
178 0.1495747169 0.0991347015 40.2906209757 474.4046992996 11.7745690637 25.9208278656 30.8454992657 209.1807379131 3
502 0.065275314 0.027925268 53.2394329932 834.2727305445 15.6702031491 33.3311424255 41.5147222365 544.0394144713 3
124.1287282354 0.1319468915 0.1089085453 20.5926329443 78.3427938378 3.8044087927 18.4623985291 9.1212056109 134.8926969829 3
103 0.1581268302 0.2918190509 23.754811344 78.2584737249 3.2944262361 22.3236026764 8.1208260291 124.9785610053 3
1385.6647213356 0.0923279174 0.0893608577 202.480043717 8785.0287327512 43.3871337218 143.0921936035 143.2577800188 1524.6092039901 4
1084.2470372215 0.0734783615 0 191.8979532327 2937.9715445225 15.3100723329 66.5636291504 179.9836313497 1064.1038276399 4
649.3693973479 0.1075122819 0.0188495559 207.1116914337 3344.432677502 16.1479666085 50.5474700928 200.848714465 623.9088141112 4
1461.7503424331 0.0408407045 0.0495673508 391.8460234008 5574.0028199661 14.2249824857 57.2314796448 387.6439908583 1428.8399755134 4
1270.6667173341 0.0788888822 0.0656243799 555.3523181509 3612.9683325109 6.5057229698 68.7816696167 551.0764734023 895.1874406109 4
1647.9398111586 0.0809832773 0.0865683309 576.7703763685 11852.4850634255 20.5497465699 111.4359130859 565.9029104183 1402.8777374758 4
2100 0.1216494489 0.3776892501 450.5516668163 35671.6062867034 79.1731757176 436.0996398926 113.1985701121 2461.4504966686 5
2329.8401379049 0.0661479787 0.3532546406 377.2533677978 25369.0399246382 67.2466890693 336.0751647949 171.3872267703 2686.4353462708 5
2600 0.069987703 0.0488692191 745.4743691927 39845.7736975332 53.4502262508 154.1226043701 729.3683950429 2545.4197444546 5
