1626821959 
1626821964 
1626821969 
1626821974 
1626821979 
1626821984 
1626821989 
1626821994 
1626821999 
1626822004 
1626822009 
1626822014 
1626822019 
1626822024 
1626822029 
1626822034 
1626822039 
1626822044 
1626822049 
1626822054 
1626822059 
1626822064 
1626822069 
1626822074 
1626822079 
1626822084 
1626822089 
1626822094 
1626822099 
1626822104 
1626822109 
1626822114 
1626822119 
1626822124 
1626822129 
1626822134 
1626822139 
1626822144 
1626822149 
1626822154 
1626822159 
1626822164 
1626822169 
1626822174 
1626822179 
1626822184 
1626822189 
1626822194 
1626822199 
1626822204 
1626822209 
1626822214 
1626822219 
1626822224 
1626822229 
1626822234 
1626822239 
1626822244 
1626822249 
1626822254 
1626822259 
1626822264 
1626822269 
1626822274 
1626822279 
1626822284 
1626822289 
1626822294 
1626822299 
1626822304 
1626822309 
1626822314 
1626822319 
1626822324 
1626822329 
1626822334 
1626822339 
1626822344 
1626822349 
1626822354 
1626822359 
1626822364 
1626822369 
1626822374 
1626822379 
1626822384 
1626822389 
1626822394 
1626822399 
1626822404 
1626822409 
1626822414 
1626822419 
1626822424 
1626822429 
1626822434 
1626822439 
1626822444 
1626822449 
1626822454 
