1000025 5 1 1 1 2 1 3 1 1 2
1002945 5 4 4 5 7 10 3 2 1 2
1015425 3 1 1 1 2 2 3 1 1 2
1016277 6 8 8 1 3 4 3 7 1 2
1017122 8 10 10 8 7 10 9 7 1 4
1018561 2 1 2 1 2 1 3 1 1 2
1041801 5 3 3 3 2 3 4 4 1 4
1043999 1 1 1 1 2 3 3 1 1 2
1047630 7 4 6 4 6 1 4 3 1 4
1049815 4 1 1 1 2 1 3 1 1 2
1054593 10 5 5 3 6 7 7 10 1 4
1059552 1 1 1 1 2 1 3 1 1 2
1065726 5 2 3 4 2 7 3 6 1 4
1071760 2 1 1 1 2 1 3 1 1 2
1080185 10 10 10 8 6 1 8 9 1 4
1099510 10 4 3 1 3 3 6 5 2 4
1103722 1 1 1 1 2 1 2 1 2 2
1105257 3 7 7 4 4 9 4 8 1 4
1110102 10 3 6 2 3 5 4 10 2 4
1110503 5 5 5 8 10 8 7 3 7 4
1112209 8 10 10 1 3 6 3 9 1 4
1113038 8 2 4 1 5 1 5 4 4 4
1120559 8 3 8 3 4 9 8 9 8 4
1121732 1 1 1 1 2 1 3 2 1 2
1121919 5 1 3 1 2 1 2 1 1 2
1124651 1 3 3 2 2 1 7 2 1 2
1131294 1 1 2 1 2 2 4 2 1 2
1136142 2 1 1 1 3 1 2 1 1 2
1147748 5 10 6 1 10 4 4 10 10 4
1148278 3 3 6 4 5 8 4 4 1 4
1152331 4 1 1 1 2 1 3 1 1 2
1156272 1 1 1 1 2 1 3 1 1 2
1160476 2 1 1 1 2 1 3 1 1 2
1165297 2 1 1 2 2 1 1 1 1 2
1165926 9 6 9 2 10 6 2 9 10 4
1166630 7 5 6 10 5 10 7 9 4 4
1166654 10 3 5 1 10 5 3 10 2 4
1170419 10 10 10 8 2 10 4 1 1 4
1171710 6 5 4 4 3 9 7 8 3 4
1171795 1 3 1 2 2 2 5 3 2 2
1173347 1 1 1 1 2 5 1 1 1 2
1173509 4 5 5 10 4 10 7 5 8 4
1174428 5 3 5 1 8 10 5 3 1 4
1176406 1 1 1 1 2 1 2 1 1 2
1177027 3 1 1 1 2 1 3 1 1 2
1177399 8 3 5 4 5 10 1 6 2 4
1180831 3 1 1 1 3 1 2 1 1 2
1182404 4 1 1 1 2 1 2 1 1 2
1183240 4 1 2 1 2 1 2 1 1 2
1183516 3 1 1 1 2 1 1 1 1 2
1183983 9 5 5 4 4 5 4 3 3 4
1184184 1 1 1 1 2 5 1 1 1 2
1184241 2 1 1 1 2 1 2 1 1 2
1187805 8 8 7 4 10 10 7 8 7 4
1189286 10 10 8 6 4 5 8 10 1 4
1192325 5 5 5 6 3 10 3 1 1 4
1193683 1 1 2 1 3 ? 1 1 1 2
1197080 4 1 1 1 2 1 3 2 1 2
1197440 1 1 1 2 1 3 1 1 7 2
1197993 5 6 7 8 8 10 3 10 3 4
1199983 1 1 1 1 2 1 3 1 1 2
1200772 1 1 1 1 2 1 2 1 1 2
1200847 6 10 10 10 8 10 10 10 7 4
1201834 2 1 1 1 2 1 3 1 1 2
1201936 5 10 10 3 8 1 5 10 3 4
1204898 6 1 1 1 2 1 3 1 1 2
1205579 8 7 6 4 4 10 5 1 1 4
1212422 3 1 1 1 2 1 3 1 1 2
1212422 4 1 1 1 2 1 3 1 1 2
1213383 5 1 1 4 2 1 3 1 1 2
1214092 1 1 1 1 2 1 1 1 1 2
1214556 3 1 1 1 2 1 2 1 1 2
1216694 10 8 8 4 10 10 8 1 1 4
1218105 5 10 10 9 6 10 7 10 5 4
1218741 10 10 9 3 7 5 3 5 1 4
1218860 1 1 1 1 1 1 3 1 1 2
1219406 5 1 1 1 1 1 3 1 1 2
1224329 1 1 1 2 2 1 3 1 1 2
1226612 7 5 6 3 3 8 7 4 1 4
1227481 10 5 7 4 4 10 8 9 1 4
1228152 8 9 9 5 3 5 7 7 1 4
1228311 1 1 1 1 1 1 3 1 1 2
1230175 10 10 10 3 10 10 9 10 1 4
1230688 7 4 7 4 3 7 7 6 1 4
1232225 10 4 5 5 5 10 4 1 1 4
1241559 10 8 8 2 8 10 4 8 10 4
1270479 5 1 3 3 2 2 2 3 1 2
128059 1 1 1 1 2 5 5 1 1 2
1285531 1 1 1 1 2 1 3 1 1 2
1287775 5 1 1 2 2 2 3 1 1 2
167528 4 1 1 1 2 1 3 6 1 2
1017023 6 3 3 5 3 10 3 5 3 2
1100524 6 10 10 2 8 10 7 3 3 4
263538 5 10 10 6 10 10 10 6 5 4
274137 8 8 9 4 5 10 7 8 1 4
1198641 10 10 6 3 3 10 4 3 2 4
324427 10 8 8 2 3 4 8 7 8 4
385103 1 1 1 1 2 1 3 1 1 2
476903 10 5 7 3 3 7 3 3 8 4
486283 3 1 1 1 2 1 3 1 1 2
561477 1 1 1 1 2 1 3 1 1 2
601265 10 4 4 6 2 10 2 3 1 4
606140 1 1 1 1 2 ? 2 1 1 2
63375 9 1 2 6 4 10 7 7 2 4
635844 8 4 10 5 4 4 7 10 1 4
640744 10 10 10 7 9 10 7 10 10 4
667204 7 8 7 6 4 3 8 8 4 4
691628 8 6 4 10 10 1 3 5 1 4
693702 1 1 1 1 2 1 1 1 1 2
704168 4 6 5 6 7 ? 4 9 1 2
718641 1 1 1 1 5 1 3 1 1 2
721482 4 4 4 4 6 5 7 3 1 2
733823 5 4 6 10 2 10 4 1 1 4
740492 1 1 1 1 2 1 3 1 1 2
743348 3 2 2 1 2 1 2 3 1 2
770066 5 2 2 2 2 1 2 2 1 2
785615 8 6 7 3 3 10 3 4 2 4
798429 1 1 1 1 2 1 3 1 1 2
806423 8 5 5 5 2 10 4 3 1 4
810104 1 1 1 1 2 1 3 1 1 2
814911 1 1 1 1 2 1 1 1 1 2
822829 7 6 4 8 10 10 9 5 3 4
826923 1 1 1 1 2 1 1 1 1 2
832567 4 2 3 5 3 8 7 6 1 4
836433 5 1 1 3 2 1 1 1 1 2
837082 2 1 1 1 2 1 3 1 1 2
857774 4 1 1 1 3 1 2 2 1 2
873549 10 3 5 4 3 7 3 5 3 4
877943 3 10 3 10 6 10 5 1 4 4
888169 3 2 2 1 4 3 2 1 1 2
897172 2 1 1 1 2 1 2 1 1 2
160296 5 8 8 10 5 10 8 10 3 4
428598 1 1 3 1 1 1 2 1 1 2
492561 4 3 2 1 3 1 2 1 1 2
657753 3 1 1 4 3 1 2 2 1 2
1116715 5 1 1 1 3 2 2 2 1 2
1131411 1 1 1 2 2 1 2 1 1 2
1156017 3 1 1 1 2 1 2 1 1 2
1158405 1 2 3 1 2 1 2 1 1 2
1168278 3 1 1 1 2 1 2 1 1 2
1196263 4 1 1 1 2 1 1 1 1 2
1206314 1 2 3 1 2 1 1 1 1 2
1211265 3 10 8 7 6 9 9 3 8 4
1234554 1 1 1 1 2 1 2 1 1 2
1236837 2 3 2 2 2 2 3 1 1 2
1257200 10 10 10 7 10 10 8 2 1 4
1257815 5 1 3 1 2 1 2 1 1 2
1276091 5 1 1 3 4 1 3 2 1 2
1293439 6 9 7 5 5 8 4 2 1 2
608157 10 4 3 10 4 10 10 1 1 4
734111 1 1 1 3 2 3 1 1 1 2
734111 1 1 1 1 2 2 1 1 1 2
780555 5 1 1 6 3 1 2 1 1 2
1193544 5 7 9 8 6 10 8 10 1 4
1201870 4 1 1 3 1 1 2 1 1 2
1257470 10 6 5 8 5 10 8 6 1 4
1266124 5 1 2 1 2 1 1 1 1 2
1267898 5 1 3 1 2 1 1 1 1 2
1268804 3 1 1 1 2 5 1 1 1 2
1293966 4 1 1 1 2 1 1 1 1 2
1105524 4 1 1 1 2 1 1 1 1 2
1238777 6 1 1 3 2 1 1 1 1 2
1277145 5 1 1 1 2 1 1 1 1 2
1299161 4 8 7 10 4 10 7 5 1 4
474162 8 7 8 5 5 10 9 10 1 4
787451 5 1 2 1 2 1 1 1 1 2
1115293 1 1 1 1 2 1 1 1 1 2
1142706 5 10 10 10 6 10 6 5 2 4
1170945 3 1 1 1 1 1 2 1 1 2
1204558 4 1 1 1 2 1 2 1 1 2
1253917 4 1 1 2 2 1 2 1 1 2
1265899 4 1 1 1 2 1 3 1 1 2
1299924 5 1 1 1 2 1 2 1 1 2
1320077 1 1 1 1 1 1 1 1 1 2
1320304 3 1 2 2 2 1 1 1 1 2
1330439 4 7 8 3 4 10 9 1 1 4
369565 4 1 1 1 3 1 1 1 1 2
672113 7 5 6 10 4 10 5 3 1 4
837480 7 4 4 3 4 10 6 9 1 4
1113061 5 1 1 1 2 1 3 1 1 2
1135090 4 1 1 1 2 1 2 1 1 2
1145420 6 1 1 1 2 1 2 1 1 2
1158157 5 1 1 1 2 2 2 1 1 2
1174841 5 3 1 1 2 1 1 1 1 2
1240603 3 1 1 1 1 1 1 1 1 2
1328755 3 1 1 1 2 1 2 1 1 2
1344121 8 10 4 4 8 10 8 2 1 4
183936 3 1 1 1 2 1 2 1 1 2
378275 10 9 7 3 4 2 7 7 1 4
385103 5 1 2 1 2 1 3 1 1 2
695219 1 1 1 1 2 1 2 1 1 2
1107684 6 10 5 5 4 10 6 10 1 4
1217717 5 1 1 6 3 1 1 1 1 2
1254538 8 10 10 10 6 10 10 10 1 4
1261751 5 1 1 1 2 1 2 2 1 2
1268275 9 8 8 9 6 3 4 1 1 4
1295529 2 5 7 6 4 10 7 6 1 4
1311875 5 1 2 1 2 1 1 1 1 2
1315506 4 8 6 3 4 10 7 1 1 4
1336798 3 1 1 1 2 1 2 1 1 2
1352663 5 4 6 8 4 1 8 10 1 4
1041043 4 1 3 1 2 1 2 1 1 2
1042252 3 1 1 1 2 1 2 1 1 2
1140597 7 1 2 3 2 1 2 1 1 2
1149548 1 1 1 1 2 1 1 1 1 2
1174009 5 1 1 2 1 1 2 1 1 2
1183596 3 1 3 1 3 4 1 1 1 2
1190386 4 6 6 5 7 6 7 7 3 4
1213273 2 1 1 1 2 1 1 1 1 2
1235807 5 1 1 1 2 1 2 1 1 2
1257366 3 1 1 1 2 1 1 1 1 2
1277792 5 1 1 3 2 1 1 1 1 2
1285722 4 1 1 3 2 1 1 1 1 2
1303489 3 1 1 1 2 1 2 1 1 2
1315807 5 10 10 10 10 2 10 10 10 4
1319609 3 1 1 2 3 4 1 1 1 2
1323477 1 2 1 3 2 1 2 1 1 2
1324681 4 1 1 1 2 1 2 1 1 2
1325159 3 1 1 1 2 1 3 1 1 2
13454352 1 1 3 1 2 1 2 1 1 2
1345452 1 1 3 1 2 1 2 1 1 2
1354840 5 3 2 1 3 1 1 1 1 2
1365328 1 1 2 1 2 1 2 1 1 2
1369821 10 10 10 10 5 10 10 10 7 4
763235 3 1 1 1 2 1 2 1 2 2
897471 4 8 8 5 4 5 10 4 1 4
