1015425 3 1 1 1 2 2 3 1 1 2
1017122 8 10 10 8 7 10 9 7 1 4
1018099 1 1 1 1 2 10 3 1 1 2
1044572 8 7 5 10 7 9 5 5 4 4
1054593 10 5 5 3 6 7 7 10 1 4
1067444 2 1 1 1 2 1 2 1 1 2
1080185 10 10 10 8 6 1 8 9 1 4
1084584 5 4 4 9 2 10 5 6 1 4
1096800 6 6 6 9 6 ? 7 8 1 2
1105257 3 7 7 4 4 9 4 8 1 4
1110503 5 5 5 8 10 8 7 3 7 4
1110524 10 5 5 6 8 8 7 1 1 4
1113906 9 5 5 2 2 2 5 1 1 4
1115282 5 3 5 5 3 3 4 10 1 4
1116116 9 10 10 1 10 8 3 3 1 4
1121732 1 1 1 1 2 1 3 2 1 2
1123061 6 10 2 8 10 2 7 8 10 4
1124651 1 3 3 2 2 1 7 2 1 2
1126417 10 6 4 1 3 4 3 2 3 4
1136142 2 1 1 1 3 1 2 1 1 2
1143978 5 2 1 1 2 1 3 1 1 2
1156272 1 1 1 1 2 1 3 1 1 2
1156948 3 1 1 2 2 1 1 1 1 2
1165790 5 1 1 1 2 1 3 1 1 2
1166654 10 3 5 1 10 5 3 10 2 4
1167471 4 1 2 1 2 1 3 1 1 2
1168736 10 10 10 10 10 1 8 8 8 4
1170419 10 10 10 8 2 10 4 1 1 4
1171710 6 5 4 4 3 9 7 8 3 4
1173235 3 3 2 1 2 3 3 1 1 2
1173347 8 3 3 1 2 2 3 2 1 2
1173514 1 1 1 1 4 3 1 1 1 2
1176406 1 1 1 1 2 1 2 1 1 2
1177027 3 1 1 1 2 1 3 1 1 2
1178580 5 1 3 1 2 1 2 1 1 2
1179818 2 1 1 1 2 1 3 1 1 2
1182404 4 1 1 1 2 1 2 1 1 2
1184184 1 1 1 1 2 5 1 1 1 2
1184241 2 1 1 1 2 1 2 1 1 2
1187457 3 1 1 3 8 1 5 8 1 2
1189266 7 2 4 1 6 10 5 4 3 4
1192325 5 5 5 6 3 10 3 1 1 4
1193091 1 2 2 1 2 1 2 1 1 2
1193210 2 1 1 1 2 1 3 1 1 2
1196295 9 9 10 3 6 10 7 10 6 4
1196915 10 7 7 4 5 10 5 7 2 4
1197080 4 1 1 1 2 1 3 2 1 2
1197270 3 1 1 1 2 1 3 1 1 2
1197510 5 1 1 1 2 ? 3 1 1 2
1197979 4 1 1 1 2 2 3 2 1 2
1199731 3 1 1 1 2 1 1 1 1 2
1200892 8 6 5 4 3 10 6 1 1 4
1201834 2 1 1 1 2 1 3 1 1 2
1202812 5 3 3 3 6 10 3 1 1 4
1203096 1 1 1 1 1 1 3 1 1 2
1204898 6 1 1 1 2 1 3 1 1 2
1205138 5 8 8 8 5 10 7 8 1 4
1206841 10 5 6 10 6 10 7 7 10 4
1211202 7 5 10 10 10 10 4 10 3 4
1213383 5 1 1 4 2 1 3 1 1 2
1214556 3 1 1 1 2 1 2 1 1 2
1216694 10 8 8 4 10 10 8 1 1 4
1217264 1 1 1 1 2 1 3 1 1 2
1218741 10 10 9 3 7 5 3 5 1 4
1219859 8 10 8 8 4 8 7 7 1 4
1222047 10 10 10 10 3 10 10 6 1 4
1224329 1 1 1 2 2 1 3 1 1 2
1226012 4 1 1 3 1 5 2 1 1 4
1227210 10 5 5 6 3 10 7 9 2 4
1228311 1 1 1 1 1 1 3 1 1 2
1241679 9 8 8 5 6 2 4 10 4 4
1243256 10 4 3 2 3 10 5 3 2 4
1277018 2 1 1 1 2 1 3 1 1 2
167528 4 1 1 1 2 1 3 6 1 2
183913 1 2 2 1 2 1 1 1 1 2
191250 10 4 4 10 2 10 5 3 3 4
1168736 5 6 6 2 4 10 3 6 1 4
242970 5 7 7 1 5 8 3 4 1 2
255644 10 5 8 10 3 10 5 1 3 4
263538 5 10 10 6 10 10 10 6 5 4
274137 8 8 9 4 5 10 7 8 1 4
320675 3 3 5 2 3 10 7 1 1 4
324427 10 8 8 2 3 4 8 7 8 4
385103 1 1 1 1 2 1 3 1 1 2
320675 3 3 5 2 3 10 7 1 1 4
428903 7 2 4 1 3 4 3 3 1 4
431495 3 1 1 1 2 1 3 2 1 2
434518 3 1 1 1 2 1 2 1 1 2
488173 1 4 3 10 4 10 5 6 1 4
508234 7 4 5 10 2 10 3 8 2 4
527363 8 10 10 10 8 10 10 7 3 4
616240 5 3 4 3 4 5 4 7 1 2
666090 1 1 1 1 2 1 3 1 1 2
666942 1 1 1 1 2 1 3 1 1 2
691628 8 6 4 10 10 1 3 5 1 4
704097 1 1 1 1 1 1 2 1 1 2
709287 6 8 7 8 6 8 8 9 1 4
718641 1 1 1 1 5 1 3 1 1 2
743348 3 2 2 1 2 1 2 3 1 2
752904 10 1 1 1 2 10 5 4 1 4
756136 1 1 1 1 2 1 2 1 1 2
785208 5 4 6 6 4 10 4 3 1 4
785615 8 6 7 3 3 10 3 4 2 4
809912 10 3 3 1 2 10 7 6 1 4
814265 2 1 1 1 2 1 1 1 1 2
814911 1 1 1 1 2 1 1 1 1 2
822829 7 6 4 8 10 10 9 5 3 4
836433 5 1 1 3 2 1 1 1 1 2
850831 2 7 10 10 7 10 4 9 4 4
859350 8 10 10 7 10 10 7 3 8 4
877291 6 10 10 10 10 10 8 10 10 4
877943 3 10 3 10 6 10 5 1 4 4
888523 4 4 4 2 2 3 2 1 1 2
896404 2 1 1 1 2 1 3 1 1 2
428598 1 1 3 1 1 1 2 1 1 2
492561 4 3 2 1 3 1 2 1 1 2
493452 1 1 3 1 2 1 1 1 1 2
521441 5 1 1 2 2 1 2 1 1 2
654244 1 1 1 1 1 1 2 1 1 2
685977 5 3 4 1 4 1 3 1 1 2
1114570 2 1 1 1 2 1 2 2 1 2
1116715 5 1 1 1 3 2 2 2 1 2
1168278 3 1 1 1 2 1 2 1 1 2
1229929 1 1 1 1 2 1 2 1 1 2
1237674 3 1 2 1 2 1 2 1 1 2
1238948 8 5 6 2 3 10 6 6 1 4
1239232 3 3 2 6 3 3 3 5 1 2
1253505 2 3 1 1 5 1 1 1 1 2
1255384 3 2 2 3 2 3 3 1 1 2
1293439 3 2 2 3 2 1 1 1 1 2
1295186 10 10 10 1 6 1 2 8 1 4
608157 10 4 3 10 4 10 10 1 1 4
677910 5 2 2 4 2 4 1 1 1 2
734111 1 1 1 3 2 3 1 1 1 2
827627 2 1 1 1 2 1 1 1 1 2
1182404 1 1 1 1 1 1 1 1 1 2
1202253 5 1 1 1 2 1 1 1 1 2
1227081 3 1 1 3 2 1 1 1 1 2
1246562 10 2 2 1 2 6 1 1 2 4
1257470 10 6 5 8 5 10 8 6 1 4
1268804 3 1 1 1 2 5 1 1 1 2
1287282 3 1 1 1 2 1 1 1 1 2
1296593 5 2 1 1 2 1 1 1 1 2
1301945 5 1 1 1 1 1 1 1 1 2
474162 8 7 8 5 5 10 9 10 1 4
1170945 3 1 1 1 1 1 2 1 1 2
1204558 4 1 1 1 2 1 2 1 1 2
1217952 4 1 1 1 2 1 2 1 1 2
1224565 6 1 1 1 2 1 3 1 1 2
1238186 4 1 1 1 2 1 2 1 1 2
1277268 3 3 1 1 2 1 1 1 1 2
1295508 1 1 1 1 2 4 1 1 1 2
1297327 5 1 1 1 2 1 1 1 1 2
1298360 1 1 1 1 2 1 1 1 1 2
1299994 5 1 1 1 2 1 1 1 1 2
1320077 1 1 1 1 1 1 1 1 1 2
1320077 1 1 1 1 1 1 2 1 1 2
672113 7 5 6 10 4 10 5 3 1 4
807657 6 1 3 2 2 1 1 1 1 2
8233704 4 1 1 1 1 1 2 1 1 2
1135090 4 1 1 1 2 1 2 1 1 2
1174841 5 3 1 1 2 1 1 1 1 2
1306339 4 4 2 1 2 5 2 1 2 2
1321321 5 1 1 3 2 1 1 1 1 2
1321942 5 1 1 1 2 1 3 1 1 2
1328331 1 1 1 1 2 1 3 1 1 2
1331405 4 1 1 1 2 1 3 2 1 2
385103 5 1 2 1 2 1 3 1 1 2
695091 1 1 1 1 2 1 2 1 1 2
1239420 1 1 1 1 2 1 1 1 1 2
1254538 8 10 10 10 6 10 10 10 1 4
1272166 5 1 1 1 2 1 1 1 1 2
1298484 10 3 4 5 3 10 4 1 1 4
1325309 4 1 2 1 2 1 2 1 1 2
1333495 3 1 1 1 2 1 2 1 1 2
1350568 4 1 1 1 2 1 2 1 1 2
353098 4 1 1 2 2 1 1 1 1 2
557583 5 10 10 10 10 10 10 1 1 4
736150 10 4 3 10 3 10 7 1 2 4
1057067 1 1 1 1 1 ? 1 1 1 2
1073836 5 1 1 1 2 1 2 1 1 2
1083817 3 1 1 1 2 1 2 1 1 2
1183596 3 1 3 1 3 4 1 1 1 2
1190546 2 1 1 1 2 5 1 1 1 2
1213273 2 1 1 1 2 1 1 1 1 2
1235807 5 1 1 1 2 1 2 1 1 2
1260659 3 1 4 1 2 1 1 1 1 2
1268952 10 10 7 8 7 1 10 10 3 4
1277792 5 1 1 3 2 1 1 1 1 2
1318671 3 1 1 1 2 1 2 1 1 2
1319609 3 1 1 2 3 4 1 1 1 2
1323477 1 2 1 3 2 1 2 1 1 2
13454352 1 1 3 1 2 1 2 1 1 2
1347943 5 2 2 2 2 1 1 1 2 2
1350319 5 7 4 1 6 1 7 10 3 4
1355260 1 1 1 1 2 1 2 1 1 2
1368267 5 1 1 1 2 1 1 1 1 2
1368273 1 1 1 1 2 1 1 1 1 2
1369821 10 10 10 10 5 10 10 10 7 4
466906 1 1 1 1 2 1 1 1 1 2
534555 1 1 1 1 2 1 1 1 1 2
654546 1 1 1 3 2 1 1 1 1 2
763235 3 1 1 1 2 1 2 1 2 2
776715 3 1 1 1 3 2 1 1 1 2
