1018561 2 1 2 1 2 1 3 1 1 2
1033078 2 1 1 1 2 1 1 1 5 2
1033078 4 2 1 1 2 1 2 1 1 2
1044572 8 7 5 10 7 9 5 5 4 4
1050718 6 1 1 1 2 1 3 1 1 2
1065726 5 2 3 4 2 7 3 6 1 4
1066373 3 2 1 1 1 1 2 1 1 2
1071760 2 1 1 1 2 1 3 1 1 2
1074610 2 1 1 2 2 1 3 1 1 2
1075123 3 1 2 1 2 1 2 1 1 2
1081791 6 2 1 1 1 1 7 1 1 2
1099510 10 4 3 1 3 3 6 5 2 4
1103608 10 10 10 4 8 1 8 10 1 4
1110524 10 5 5 6 8 8 7 1 1 4
1112209 8 10 10 1 3 6 3 9 1 4
1113483 5 2 3 1 6 10 5 1 1 4
1116116 9 10 10 1 10 8 3 3 1 4
1116132 6 3 4 1 5 2 3 9 1 4
1118039 5 3 4 1 8 10 4 9 1 4
1123061 6 10 2 8 10 2 7 8 10 4
1124651 1 3 3 2 2 1 7 2 1 2
1147699 3 5 7 8 8 9 7 10 7 4
1158247 1 1 1 1 2 1 2 1 1 2
1166630 7 5 6 10 5 10 7 9 4 4
1168359 8 2 3 1 6 3 7 1 1 4
1170419 10 10 10 8 2 10 4 1 1 4
1170420 1 6 8 10 8 10 5 7 1 4
1173216 10 10 10 3 10 8 8 1 1 4
1173235 3 3 2 1 2 3 3 1 1 2
1174057 1 1 2 2 2 1 3 1 1 2
1174057 4 2 1 1 2 2 3 1 1 2
1174131 10 10 10 2 10 10 5 3 3 4
1177399 8 3 5 4 5 10 1 6 2 4
1180523 3 1 1 1 2 1 2 2 1 2
1180831 3 1 1 1 3 1 2 1 1 2
1182410 3 1 1 1 2 1 1 1 1 2
1189286 10 10 8 6 4 5 8 10 1 4
1190394 4 1 1 1 2 3 1 1 1 2
1190485 1 1 1 1 2 1 1 1 1 2
1192325 5 5 5 6 3 10 3 1 1 4
1196915 10 7 7 4 5 10 5 7 2 4
1197080 4 1 1 1 2 1 3 2 1 2
1197993 5 6 7 8 8 10 3 10 3 4
1198128 10 8 10 10 6 1 3 1 10 4
1199731 3 1 1 1 2 1 1 1 1 2
1199983 1 1 1 1 2 1 3 1 1 2
1200892 8 6 5 4 3 10 6 1 1 4
1200952 5 8 7 7 10 10 5 7 1 4
1203096 1 1 1 1 1 1 3 1 1 2
1205138 5 8 8 8 5 10 7 8 1 4
1205579 8 7 6 4 4 10 5 1 1 4
1210963 10 10 10 8 6 8 7 10 1 4
1212251 1 1 1 1 2 1 3 1 1 2
1212422 3 1 1 1 2 1 3 1 1 2
1212422 4 1 1 1 2 1 3 1 1 2
1213375 8 4 4 5 4 7 7 8 2 2
1214966 9 7 7 5 5 10 7 8 3 4
1219859 8 10 8 8 4 8 7 7 1 4
1222047 10 10 10 10 3 10 10 6 1 4
1223426 1 1 1 1 2 1 3 1 1 2
1223793 6 10 7 7 6 4 8 10 2 4
1225799 10 6 4 3 10 10 9 10 1 4
1226012 4 1 1 3 1 5 2 1 1 4
1226612 7 5 6 3 3 8 7 4 1 4
1228152 8 9 9 5 3 5 7 7 1 4
1228311 1 1 1 1 1 1 3 1 1 2
1276091 3 1 1 3 1 1 3 1 1 2
1277018 2 1 1 1 2 1 3 1 1 2
128059 1 1 1 1 2 5 5 1 1 2
1285531 1 1 1 1 2 1 3 1 1 2
144888 8 10 10 8 5 10 7 8 1 4
167528 4 1 1 1 2 1 3 6 1 2
191250 10 4 4 10 2 10 5 3 3 4
1116116 9 10 10 1 10 8 3 3 1 4
274137 8 8 9 4 5 10 7 8 1 4
1198641 10 10 6 3 3 10 4 3 2 4
320675 3 3 5 2 3 10 7 1 1 4
324427 10 8 8 2 3 4 8 7 8 4
431495 3 1 1 1 2 1 3 2 1 2
452264 1 1 1 1 2 1 2 1 1 2
456282 1 1 1 1 2 1 3 1 1 2
476903 10 5 7 3 3 7 3 3 8 4
488173 1 4 3 10 4 10 5 6 1 4
616240 5 3 4 3 4 5 4 7 1 2
63375 9 1 2 6 4 10 7 7 2 4
640744 10 10 10 7 9 10 7 10 10 4
646904 1 1 1 1 2 1 3 1 1 2
659642 10 8 4 4 4 10 3 10 4 4
667204 7 8 7 6 4 3 8 8 4 4
673637 3 1 1 1 2 5 5 1 1 2
721482 4 4 4 4 6 5 7 3 1 2
730881 7 6 3 2 5 10 7 4 6 4
733639 3 1 1 1 2 ? 3 1 1 2
733823 5 4 6 10 2 10 4 1 1 4
743348 3 2 2 1 2 1 2 3 1 2
760001 8 10 3 2 6 4 3 10 1 4
792744 1 1 1 1 2 1 1 1 1 2
806423 8 5 5 5 2 10 4 3 1 4
822829 7 6 4 8 10 10 9 5 3 4
831268 1 1 1 1 1 1 1 3 1 2
832226 3 4 4 10 5 1 3 3 1 4
837082 2 1 1 1 2 1 3 1 1 2
846832 3 4 5 3 7 3 4 6 1 2
857774 4 1 1 1 3 1 2 2 1 2
859350 8 10 10 7 10 10 7 3 8 4
877943 3 10 3 10 6 10 5 1 4 4
95719 6 10 10 10 8 10 7 10 7 4
428598 1 1 3 1 1 1 2 1 1 2
492561 4 3 2 1 3 1 2 1 1 2
493452 4 1 2 1 2 1 2 1 1 2
521441 5 1 1 2 2 1 2 1 1 2
560680 3 1 2 1 2 1 2 1 1 2
657753 3 1 1 4 3 1 2 2 1 2
846423 10 6 3 6 4 10 7 8 4 4
1022257 2 1 1 1 2 1 1 1 1 2
1026122 2 1 1 1 2 1 1 1 1 2
1071084 3 3 2 2 3 1 1 2 3 2
1114570 5 3 3 2 3 1 3 1 1 2
1151734 10 8 7 4 3 10 7 9 1 4
1158405 1 2 3 1 2 1 2 1 1 2
1168278 3 1 1 1 2 1 2 1 1 2
1196475 3 2 1 1 2 1 2 2 1 2
1223306 3 1 1 1 2 4 1 1 1 2
1223543 1 2 1 3 2 1 1 2 1 2
1231853 4 2 2 1 2 1 2 1 1 2
1253505 2 3 1 1 5 1 1 1 1 2
1257200 10 10 10 7 10 10 8 2 1 4
1258549 9 10 10 10 10 10 10 10 1 4
1295186 10 10 10 1 6 1 2 8 1 4
608157 10 4 3 10 4 10 10 1 1 4
827627 2 1 1 1 2 1 1 1 1 2
1058849 5 1 1 1 2 1 1 1 1 2
1230994 4 5 5 8 6 10 10 7 1 4
1257470 10 6 5 8 5 10 8 6 1 4
1266124 5 1 2 1 2 1 1 1 1 2
1268313 5 1 1 3 2 1 1 1 1 2
1268804 3 1 1 1 2 5 1 1 1 2
1280258 4 1 1 1 2 1 1 2 1 2
1181685 1 1 2 1 2 1 2 1 1 2
1277145 5 1 1 1 2 1 1 1 1 2
1155967 5 1 2 10 4 5 2 1 1 2
1181567 1 1 1 1 1 1 1 1 1 2
1217952 4 1 1 1 2 1 2 1 1 2
1265899 4 1 1 1 2 1 3 1 1 2
1295508 1 1 1 1 2 4 1 1 1 2
1297327 5 1 1 1 2 1 1 1 1 2
1320304 3 1 2 2 2 1 1 1 1 2
869828 1 1 1 1 1 1 3 1 1 2
1043068 3 1 1 1 2 1 2 1 1 2
1056171 2 1 1 1 2 1 2 1 1 2
1113061 5 1 1 1 2 1 3 1 1 2
1197527 5 1 1 1 2 1 2 1 1 2
1240603 3 1 1 1 1 1 1 1 1 2
1241035 7 8 3 7 4 5 7 8 2 4
1299924 3 2 2 2 2 1 4 2 1 2
1313982 4 3 1 1 2 1 4 8 1 2
1321264 5 2 2 2 1 1 2 1 1 2
1321348 2 1 1 1 2 1 2 1 1 2
1321931 5 1 1 1 2 1 2 1 1 2
1321942 5 1 1 1 2 1 3 1 1 2
1328755 3 1 1 1 2 1 2 1 1 2
1331412 5 7 10 10 5 10 10 10 1 4
324382 1 1 1 1 2 1 2 1 1 2
378275 10 9 7 3 4 2 7 7 1 4
690557 5 1 1 1 2 1 2 1 1 2
878358 5 7 10 6 5 10 7 5 1 4
1115762 3 1 1 1 2 1 1 1 1 2
1254538 8 10 10 10 6 10 10 10 1 4
1268275 9 8 8 9 6 3 4 1 1 4
1294261 4 10 8 5 4 1 10 1 1 4
1295529 2 5 7 6 4 10 7 6 1 4
1333495 3 1 1 1 2 1 2 1 1 2
1350568 4 1 1 1 2 1 2 1 1 2
1352663 5 4 6 8 4 1 8 10 1 4
188336 5 3 2 8 5 10 8 1 2 4
411453 1 1 1 1 2 1 1 1 1 2
557583 5 10 10 10 10 10 10 1 1 4
1031608 2 1 1 1 1 1 2 1 1 2
1042252 3 1 1 1 2 1 2 1 1 2
1190386 4 6 6 5 7 6 7 7 3 4
1218982 4 1 1 1 2 1 1 1 1 2
1260659 3 1 4 1 2 1 1 1 1 2
1268952 10 10 7 8 7 1 10 10 3 4
1285722 4 1 1 3 2 1 1 1 1 2
1290203 3 1 1 1 2 1 2 1 1 2
1299596 2 1 1 1 2 1 1 1 1 2
1324572 5 1 1 1 2 1 2 2 1 2
1326892 3 1 1 1 2 1 2 1 1 2
1330361 5 1 1 1 2 1 2 1 1 2
1334015 7 8 8 7 3 10 7 2 3 4
1345593 3 1 1 3 2 1 2 1 1 2
1347749 1 1 1 1 2 1 1 1 1 2
1347943 5 2 2 2 2 1 1 1 2 2
1353092 3 2 1 2 2 1 3 1 1 2
1365075 4 1 4 1 2 1 1 1 1 2
1368273 1 1 1 1 2 1 1 1 1 2
1371026 5 10 10 10 4 10 5 6 3 4
466906 1 1 1 1 2 1 1 1 1 2
654546 1 1 1 1 2 1 1 1 8 2
654546 1 1 1 3 2 1 1 1 1 2
