1000025 5 1 1 1 2 1 3 1 1 2
1002945 5 4 4 5 7 10 3 2 1 2
1015425 3 1 1 1 2 2 3 1 1 2
1017023 4 1 1 3 2 1 3 1 1 2
1017122 8 10 10 8 7 10 9 7 1 4
1044572 8 7 5 10 7 9 5 5 4 4
1049815 4 1 1 1 2 1 3 1 1 2
1050670 10 7 7 6 4 10 4 1 2 4
1050718 6 1 1 1 2 1 3 1 1 2
1059552 1 1 1 1 2 1 3 1 1 2
1066979 5 1 1 1 2 1 2 1 1 2
1072179 10 7 7 3 8 5 7 4 3 4
1075123 3 1 2 1 2 1 2 1 1 2
1079304 2 1 1 1 2 1 2 1 1 2
1081791 6 2 1 1 1 1 7 1 1 2
1103722 1 1 1 1 2 1 2 1 2 2
1106095 4 1 1 3 2 1 3 1 1 2
1113038 8 2 4 1 5 1 5 4 4 4
1113483 5 2 3 1 6 10 5 1 1 4
1115282 5 3 5 5 3 3 4 10 1 4
1117152 4 1 1 1 2 1 3 1 1 2
1118039 5 3 4 1 8 10 4 9 1 4
1126417 10 6 4 1 3 4 3 2 3 4
1133041 5 3 1 2 2 1 2 1 1 2
1143978 4 1 1 2 2 1 2 1 1 2
1143978 5 2 1 1 2 1 3 1 1 2
1147699 3 5 7 8 8 9 7 10 7 4
1148873 3 6 6 6 5 10 6 8 3 4
1158247 1 1 1 1 2 1 2 1 1 2
1165790 5 1 1 1 2 1 3 1 1 2
1166654 10 3 5 1 10 5 3 10 2 4
1167439 2 3 4 4 2 5 2 5 1 4
1169049 7 3 4 4 3 3 3 2 7 4
1171795 1 3 1 2 2 2 5 3 2 2
1173235 3 3 2 1 2 3 3 1 1 2
1173509 4 5 5 10 4 10 7 5 8 4
1173514 1 1 1 1 4 3 1 1 1 2
1173681 3 2 1 1 2 2 3 1 1 2
1174057 1 1 2 2 2 1 3 1 1 2
1174057 4 2 1 1 2 2 3 1 1 2
1174428 5 3 5 1 8 10 5 3 1 4
1178580 5 1 3 1 2 1 2 1 1 2
1180523 3 1 1 1 2 1 2 2 1 2
1181356 5 1 1 1 2 2 3 3 1 2
1183911 2 1 1 1 2 1 1 1 1 2
1183983 9 5 5 4 4 5 4 3 3 4
1184241 2 1 1 1 2 1 2 1 1 2
1188472 1 1 1 1 1 1 3 1 1 2
1189266 7 2 4 1 6 10 5 4 3 4
1189286 10 10 8 6 4 5 8 10 1 4
1193210 2 1 1 1 2 1 3 1 1 2
1196295 9 9 10 3 6 10 7 10 6 4
1197440 1 1 1 2 1 3 1 1 7 2
1200847 6 10 10 10 8 10 10 10 7 4
1200952 5 8 7 7 10 10 5 7 1 4
1201936 5 10 10 3 8 1 5 10 3 4
1202125 4 1 1 1 2 1 3 1 1 2
1203096 1 1 1 1 1 1 3 1 1 2
1205138 5 8 8 8 5 10 7 8 1 4
1206841 10 5 6 10 6 10 7 7 10 4
1207986 5 8 4 10 5 8 9 10 1 4
1213375 8 4 4 5 4 7 7 8 2 2
1214092 1 1 1 1 2 1 1 1 1 2
1216947 1 1 1 1 2 1 3 1 1 2
1219859 8 10 8 8 4 8 7 7 1 4
1220330 1 1 1 1 2 1 3 1 1 2
1222047 10 10 10 10 3 10 10 6 1 4
1227210 10 5 5 6 3 10 7 9 2 4
1228152 8 9 9 5 3 5 7 7 1 4
1231387 6 8 7 5 6 8 8 9 2 4
1231706 8 4 6 3 3 1 4 3 1 2
1243256 10 4 3 2 3 10 5 3 2 4
128059 1 1 1 1 2 5 5 1 1 2
1285531 1 1 1 1 2 1 3 1 1 2
169356 3 1 1 1 2 ? 3 1 1 2
191250 10 4 4 10 2 10 5 3 3 4
1017023 6 3 3 5 3 10 3 5 3 2
1100524 6 10 10 2 8 10 7 3 3 4
1198641 3 1 1 1 2 1 3 1 1 2
242970 5 7 7 1 5 8 3 4 1 2
274137 8 8 9 4 5 10 7 8 1 4
314428 7 9 4 10 10 3 5 3 3 4
320675 3 3 5 2 3 10 7 1 1 4
431495 3 1 1 1 2 1 3 2 1 2
434518 3 1 1 1 2 1 2 1 1 2
456282 1 1 1 1 2 1 3 1 1 2
508234 7 4 5 10 2 10 3 8 2 4
527363 8 10 10 10 8 10 10 7 3 4
529329 10 10 10 10 10 10 4 10 10 4
535331 3 1 1 1 3 1 2 1 1 2
543558 6 1 3 1 4 5 5 10 1 4
666942 1 1 1 1 2 1 3 1 1 2
667204 7 8 7 6 4 3 8 8 4 4
673637 3 1 1 1 2 5 5 1 1 2
688033 1 1 1 1 2 1 1 1 1 2
718641 1 1 1 1 5 1 3 1 1 2
752904 10 1 1 1 2 10 5 4 1 4
76389 10 4 7 2 2 8 6 1 1 4
770066 5 2 2 2 2 1 2 2 1 2
792744 1 1 1 1 2 1 1 1 1 2
809912 10 3 3 1 2 10 7 6 1 4
814911 1 1 1 1 2 1 1 1 1 2
832226 3 4 4 10 5 1 3 3 1 4
846832 3 4 5 3 7 3 4 6 1 2
857774 4 1 1 1 3 1 2 2 1 2
866325 8 10 5 3 8 4 4 10 3 4
896404 2 1 1 1 2 1 3 1 1 2
95719 6 10 10 10 8 10 7 10 7 4
342245 1 1 3 1 2 1 1 1 1 2
493452 4 1 2 1 2 1 2 1 1 2
654244 1 1 1 1 1 1 2 1 1 2
1114570 2 1 1 1 2 1 2 2 1 2
1151734 10 8 7 4 3 10 7 9 1 4
1158405 1 2 3 1 2 1 2 1 1 2
1176187 3 1 1 1 2 1 3 1 1 2
1213784 3 1 1 1 2 1 1 1 1 2
1223543 1 2 1 3 2 1 1 2 1 2
1229929 1 1 1 1 2 1 2 1 1 2
1234554 1 1 1 1 2 1 2 1 1 2
1238464 1 1 1 1 1 ? 2 1 1 2
1238915 5 1 2 1 2 1 3 1 1 2
1238948 8 5 6 2 3 10 6 6 1 4
1240337 5 2 2 2 2 2 3 2 2 2
1255384 3 2 2 3 2 3 3 1 1 2
1258549 9 10 10 10 10 10 10 10 1 4
1258556 5 3 6 1 2 1 1 1 1 2
1272039 1 1 1 1 2 1 2 1 1 2
1276091 2 1 1 1 2 1 2 1 1 2
1276091 5 1 1 3 4 1 3 2 1 2
1293439 3 2 2 3 2 1 1 1 1 2
566509 5 1 1 1 2 1 1 1 1 2
734111 1 1 1 3 2 3 1 1 1 2
734111 1 1 1 1 2 2 1 1 1 2
1058849 5 1 1 1 2 1 1 1 1 2
1182404 1 1 1 1 1 1 1 1 1 2
1202253 5 1 1 1 2 1 1 1 1 2
1246562 10 2 2 1 2 6 1 1 2 4
1259008 8 8 9 6 6 3 10 10 1 4
1268804 3 1 1 1 2 5 1 1 1 2
1298416 10 6 6 2 4 10 9 7 1 4
1181685 1 1 2 1 2 1 2 1 1 2
1211594 3 1 1 1 1 1 2 1 1 2
1238777 6 1 1 3 2 1 1 1 1 2
1296263 4 1 1 1 2 1 1 1 1 2
474162 8 7 8 5 5 10 9 10 1 4
1115293 1 1 1 1 2 1 1 1 1 2
1181567 1 1 1 1 1 1 1 1 1 2
1204558 4 1 1 1 2 1 2 1 1 2
1217952 4 1 1 1 2 1 2 1 1 2
1238186 4 1 1 1 2 1 2 1 1 2
1253917 4 1 1 2 2 1 2 1 1 2
1265899 4 1 1 1 2 1 3 1 1 2
1297522 2 1 1 1 2 1 1 1 1 2
1298360 1 1 1 1 2 1 1 1 1 2
1299924 5 1 1 1 2 1 2 1 1 2
1304595 3 1 1 1 1 1 2 1 1 2
1313325 4 10 4 7 3 10 9 10 1 4
749653 3 1 1 1 2 1 2 1 1 2
769612 3 1 1 2 2 1 1 1 1 2
867392 4 2 2 1 2 1 2 1 1 2
869828 1 1 1 1 1 1 3 1 1 2
1113061 5 1 1 1 2 1 3 1 1 2
1116192 5 1 2 1 2 1 3 1 1 2
1158157 5 1 1 1 2 2 2 1 1 2
1171578 3 1 1 1 2 1 1 1 1 2
1186936 2 1 3 2 2 1 2 1 1 2
1197527 5 1 1 1 2 1 2 1 1 2
1222464 6 10 10 10 4 10 7 10 1 4
1321264 5 2 2 2 1 1 2 1 1 2
1328755 3 1 1 1 2 1 2 1 1 2
1333104 3 1 2 1 2 1 3 1 1 2
183936 3 1 1 1 2 1 2 1 1 2
690557 5 1 1 1 2 1 2 1 1 2
695091 1 1 1 1 2 1 2 1 1 2
1115762 3 1 1 1 2 1 1 1 1 2
1268275 9 8 8 9 6 3 4 1 1 4
1334659 5 2 4 1 1 1 1 1 1 2
1336798 3 1 1 1 2 1 2 1 1 2
736150 10 4 3 10 3 10 7 1 2 4
1042252 3 1 1 1 2 1 2 1 1 2
1061990 4 1 1 1 2 1 2 1 1 2
1073836 5 1 1 1 2 1 2 1 1 2
1140597 7 1 2 3 2 1 2 1 1 2
1149548 1 1 1 1 2 1 1 1 1 2
1190546 2 1 1 1 2 5 1 1 1 2
1225382 6 2 3 1 2 1 1 1 1 2
1253955 8 7 4 4 5 3 5 10 1 4
1277792 4 1 1 1 2 1 1 1 1 2
1285722 4 1 1 3 2 1 1 1 1 2
1288608 3 1 1 1 2 1 2 1 1 2
1294413 1 1 1 1 2 1 1 1 1 2
1311108 1 1 1 3 2 1 1 1 1 2
1333877 5 4 5 1 8 1 3 6 1 2
1339781 4 1 1 1 2 1 3 1 1 2
1345593 3 1 1 3 2 1 2 1 1 2
1350319 5 7 4 1 6 1 7 10 3 4
1350423 5 10 10 8 5 5 7 10 1 4
1354840 2 1 1 1 2 1 3 1 1 2
1355260 1 1 1 1 2 1 2 1 1 2
466906 1 1 1 1 2 1 1 1 1 2
536708 1 1 1 1 2 1 1 1 1 2
654546 1 1 1 3 2 1 1 1 1 2
841769 2 1 1 1 2 1 1 1 1 2
