0.381579
0.378788
0.426667
0.346154
0.362319
0.30303
0.380282
0.391892
0.376812
0.347826
0.384615
0.402778
0.4
0.351351
0.357143
0.415584
0.411765
0.337838
0.302326
0.373134
0.464789
0.392405
0.344262
0.375
0.296296
0.388889
0.373333
0.449275
0.318841
0.309859
0.363636
0.282051
0.430556
0.391892
0.383562
0.373333
0.383562
0.268293
0.358025
0.421053
0.273973
0.459459
0.30303
0.493506
0.320513
0.317073
0.471429
0.35443
0.386667
0.361111
0.3
0.355263
0.378378
0.328571
0.318841
0.351351
0.4
0.419753
0.383562
0.444444
0.381579
0.364865
0.337838
0.313433
0.35
0.348485
0.369863
0.421053
0.410959
0.294872
0.309859
0.391892
0.289855
0.426471
0.323944
0.402778
0.3
0.368421
0.413333
0.506494
0.4
0.375
0.328571
0.402778
0.364865
0.394737
0.364865
0.486842
0.230769
0.48
0.405405
0.393939
0.381579
0.297297
0.253165
0.361111
0.246753
0.459459
0.253165
0.455696
