380 0.2408554368 0.2862339973 137.6401108553 5402.1711804018 39.2485238993 88.7584457397 105.1985680477 493.7018135024 0
290.4551411532 0.1441641962 0.0530580093 74.6350666441 1189.5452129019 15.9381543608 35.7033309937 65.5413244609 330.2672928957 0
275.6773933601 0.15393804 0.1877974275 91.5278933393 1756.2348373883 19.1879739969 39.3051834106 82.6586821528 331.5883016673 0
423 0.2195624199 0.2617993878 172.371241023 6108.1062965247 35.4357621392 79.056350708 153.1729028745 558.274515328 0
500 0.1926843494 0.1947787445 144.6885779146 3055.0129631204 21.114403135 96.563369751 107.751102979 542.897088892 0
211 0.0539306739 0.0942477796 30.7534434583 151.9845775553 4.9420344672 14.2683744431 27.24312366 217.1307040276 1
245 0.189019158 0.081681409 62.9029550923 1235.9833558899 19.6490507334 42.152015686 46.6903554272 292.3762384463 1
352.6564467782 0.1219985147 0.0907571211 68.5278463867 1066.1578463393 15.558023527 43.6919250488 52.7928166702 382.7331865355 1
341.6200131082 0.0919788516 0.0740019603 85.0430285558 1370.8380678239 16.1193467719 29.028968811 79.935196807 385.1334598423 1
144 0.1206022513 0.0460766923 19.6476695229 70.4262388067 3.5844576236 18.1310138702 7.569493117 160.3737702928 1
178 0.1708677338 0.2129301687 41.5421667585 489.4405204763 11.7817764134 35.747795105 21.1623933118 215.9059341715 2
195 0.1391027414 0.20525072 37.4621956231 328.384051619 8.7657449372 35.0238265991 13.2946502587 232.5876276733 2
435.0931666481 0.07696902 0.1612684229 123.5975375889 1342.2776475808 10.8600678765 37.3847236633 117.8080379332 433.2023221434 2
252 0.1061160185 0.0314159265 38.5442095271 493.7904229154 12.8110143903 25.5411453247 28.8670396589 280.65829935 2
172.5157972533 0.1272345025 0.0383972435 37.5436732244 192.2181478854 5.1198545954 19.3220806122 32.1898208105 174.9337699538 2
196.3648643227 0.1829105056 0.142418867 54.583080277 843.2625274855 15.4491560976 34.1494140625 42.5808653465 239.944072785 2
370.3957246909 0.1047197551 0 115.9232531157 1308.1204304417 11.284366124 31.3670310974 112.715101601 365.9776512618 2
274.99339586 0.1471312559 0.1375319451 66.4579430417 1217.4156510031 18.3185875951 40.8496780396 52.4210077296 327.5586387041 2
281.3232629077 0.2323033234 0.4377285764 157.8841811867 5305.1232060811 33.6013599729 46.3843345642 150.9168917359 398.8955488424 2
250 0.0870919297 0.0928515162 29.6375102856 180.7612437575 6.0990697942 26.1420974731 13.9632632319 280.1229064263 3
103 0.1581268302 0.2918190509 23.754811344 78.2584737249 3.2944262361 22.3236026764 8.1208260291 124.9785610053 3
1084.2470372215 0.0734783615 0 191.8979532327 2937.9715445225 15.3100723329 66.5636291504 179.9836313497 1064.1038276399 4
770 0.0416283304 0.0024345501 175.0196843412 346.0913114677 1.9774422104 25.2223300934 173.1927365629 654.7984187661 4
650 0.0410152374 0.1452113938 216.8113304443 427.5340678903 1.9719175516 33.7651634216 214.1659795454 528.6992332511 4
1111.8140678207 0.0987856357 0.0712094335 386.9870937242 7659.7421335884 19.7932754291 86.0251235962 377.3045041864 990.978913442 4
1647.9398111586 0.0809832773 0.0865683309 576.7703763685 11852.4850634255 20.5497465699 111.4359130859 565.9029104183 1402.8777374758 4
1535.8507395877 0.0884881931 0.0041887902 637.3496743714 10814.0501683075 16.9672169033 96.6103973389 632.1651151578 1197.7621500369 4
1800 0.0342084533 0.0425860337 301.0603508989 4406.1543313109 14.6354520552 67.625328064 293.3669201065 1742.3757016886 5
1850 0.0733038286 0.2254965394 325.1915422642 8644.9842366383 26.5842837623 208.7399749756 249.3534862595 1908.177238665 5
1650 0.0476474886 0.0432841654 274.4261774962 5824.8951915781 21.2257272419 81.2395706177 262.1256558773 1603.0703476207 5
2329.8401379049 0.0661479787 0.3532546406 377.2533677978 25369.0399246382 67.2466890693 336.0751647949 171.3872267703 2686.4353462708 5
1600 0.0719075652 -0.0663225116 436.9436030304 12655.342134564 28.9633308436 103.7327041626 432.1297489466 1475.3715337125 5
