551.8792873985 0.2324778564 0.0635299848 264.80493543 11888.3918269139 44.8949027616 77.793296814 253.7852997781 656.7694494025 0
290.4551411532 0.1441641962 0.0530580093 74.6350666441 1189.5452129019 15.9381543608 35.7033309937 65.5413244609 330.2672928957 0
275.6773933601 0.15393804 0.1877974275 91.5278933393 1756.2348373883 19.1879739969 39.3051834106 82.6586821528 331.5883016673 0
410 0.3178244568 0.2974041045 255.8151790765 10622.5471101291 41.5243033993 67.5232086182 246.7428255438 508.5403560169 0
390 0.3583160954 0.2038544566 245.6861030662 10055.83687254 40.929612001 70.3247833252 236.4901696665 477.5483599605 0
269.4959462918 0.2075196481 0.0383972435 80.4110854818 1963.6052480989 24.4195838961 44.7401542664 66.8383093174 329.0906470766 0
211 0.0539306739 0.0942477796 30.7534434583 151.9845775553 4.9420344672 14.2683744431 27.24312366 217.1307040276 1
245 0.189019158 0.081681409 62.9029550923 1235.9833558899 19.6490507334 42.152015686 46.6903554272 292.3762384463 1
243.2939757359 0.0399680399 0.0670206433 68.5447777184 383.9284530426 5.6011335338 9.9913482666 67.8166557187 263.640761308 1
259.8851450408 0.0706858347 0.006981317 58.243807276 465.0872650386 7.9851796575 17.5068378448 56.3402407903 267.5174460284 1
200 0.0376991118 0.1172861257 42.3166752875 220.810906646 5.2180589601 10.6757640839 40.9478822685 218.0343130907 1
155 0.1727875959 0.1186823891 38.940168406 415.1116010235 10.6602415453 25.8365020752 29.134376179 184.8170409368 1
144 0.1206022513 0.0460766923 19.6476695229 70.4262388067 3.5844576236 18.1310138702 7.569493117 160.3737702928 1
435.0931666481 0.07696902 0.1612684229 123.5975375889 1342.2776475808 10.8600678765 37.3847236633 117.8080379332 433.2023221434 2
250 0.0471238898 0.013962634 70.9070400207 224.1457873421 3.1611217628 9.1021757126 70.320400449 232.2776288185 2
339.5085476096 0.0453785606 0.0300196631 88.6298094262 331.0803904377 3.7355421678 19.8255805969 87.6211804354 307.7931936632 2
236 0.1246165086 0.2017600615 48.4511296285 236.8801114611 4.8890523973 36.0066223145 32.4196702591 244.9651545602 2
172.5157972533 0.1272345025 0.0383972435 37.5436732244 192.2181478854 5.1198545954 19.3220806122 32.1898208105 174.9337699538 2
196.3648643227 0.1829105056 0.142418867 54.583080277 843.2625274855 15.4491560976 34.1494140625 42.5808653465 239.944072785 2
274.99339586 0.1471312559 0.1375319451 66.4579430417 1217.4156510031 18.3185875951 40.8496780396 52.4210077296 327.5586387041 2
327 0.1410226036 0.0844739358 76.2128681277 1664.6740761276 21.8424278868 43.2216911316 62.7717028567 379.261838625 2
152 0.1658062789 0.2275909345 34.2195504039 94.354327958 2.7573222571 31.2792778015 13.8774777297 180.6095533186 3
197 0.1326450232 0.0740019603 33.4606529676 409.6471412714 12.2426523376 26.9928073883 19.7738131904 231.7837876143 3
391 0.0581194641 0.0111701072 35.7800613436 265.1497896321 7.4105459766 22.1314716339 28.1142444882 400.9948178256 3
1724.0898944487 0.0527089434 -0.020943951 404.1262083188 3053.9668898369 7.5569632134 71.4275894165 399.1942440827 1489.3867124079 4
649.3693973479 0.1075122819 0.0188495559 207.1116914337 3344.432677502 16.1479666085 50.5474700928 200.848714465 623.9088141112 4
770 0.0416283304 0.0024345501 175.0196843412 346.0913114677 1.9774422104 25.2223300934 173.1927365629 654.7984187661 4
1647.9398111586 0.0809832773 0.0865683309 576.7703763685 11852.4850634255 20.5497465699 111.4359130859 565.9029104183 1402.8777374758 4
2100 0.0619591884 -0.0453785606 390.4825067441 16640.7236193443 42.6157979729 125.9004135132 380.644703446 2073.0286853636 5
1800 0.0342084533 0.0425860337 301.0603508989 4406.1543313109 14.6354520552 67.625328064 293.3669201065 1742.3757016886 5
1949.1181546753 0.0517983105 0.016500689 170.3314948528 3212.0770546743 18.8577987732 101.4558486938 136.8193285925 1941.3673831863 5
1850 0.0791491625 0.0694701804 253.6214550606 13113.2030948392 51.7038398494 160.0654602051 196.7304979641 1916.9853650897 5
1900 0.0544542727 0.1137954672 272.6180288705 7481.5934698544 27.4435021809 138.3592681885 234.8984958066 1924.5178953496 5
1800 0.0691150384 0.1570796327 385.564704349 13831.7248887707 35.8739395301 157.5700073242 351.8974774277 1823.0323641657 5
1650 0.0476474886 0.0432841654 274.4261774962 5824.8951915781 21.2257272419 81.2395706177 262.1256558773 1603.0703476207 5
2329.8401379049 0.0661479787 0.3532546406 377.2533677978 25369.0399246382 67.2466890693 336.0751647949 171.3872267703 2686.4353462708 5
2400 0.0841248699 0.2206096175 596.0419555114 37939.2555708483 63.6519882871 261.3481750488 535.6894085687 2447.7723534764 5
1600 0.0719075652 -0.0663225116 436.9436030304 12655.342134564 28.9633308436 103.7327041626 432.1297489466 1475.3715337125 5
